gene_oid	gene_length	feature_type	start_coord	end_coord
2514741562	161	cleavage	84	85
2514741564	266	cleavage	44	45
2514741565	425	cleavage	33	34
2514741567	413	cleavage	43	44
2514741571	81	cleavage	23	24
2514741572	55	cleavage	31	32
2514741575	218	cleavage	23	24
2514741577	330	cleavage	29	30
2514741581	154	cleavage	18	19
2514741582	101	cleavage	20	21
2514741583	391	cleavage	27	28
2514741584	331	cleavage	16	17
2514741589	317	cleavage	24	25
2514741591	453	cleavage	35	36
2514741592	276	cleavage	24	25
2514741595	487	cleavage	25	26
2514741596	242	cleavage	40	41
2514741601	748	cleavage	30	31
2514741602	901	cleavage	23	24
2514741603	295	cleavage	34	35
2514741606	337	cleavage	55	56
2514741613	431	cleavage	20	21
2514741614	558	cleavage	21	22
2514741623	49	cleavage	26	27
2514741626	217	cleavage	74	75
2514741629	307	cleavage	21	22
2514741630	264	cleavage	54	55
2514741635	377	cleavage	20	21
2514741637	507	cleavage	23	24
2514741640	140	cleavage	22	23
2514741641	81	cleavage	25	26
2514741642	76	cleavage	19	20
2514741643	104	cleavage	20	21
2514741644	91	cleavage	36	37
2514741648	149	cleavage	40	41
2514741657	355	cleavage	45	46
2514741660	177	cleavage	23	24
2514741691	330	cleavage	34	35
2514741692	146	cleavage	24	25
2514741694	60	cleavage	36	37
2514741701	1039	cleavage	31	32
2514741705	310	cleavage	24	25
2514741707	577	cleavage	22	23
2514741717	169	cleavage	25	26
2514741719	377	cleavage	23	24
2514741731	137	cleavage	34	35
2514741732	239	cleavage	17	18
2514741735	176	cleavage	28	29
2514741741	308	cleavage	64	65
2514741744	286	cleavage	33	34
2514741764	118	cleavage	21	22
2514741765	322	cleavage	32	33
2514741768	148	cleavage	23	24
2514741769	113	cleavage	46	47
2514741770	517	cleavage	19	20
2514741771	121	cleavage	21	22
2514741772	155	cleavage	28	29
2514741773	91	cleavage	33	34
2514741774	87	cleavage	24	25
2514741775	118	cleavage	20	21
2514741776	91	cleavage	37	38
2514741777	155	cleavage	27	28
2514741779	329	cleavage	19	20
2514741783	118	cleavage	24	25
2514741784	541	cleavage	16	17
2514741785	120	cleavage	19	20
2514741787	99	cleavage	21	22
2514741788	88	cleavage	62	63
2514741789	121	cleavage	21	22
2514741790	87	cleavage	36	37
2514741791	166	cleavage	27	28
2514741795	369	cleavage	23	24
2514741798	204	cleavage	18	19
2514741799	82	cleavage	22	23
2514741800	218	cleavage	43	44
2514741806	427	cleavage	56	57
2514741807	32	cleavage	28	29
2514741809	110	cleavage	26	27
2514741810	400	cleavage	27	28
2514741811	87	cleavage	22	23
2514741820	236	cleavage	30	31
2514741821	129	cleavage	24	25
2514741822	440	cleavage	17	18
2514741833	79	cleavage	19	20
2514741844	578	cleavage	23	24
2514741846	143	cleavage	20	21
2514741848	306	cleavage	18	19
2514741849	345	cleavage	19	20
2514741850	123	cleavage	22	23
2514741851	384	cleavage	66	67
2514741853	321	cleavage	25	26
2514741866	461	cleavage	22	23
2514741867	537	cleavage	30	31
2514741870	452	cleavage	66	67
2514741872	239	cleavage	21	22
2514741873	111	cleavage	33	34
2514741874	100	cleavage	27	28
2514741875	545	cleavage	22	23
2514741881	283	cleavage	40	41
2514741882	506	cleavage	30	31
2514741883	231	cleavage	16	17
2514741886	161	cleavage	31	32
2514741888	369	cleavage	26	27
2514741892	214	cleavage	24	25
2514741895	543	cleavage	29	30
2514741896	313	cleavage	31	32
2514741897	289	cleavage	39	40
2514741902	85	cleavage	33	34
2514741903	85	cleavage	29	30
2514741907	455	cleavage	19	20
2514741910	436	cleavage	22	23
2514741911	300	cleavage	30	31
2514741912	447	cleavage	39	40
2514741913	1089	cleavage	24	25
2514741915	84	cleavage	34	35
2514741916	155	cleavage	29	30
2514741917	166	cleavage	29	30
2514741918	462	cleavage	22	23
2514741920	162	cleavage	19	20
2514741931	263	cleavage	25	26
2514741932	135	cleavage	24	25
2514741933	528	cleavage	30	31
2514741935	376	cleavage	28	29
2514741941	282	cleavage	55	56
2514741942	339	cleavage	41	42
2514741943	525	cleavage	22	23
2514741945	195	cleavage	21	22
2514741947	103	cleavage	30	31
2514741951	408	cleavage	32	33
2514741952	530	cleavage	27	28
2514741953	172	cleavage	26	27
2514741956	354	cleavage	23	24
2514741958	379	cleavage	36	37
2514741959	500	cleavage	26	27
2514741960	263	cleavage	34	35
2514741961	63	cleavage	31	32
2514741968	343	cleavage	19	20
2514741970	271	cleavage	24	25
2514741971	212	cleavage	20	21
2514741972	299	cleavage	16	17
2514741983	82	cleavage	23	24
2514741997	393	cleavage	24	25
2514742000	288	cleavage	24	25
2514742002	487	cleavage	16	17
2514742004	174	cleavage	32	33
2514742011	292	cleavage	28	29
2514742012	335	cleavage	25	26
2514742013	105	cleavage	17	18
2514742014	301	cleavage	61	62
2514742022	334	cleavage	23	24
2514742023	329	cleavage	25	26
2514742030	177	cleavage	16	17
2514742035	62	cleavage	36	37
2514742063	314	cleavage	32	33
2514742064	974	cleavage	20	21
2514742069	165	cleavage	43	44
2514742072	531	cleavage	16	17
2514742073	427	cleavage	33	34
2514742075	291	cleavage	14	15
2514742079	371	cleavage	19	20
2514742080	54	cleavage	34	35
2514742087	536	cleavage	26	27
2514742090	155	cleavage	20	21
2514742091	548	cleavage	43	44
2514742092	578	cleavage	37	38
2514742102	96	cleavage	28	29
2514742104	209	cleavage	24	25
2514742106	271	cleavage	19	20
2514742116	168	cleavage	19	20
2514742120	297	cleavage	28	29
2514742127	273	cleavage	42	43
2514742132	445	cleavage	18	19
2514742140	185	cleavage	34	35
2514742141	424	cleavage	37	38
2514742143	119	cleavage	30	31
2514742145	126	cleavage	23	24
2514742146	126	cleavage	35	36
2514742152	351	cleavage	30	31
2514742165	373	cleavage	37	38
2514742175	57	cleavage	32	33
2514742177	289	cleavage	17	18
2514742186	483	cleavage	31	32
2514742187	339	cleavage	34	35
2514742188	329	cleavage	23	24
2514742193	463	cleavage	34	35
2514742199	104	cleavage	24	25
2514742207	210	cleavage	24	25
2514742209	273	cleavage	33	34
2514742211	515	cleavage	29	30
2514742233	696	cleavage	25	26
2514742234	118	cleavage	28	29
2514742249	374	cleavage	18	19
2514742255	230	cleavage	17	18
2514742256	81	cleavage	28	29
2514742257	392	cleavage	16	17
2514742272	402	cleavage	33	34
2514742273	73	cleavage	37	38
2514742292	281	cleavage	23	24
2514742305	54	cleavage	36	37
2514742309	740	cleavage	38	39
2514742312	233	cleavage	31	32
2514742313	144	cleavage	34	35
2514742314	158	cleavage	31	32
2514742315	492	cleavage	34	35
2514742316	697	cleavage	25	26
2514742317	836	cleavage	31	32
2514742324	328	cleavage	24	25
2514742329	80	cleavage	21	22
2514742330	252	cleavage	22	23
2514742331	634	cleavage	21	22
2514742332	336	cleavage	30	31
2514742334	427	cleavage	26	27
2514742335	168	cleavage	18	19
2514742336	680	cleavage	36	37
2514742339	366	cleavage	27	28
2514742340	344	cleavage	28	29
2514742358	363	cleavage	23	24
2514742371	345	cleavage	23	24
2514742374	202	cleavage	31	32
2514742375	435	cleavage	36	37
2514742376	628	cleavage	36	37
2514742379	151	cleavage	20	21
2514742394	89	cleavage	24	25
2514742399	185	cleavage	24	25
2514742400	622	cleavage	21	22
2514742402	428	cleavage	31	32
2514742405	299	cleavage	20	21
2514742407	120	cleavage	21	22
2514742418	285	cleavage	19	20
2514742419	170	cleavage	27	28
2514742420	253	cleavage	27	28
2514742436	192	cleavage	21	22
2514742437	424	cleavage	26	27
2514742439	557	cleavage	41	42
2514742454	364	cleavage	31	32
2514742457	124	cleavage	23	24
2514742459	366	cleavage	20	21
2514742469	113	cleavage	19	20
2514742483	270	cleavage	51	52
2514742488	286	cleavage	25	26
2514742495	232	cleavage	35	36
2514742517	278	cleavage	19	20
2514742518	381	cleavage	28	29
2514742520	254	cleavage	49	50
2514742534	192	cleavage	24	25
2514742541	232	cleavage	17	18
2514742543	579	cleavage	35	36
2514742544	172	cleavage	22	23
2514742546	189	cleavage	23	24
2514742547	235	cleavage	32	33
2514742550	496	cleavage	18	19
2514742551	227	cleavage	29	30
2514742557	441	cleavage	24	25
2514742558	454	cleavage	26	27
2514742559	286	cleavage	21	22
2514742561	118	cleavage	27	28
2514742563	405	cleavage	19	20
2514742572	166	cleavage	16	17
2514742582	280	cleavage	23	24
2514742585	288	cleavage	22	23
2514742595	311	cleavage	33	34
2514742619	262	cleavage	24	25
2514742620	717	cleavage	19	20
2514742623	193	cleavage	38	39
2514742631	472	cleavage	65	66
2514742637	415	cleavage	22	23
2514742641	431	cleavage	20	21
2514742642	558	cleavage	21	22
2514742651	49	cleavage	26	27
2514742654	217	cleavage	74	75
2514742657	307	cleavage	21	22
2514742658	264	cleavage	54	55
2514742663	377	cleavage	20	21
2514742665	507	cleavage	23	24
2514742668	140	cleavage	22	23
2514742669	81	cleavage	25	26
2514742670	76	cleavage	19	20
2514742671	104	cleavage	20	21
2514742672	91	cleavage	36	37
2514742681	107	cleavage	29	30
2514742695	272	cleavage	27	28
2514742702	284	cleavage	15	16
2514742705	68	cleavage	23	24
2514742707	466	cleavage	22	23
2514742708	238	cleavage	38	39
2514742710	256	cleavage	61	62
2514742712	303	cleavage	21	22
2514742713	451	cleavage	29	30
2514742722	118	cleavage	23	24
2514742723	117	cleavage	27	28
2514742724	246	cleavage	20	21
2514742728	115	cleavage	26	27
2514742730	365	cleavage	38	39
2514742732	109	cleavage	24	25
2514742735	297	cleavage	26	27
2514742749	277	cleavage	36	37
2514742750	284	cleavage	31	32
2514742751	437	cleavage	26	27
2514742761	49	cleavage	22	23
2514742769	425	cleavage	31	32
2514742780	183	cleavage	26	27
2514742791	269	cleavage	22	23
2514742792	227	cleavage	35	36
2514742793	253	cleavage	27	28
2514742794	101	cleavage	28	29
2514742795	196	cleavage	32	33
2514742798	168	cleavage	27	28
2514742799	82	cleavage	29	30
2514742800	137	cleavage	25	26
2514742801	91	cleavage	20	21
2514742802	237	cleavage	21	22
2514742803	113	cleavage	21	22
2514742804	494	cleavage	45	46
2514742805	617	cleavage	18	19
2514742806	309	cleavage	31	32
2514742815	76	cleavage	30	31
2514742818	532	cleavage	28	29
2514742821	74	cleavage	21	22
2514742825	593	cleavage	26	27
2514742843	155	cleavage	21	22
2514742858	550	cleavage	26	27
2514742864	680	cleavage	31	32
2514742871	1249	cleavage	25	26
2514742879	146	cleavage	25	26
2514742880	374	cleavage	24	25
2514742881	195	cleavage	56	57
2514742882	43	cleavage	23	24
2514742884	400	cleavage	25	26
2514742885	190	cleavage	17	18
2514742894	140	cleavage	21	22
2514742897	421	cleavage	31	32
2514742899	343	cleavage	40	41
2514742900	301	cleavage	26	27
2514742901	330	cleavage	20	21
2514742902	590	cleavage	20	21
2514742907	170	cleavage	39	40
2514742910	72	cleavage	29	30
2514742920	197	cleavage	27	28
2514742924	385	cleavage	24	25
2514742932	247	cleavage	29	30
2514742933	357	cleavage	24	25
2514742947	646	cleavage	26	27
2514742952	357	cleavage	27	28
2514742954	541	cleavage	27	28
2514742968	251	cleavage	37	38
2514742984	123	cleavage	24	25
2514742990	76	cleavage	16	17
2514742991	209	cleavage	25	26
2514742994	185	cleavage	22	23
2514743022	361	cleavage	20	21
2514743031	474	cleavage	19	20
2514743032	603	cleavage	23	24
2514743036	256	cleavage	18	19
2514743038	89	cleavage	78	79
2514743039	110	cleavage	17	18
2514743040	80	cleavage	16	17
2514743041	240	cleavage	18	19
2514743042	125	cleavage	24	25
2514743043	161	cleavage	29	30
2514743044	513	cleavage	35	36
2514743051	316	cleavage	22	23
2514743052	389	cleavage	52	53
2514743055	313	cleavage	20	21
2514743059	290	cleavage	37	38
2514743073	300	cleavage	34	35
2514743077	270	cleavage	28	29
2514743087	210	cleavage	30	31
2514743100	207	cleavage	37	38
2514743103	235	cleavage	29	30
2514743113	307	cleavage	36	37
2514743115	730	cleavage	22	23
2514743116	307	cleavage	66	67
2514743132	104	cleavage	24	25
2514743138	463	cleavage	34	35
2514743143	330	cleavage	24	25
2514743144	339	cleavage	34	35
2514743145	483	cleavage	31	32
2514743154	289	cleavage	17	18
2514743156	57	cleavage	32	33
2514743172	234	cleavage	24	25
2514743177	204	cleavage	18	19
2514743179	171	cleavage	20	21
2514743186	221	cleavage	38	39
2514743187	190	cleavage	20	21
2514743188	168	cleavage	34	35
2514743189	355	cleavage	37	38
2514743192	123	cleavage	37	38
2514743196	257	cleavage	40	41
2514743199	277	cleavage	35	36
2514743200	589	cleavage	30	31
2514743202	582	cleavage	22	23
2514743207	142	cleavage	27	28
2514743209	338	cleavage	35	36
2514743211	278	cleavage	35	36
2514743212	295	cleavage	38	39
2514743213	450	cleavage	36	37
2514743215	105	cleavage	22	23
2514743219	176	cleavage	38	39
2514743224	57	cleavage	23	24
2514743238	391	cleavage	25	26
2514743245	348	cleavage	36	37
2514743249	427	cleavage	25	26
2514743267	492	cleavage	83	84
2514743275	347	cleavage	25	26
2514743281	341	cleavage	36	37
2514743282	540	cleavage	34	35
2514743287	483	cleavage	25	26
2514743288	70	cleavage	31	32
2514743290	98	cleavage	28	29
2514743292	187	cleavage	35	36
2514743293	271	cleavage	81	82
2514743295	66	cleavage	27	28
2514743303	159	cleavage	26	27
2514743305	327	cleavage	40	41
2514743306	296	cleavage	46	47
2514743313	392	cleavage	25	26
2514743316	332	cleavage	36	37
2514743322	186	cleavage	26	27
2514743324	385	cleavage	9	10
2514743325	170	cleavage	25	26
2514743326	287	cleavage	38	39
2514743335	336	cleavage	19	20
2514743342	105	cleavage	25	26
2514743354	331	cleavage	24	25
2514743379	79	cleavage	44	45
2514743380	195	cleavage	18	19
2514743387	819	cleavage	29	30
2514743390	443	cleavage	36	37
2514743405	632	cleavage	25	26
2514743406	228	cleavage	32	33
2514743429	724	cleavage	29	30
2514743438	200	cleavage	30	31
2514743440	335	cleavage	23	24
2514743441	389	cleavage	44	45
2514743442	62	cleavage	22	23
2514743449	107	cleavage	39	40
2514743456	76	cleavage	46	47
2514743458	286	cleavage	23	24
2514743468	117	cleavage	30	31
2514743469	113	cleavage	32	33
2514743488	135	cleavage	20	21
2514743493	56	cleavage	35	36
2514743494	119	cleavage	31	32
2514743495	627	cleavage	24	25
2514743496	696	cleavage	52	53
2514743497	179	cleavage	38	39
2514743498	111	cleavage	22	23
2514743499	80	cleavage	16	17
2514743500	266	cleavage	24	25
2514743501	160	cleavage	35	36
2514743502	266	cleavage	25	26
2514743509	65	cleavage	26	27
2514743517	88	cleavage	22	23
2514743521	98	cleavage	31	32
2514743533	537	cleavage	22	23
2514743559	126	cleavage	31	32
2514743563	439	cleavage	32	33
2514743564	82	cleavage	21	22
2514743587	143	cleavage	33	34
2514743588	129	cleavage	43	44
2514743590	187	cleavage	27	28
2514743606	393	cleavage	19	20
2514743628	493	cleavage	26	27
2514743629	168	cleavage	24	25
2514743631	283	cleavage	29	30
2514743642	296	cleavage	46	47
2514743643	327	cleavage	40	41
2514743645	159	cleavage	26	27
2514743653	66	cleavage	27	28
2514743655	271	cleavage	81	82
2514743656	187	cleavage	35	36
2514743658	98	cleavage	28	29
2514743660	70	cleavage	31	32
2514743661	483	cleavage	25	26
2514743666	540	cleavage	34	35
2514743667	341	cleavage	36	37
2514743673	347	cleavage	25	26
2514743681	492	cleavage	83	84
2514743699	427	cleavage	25	26
2514743703	348	cleavage	36	37
2514743710	391	cleavage	25	26
2514743720	279	cleavage	31	32
2514743728	540	cleavage	27	28
2514743729	204	cleavage	20	21
2514743734	785	cleavage	31	32
2514743735	263	cleavage	33	34
2514743738	188	cleavage	23	24
2514743740	286	cleavage	34	35
2514743752	80	cleavage	24	25
2514743754	265	cleavage	22	23
2514743755	451	cleavage	22	23
2514743761	396	cleavage	27	28
2514743765	99	cleavage	24	25
2514743769	227	cleavage	31	32
2514743772	145	cleavage	22	23
2514743785	256	cleavage	41	42
2514743789	654	cleavage	24	25
2514743792	614	cleavage	41	42
2514743793	464	cleavage	25	26
2514743794	355	cleavage	24	25
2514743796	238	cleavage	23	24
2514743799	477	cleavage	20	21
2514743803	578	cleavage	32	33
2514743804	95	cleavage	20	21
2514743807	218	cleavage	18	19
2514743811	363	cleavage	16	17
2514743817	130	cleavage	45	46
2514743825	50	cleavage	16	17
2514743826	110	cleavage	19	20
2514743828	183	cleavage	27	28
2514743829	441	cleavage	18	19
2514743834	221	cleavage	32	33
2514743836	125	cleavage	25	26
2514743838	148	cleavage	25	26
2514743839	490	cleavage	38	39
2514743840	364	cleavage	26	27
2514743841	330	cleavage	36	37
2514743842	221	cleavage	58	59
2514743848	426	cleavage	17	18
2514743850	634	cleavage	20	21
2514743851	231	cleavage	30	31
2514743857	661	cleavage	32	33
2514743862	658	cleavage	29	30
2514743865	285	cleavage	24	25
2514743866	300	cleavage	32	33
2514743868	78	cleavage	23	24
2514743870	118	cleavage	21	22
2514743872	112	cleavage	23	24
2514743873	185	cleavage	28	29
2514743874	325	cleavage	21	22
2514743887	250	cleavage	27	28
2514743891	240	cleavage	26	27
2514743892	81	cleavage	21	22
2514743894	241	cleavage	41	42
2514743895	170	cleavage	27	28
2514743897	422	cleavage	20	21
2514743902	152	cleavage	46	47
2514743903	161	cleavage	34	35
2514743910	640	cleavage	20	21
2514743914	156	cleavage	28	29
2514743915	170	cleavage	26	27
2514743917	252	cleavage	25	26
2514743918	315	cleavage	29	30
2514743929	69	cleavage	29	30
2514743931	240	cleavage	29	30
2514743932	427	cleavage	20	21
2514743937	137	cleavage	46	47
2514743940	141	cleavage	22	23
2514743941	279	cleavage	24	25
2514743948	298	cleavage	27	28
2514743949	423	cleavage	30	31
2514743953	417	cleavage	26	27
2514743954	343	cleavage	27	28
2514743957	393	cleavage	28	29
2514743958	493	cleavage	28	29
2514743960	306	cleavage	36	37
2514743961	276	cleavage	39	40
2514743965	404	cleavage	39	40
2514743979	467	cleavage	19	20
2514743980	455	cleavage	21	22
2514743983	198	cleavage	27	28
2514743988	213	cleavage	82	83
2514743999	277	cleavage	27	28
2514744001	351	cleavage	21	22
2514744003	395	cleavage	40	41
2514744012	34	cleavage	30	31
2514744022	254	cleavage	25	26
2514744025	439	cleavage	26	27
2514744032	400	cleavage	29	30
2514744038	559	cleavage	20	21
2514744042	283	cleavage	22	23
2514744044	156	cleavage	27	28
2514744045	335	cleavage	35	36
2514744047	480	cleavage	39	40
2514744048	353	cleavage	30	31
2514744049	932	cleavage	27	28
2514744062	71	cleavage	26	27
2514744087	270	cleavage	23	24
2514744099	278	cleavage	15	16
2514744102	828	cleavage	34	35
2514744111	1146	cleavage	32	33
