gene_oid	gene_length	feature_type	start_coord	end_coord
2522051544	216	cleavage	21	22
2522051546	265	cleavage	25	26
2522051567	533	cleavage	28	29
2522051587	441	cleavage	24	25
2522051588	350	cleavage	28	29
2522051589	284	cleavage	22	23
2522051590	390	cleavage	46	47
2522051592	241	cleavage	22	23
2522051609	336	cleavage	29	30
2522051617	463	cleavage	20	21
2522051620	251	cleavage	33	34
2522051627	277	cleavage	36	37
2522051628	282	cleavage	29	30
2522051629	428	cleavage	34	35
2522051633	268	cleavage	22	23
2522051637	238	cleavage	25	26
2522051638	205	cleavage	38	39
2522051640	168	cleavage	46	47
2522051647	297	cleavage	32	33
2522051659	298	cleavage	26	27
2522051669	165	cleavage	26	27
2522051671	332	cleavage	17	18
2522051682	237	cleavage	17	18
2522051688	447	cleavage	19	20
2522051689	277	cleavage	22	23
2522051695	245	cleavage	28	29
2522051700	230	cleavage	16	17
2522051701	349	cleavage	28	29
2522051720	350	cleavage	19	20
2522051721	326	cleavage	21	22
2522051722	231	cleavage	34	35
2522051723	239	cleavage	17	18
2522051727	281	cleavage	23	24
2522051730	70	cleavage	21	22
2522051739	73	cleavage	29	30
2522051740	184	cleavage	26	27
2522051741	118	cleavage	26	27
2522051742	89	cleavage	25	26
2522051743	96	cleavage	22	23
2522051748	488	cleavage	16	17
2522051751	280	cleavage	28	29
2522051752	454	cleavage	62	63
2522051753	299	cleavage	30	31
2522051754	401	cleavage	44	45
2522051755	1361	cleavage	24	25
2522051762	201	cleavage	76	77
2522051769	58	cleavage	28	29
2522051770	294	cleavage	25	26
2522051789	239	cleavage	20	21
2522051796	238	cleavage	43	44
2522051805	377	cleavage	33	34
2522051806	309	cleavage	42	43
2522051814	360	cleavage	34	35
2522051817	289	cleavage	39	40
2522051818	312	cleavage	31	32
2522051819	540	cleavage	28	29
2522051830	296	cleavage	32	33
2522051836	199	cleavage	24	25
2522051838	239	cleavage	32	33
2522051846	386	cleavage	49	50
2522051847	310	cleavage	31	32
2522051850	263	cleavage	33	34
2522051851	182	cleavage	39	40
2522051857	360	cleavage	48	49
2522051860	351	cleavage	30	31
2522051863	189	cleavage	32	33
2522051867	374	cleavage	26	27
2522051870	341	cleavage	29	30
2522051871	245	cleavage	24	25
2522051873	282	cleavage	25	26
2522051874	505	cleavage	32	33
2522051875	227	cleavage	16	17
2522051878	159	cleavage	31	32
2522051880	370	cleavage	26	27
2522051889	189	cleavage	25	26
2522051893	828	cleavage	27	28
2522051894	349	cleavage	27	28
2522051895	476	cleavage	40	41
2522051897	335	cleavage	35	36
2522051898	177	cleavage	28	29
2522051903	56	cleavage	27	28
2522051914	893	cleavage	30	31
2522051951	330	cleavage	18	19
2522051953	50	cleavage	32	33
2522051962	903	cleavage	24	25
2522051963	745	cleavage	28	29
2522051967	249	cleavage	18	19
2522051972	151	cleavage	32	33
2522051977	167	cleavage	32	33
2522051979	380	cleavage	18	19
2522051993	198	cleavage	21	22
2522051994	910	cleavage	26	27
2522051995	822	cleavage	24	25
2522051997	291	cleavage	26	27
2522052003	294	cleavage	22	23
2522052005	333	cleavage	25	26
2522052013	702	cleavage	19	20
2522052016	510	cleavage	37	38
2522052034	299	cleavage	22	23
2522052043	99	cleavage	33	34
2522052044	220	cleavage	17	18
2522052047	339	cleavage	27	28
2522052050	395	cleavage	18	19
2522052051	276	cleavage	22	23
2522052052	399	cleavage	28	29
2522052055	952	cleavage	21	22
2522052065	320	cleavage	22	23
2522052068	80	cleavage	21	22
2522052070	594	cleavage	19	20
2522052071	344	cleavage	27	28
2522052073	420	cleavage	18	19
2522052074	177	cleavage	18	19
2522052082	315	cleavage	28	29
2522052085	396	cleavage	27	28
2522052093	748	cleavage	29	30
2522052094	253	cleavage	27	28
2522052103	634	cleavage	23	24
2522052104	330	cleavage	23	24
2522052105	304	cleavage	37	38
2522052111	352	cleavage	50	51
2522052114	254	cleavage	49	50
2522052118	323	cleavage	19	20
2522052120	145	cleavage	20	21
2522052129	117	cleavage	34	35
2522052135	321	cleavage	24	25
2522052145	210	cleavage	26	27
2522052146	210	cleavage	29	30
2522052147	203	cleavage	25	26
2522052148	259	cleavage	24	25
2522052152	158	cleavage	28	29
2522052156	657	cleavage	19	20
2522052157	310	cleavage	24	25
2522052158	148	cleavage	18	19
2522052159	324	cleavage	31	32
2522052160	176	cleavage	22	23
2522052161	201	cleavage	26	27
2522052170	281	cleavage	30	31
2522052172	184	cleavage	24	25
2522052177	529	cleavage	20	21
2522052187	429	cleavage	29	30
2522052189	54	cleavage	24	25
2522052190	398	cleavage	23	24
2522052196	351	cleavage	16	17
2522052198	234	cleavage	20	21
2522052201	531	cleavage	22	23
2522052206	385	cleavage	49	50
2522052208	194	cleavage	29	30
2522052215	295	cleavage	19	20
2522052225	285	cleavage	20	21
2522052226	332	cleavage	20	21
2522052228	254	cleavage	27	28
2522052237	259	cleavage	36	37
2522052244	333	cleavage	36	37
2522052247	64	cleavage	22	23
2522052248	668	cleavage	35	36
2522052249	723	cleavage	18	19
2522052255	269	cleavage	25	26
2522052256	134	cleavage	18	19
2522052258	415	cleavage	29	30
2522052259	137	cleavage	41	42
2522052260	396	cleavage	28	29
2522052261	87	cleavage	22	23
2522052269	648	cleavage	29	30
2522052271	429	cleavage	27	28
2522052277	200	cleavage	23	24
2522052285	393	cleavage	29	30
2522052289	321	cleavage	22	23
2522052303	386	cleavage	35	36
2522052304	297	cleavage	21	22
2522052311	80	cleavage	56	57
2522052313	150	cleavage	25	26
2522052314	250	cleavage	25	26
2522052315	335	cleavage	12	13
2522052318	124	cleavage	23	24
2522052327	94	cleavage	34	35
2522052328	307	cleavage	19	20
2522052331	416	cleavage	19	20
2522052337	234	cleavage	27	28
2522052339	289	cleavage	21	22
2522052341	322	cleavage	31	32
2522052343	205	cleavage	25	26
2522052345	320	cleavage	19	20
2522052347	329	cleavage	41	42
2522052374	289	cleavage	31	32
2522052389	333	cleavage	33	34
2522052390	373	cleavage	31	32
2522052392	237	cleavage	43	44
2522052398	569	cleavage	22	23
2522052402	215	cleavage	19	20
2522052404	102	cleavage	35	36
2522052425	433	cleavage	33	34
2522052437	340	cleavage	19	20
2522052439	774	cleavage	29	30
2522052444	171	cleavage	25	26
2522052446	172	cleavage	27	28
2522052447	211	cleavage	30	31
2522052448	181	cleavage	22	23
2522052464	252	cleavage	22	23
2522052465	390	cleavage	93	94
2522052476	233	cleavage	35	36
2522052487	255	cleavage	37	38
2522052502	176	cleavage	19	20
2522052545	492	cleavage	84	85
2522052548	327	cleavage	24	25
2522052549	287	cleavage	25	26
2522052554	264	cleavage	33	34
2522052555	256	cleavage	33	34
2522052557	4488	cleavage	22	23
2522052570	335	cleavage	23	24
2522052578	263	cleavage	21	22
2522052579	339	cleavage	41	42
2522052580	521	cleavage	31	32
2522052590	257	cleavage	16	17
2522052597	429	cleavage	33	34
2522052599	404	cleavage	22	23
2522052605	401	cleavage	18	19
2522052615	134	cleavage	35	36
2522052625	297	cleavage	32	33
2522052628	143	cleavage	30	31
2522052643	331	cleavage	22	23
2522052644	396	cleavage	26	27
2522052647	394	cleavage	30	31
2522052649	185	cleavage	34	35
2522052654	81	cleavage	44	45
2522052655	197	cleavage	18	19
2522052656	317	cleavage	35	36
2522052660	410	cleavage	44	45
2522052667	212	cleavage	19	20
2522052674	320	cleavage	24	25
2522052675	424	cleavage	25	26
2522052691	270	cleavage	29	30
2522052693	388	cleavage	30	31
2522052703	188	cleavage	29	30
2522052705	317	cleavage	18	19
2522052718	75	cleavage	29	30
2522052726	488	cleavage	22	23
2522052731	90	cleavage	21	22
2522052732	201	cleavage	51	52
2522052736	157	cleavage	29	30
2522052737	152	cleavage	24	25
2522052743	113	cleavage	36	37
2522052763	192	cleavage	22	23
2522052769	193	cleavage	32	33
2522052782	99	cleavage	22	23
2522052786	477	cleavage	23	24
2522052788	330	cleavage	35	36
2522052789	735	cleavage	23	24
2522052791	323	cleavage	35	36
2522052794	480	cleavage	28	29
2522052801	148	cleavage	28	29
2522052808	351	cleavage	30	31
2522052814	1068	cleavage	30	31
2522052816	570	cleavage	35	36
2522052817	166	cleavage	24	25
2522052818	151	cleavage	34	35
2522052819	205	cleavage	31	32
2522052822	687	cleavage	99	100
2522052826	521	cleavage	26	27
2522052855	97	cleavage	39	40
2522052860	425	cleavage	38	39
2522052865	339	cleavage	37	38
2522052871	168	cleavage	30	31
2522052873	123	cleavage	88	89
2522052874	94	cleavage	30	31
2522052875	235	cleavage	28	29
2522052877	493	cleavage	23	24
2522052878	618	cleavage	29	30
2522052879	309	cleavage	31	32
2522052880	192	cleavage	30	31
2522052886	637	cleavage	22	23
2522052889	321	cleavage	33	34
2522052893	115	cleavage	28	29
2522052894	510	cleavage	28	29
2522052895	117	cleavage	19	20
2522052897	100	cleavage	32	33
2522052898	85	cleavage	35	36
2522052899	123	cleavage	25	26
2522052900	84	cleavage	33	34
2522052901	167	cleavage	23	24
2522052904	424	cleavage	25	26
2522052905	292	cleavage	25	26
2522052906	281	cleavage	35	36
2522052909	189	cleavage	26	27
2522052915	326	cleavage	29	30
2522052918	332	cleavage	40	41
2522052919	716	cleavage	32	33
2522052927	251	cleavage	24	25
2522052928	611	cleavage	25	26
2522052931	305	cleavage	22	23
2522052956	289	cleavage	26	27
2522052960	281	cleavage	18	19
2522052964	196	cleavage	23	24
2522052968	443	cleavage	32	33
2522052972	254	cleavage	41	42
2522052982	440	cleavage	26	27
2522052984	268	cleavage	24	25
2522052991	62	cleavage	36	37
2522053003	419	cleavage	43	44
2522053005	123	cleavage	30	31
2522053007	156	cleavage	17	18
2522053009	279	cleavage	28	29
2522053014	118	cleavage	28	29
2522053024	206	cleavage	33	34
2522053029	264	cleavage	19	20
2522053043	325	cleavage	25	26
2522053045	300	cleavage	43	44
2522053057	107	cleavage	39	40
2522053059	264	cleavage	18	19
2522053067	75	cleavage	15	16
2522053072	81	cleavage	25	26
2522053084	135	cleavage	20	21
2522053089	453	cleavage	45	46
2522053091	277	cleavage	34	35
2522053093	166	cleavage	18	19
2522053097	185	cleavage	28	29
2522053102	333	cleavage	27	28
2522053107	57	cleavage	23	24
2522053126	513	cleavage	34	35
2522053128	276	cleavage	32	33
2522053133	203	cleavage	23	24
2522053135	352	cleavage	27	28
2522053136	180	cleavage	26	27
2522053139	170	cleavage	25	26
2522053140	280	cleavage	37	38
2522053147	373	cleavage	24	25
2522053148	375	cleavage	25	26
2522053158	233	cleavage	28	29
2522053163	359	cleavage	29	30
2522053182	299	cleavage	18	19
2522053183	214	cleavage	16	17
2522053187	138	cleavage	21	22
2522053188	267	cleavage	23	24
2522053189	1052	cleavage	21	22
2522053199	1331	cleavage	27	28
2522053203	357	cleavage	16	17
2522053208	302	cleavage	23	24
2522053209	330	cleavage	22	23
2522053211	403	cleavage	28	29
2522053212	274	cleavage	22	23
2522053218	206	cleavage	22	23
2522053235	158	cleavage	28	29
2522053237	260	cleavage	26	27
2522053244	293	cleavage	30	31
2522053249	288	cleavage	19	20
2522053252	570	cleavage	35	36
2522053255	374	cleavage	27	28
2522053256	245	cleavage	50	51
2522053270	377	cleavage	15	16
2522053271	153	cleavage	18	19
2522053284	243	cleavage	20	21
2522053297	361	cleavage	20	21
2522053306	157	cleavage	19	20
2522053311	537	cleavage	22	23
2522053315	109	cleavage	22	23
2522053316	224	cleavage	21	22
2522053317	195	cleavage	29	30
2522053330	337	cleavage	28	29
2522053331	254	cleavage	25	26
2522053332	493	cleavage	31	32
2522053344	480	cleavage	22	23
2522053348	71	cleavage	18	19
2522053356	342	cleavage	25	26
2522053362	260	cleavage	27	28
2522053364	240	cleavage	24	25
2522053365	255	cleavage	42	43
2522053368	503	cleavage	31	32
2522053378	528	cleavage	23	24
