gene_oid	gene_length	feature_type	start_coord	end_coord
638206145	149	cleavage	35	36
638206156	354	cleavage	29	30
638206177	425	cleavage	23	24
638206180	294	cleavage	28	29
638206181	580	cleavage	29	30
638206182	258	cleavage	28	29
638206183	219	cleavage	25	26
638206184	275	cleavage	24	25
638206187	174	cleavage	26	27
638206188	161	cleavage	28	29
638206192	664	cleavage	24	25
638206197	55	cleavage	29	30
638206204	532	cleavage	21	22
638206217	588	cleavage	27	28
638206218	445	cleavage	26	27
638206219	524	cleavage	23	24
638206220	47	cleavage	20	21
638206222	130	cleavage	21	22
638206223	238	cleavage	23	24
638206224	199	cleavage	22	23
638206226	106	cleavage	20	21
638206231	378	cleavage	23	24
638206233	478	cleavage	24	25
638206234	447	cleavage	30	31
638206236	84	cleavage	32	33
638206252	200	cleavage	30	31
638206259	538	cleavage	23	24
638206267	414	cleavage	46	47
638206286	334	cleavage	25	26
638206300	742	cleavage	23	24
638206306	145	cleavage	23	24
638206308	573	cleavage	24	25
638206309	342	cleavage	21	22
638206310	137	cleavage	31	32
638206359	576	cleavage	25	26
638206379	403	cleavage	35	36
638206408	271	cleavage	16	17
638206418	262	cleavage	20	21
638206440	163	cleavage	27	28
638206443	466	cleavage	21	22
638206446	442	cleavage	20	21
638206447	439	cleavage	20	21
638206449	583	cleavage	32	33
638206471	117	cleavage	19	20
638206472	359	cleavage	26	27
638206473	356	cleavage	21	22
638206475	152	cleavage	21	22
638206497	447	cleavage	25	26
638206498	268	cleavage	21	22
638206500	82	cleavage	27	28
638206506	708	cleavage	20	21
638206535	117	cleavage	23	24
638206536	628	cleavage	24	25
638206537	712	cleavage	49	50
638206539	111	cleavage	26	27
638206541	267	cleavage	27	28
638206542	160	cleavage	35	36
638206543	155	cleavage	20	21
638206544	266	cleavage	20	21
638206548	323	cleavage	29	30
638206549	380	cleavage	25	26
638206568	86	cleavage	25	26
638206578	255	cleavage	24	25
638206595	360	cleavage	32	33
638206618	440	cleavage	33	34
638206619	1068	cleavage	26	27
638206634	471	cleavage	22	23
638206645	697	cleavage	21	22
638206668	123	cleavage	19	20
638206676	435	cleavage	27	28
638206724	358	cleavage	27	28
638206725	484	cleavage	21	22
638206729	670	cleavage	24	25
638206758	266	cleavage	20	21
638206759	155	cleavage	20	21
638206760	160	cleavage	35	36
638206761	267	cleavage	27	28
638206763	111	cleavage	26	27
638206765	712	cleavage	49	50
638206766	628	cleavage	24	25
638206767	117	cleavage	23	24
638206769	46	cleavage	23	24
638206779	157	cleavage	23	24
638206782	495	cleavage	19	20
638206785	375	cleavage	29	30
638206787	438	cleavage	20	21
638206796	747	cleavage	34	35
638206815	430	cleavage	22	23
638206818	303	cleavage	26	27
638206819	333	cleavage	24	25
638206820	710	cleavage	21	22
638206824	182	cleavage	22	23
638206834	554	cleavage	34	35
638206835	290	cleavage	28	29
638206838	277	cleavage	32	33
638206846	213	cleavage	20	21
638206864	544	cleavage	21	22
638206867	253	cleavage	19	20
638206875	272	cleavage	24	25
638206876	265	cleavage	23	24
638206886	385	cleavage	22	23
638206900	188	cleavage	18	19
638206909	217	cleavage	24	25
638206915	380	cleavage	26	27
638206920	306	cleavage	22	23
638206925	122	cleavage	29	30
638206978	39	cleavage	23	24
638206983	94	cleavage	45	46
638207000	231	cleavage	23	24
638207025	351	cleavage	34	35
638207046	573	cleavage	30	31
638207055	612	cleavage	25	26
638207056	259	cleavage	23	24
638207095	337	cleavage	27	28
638207096	150	cleavage	20	21
638207140	171	cleavage	28	29
638207145	470	cleavage	28	29
638207181	134	cleavage	28	29
638207185	430	cleavage	25	26
638207207	1319	cleavage	21	22
638207211	320	cleavage	21	22
638207212	350	cleavage	24	25
638207252	122	cleavage	27	28
638207258	193	cleavage	26	27
638207266	82	cleavage	22	23
638207269	445	cleavage	24	25
638207291	288	cleavage	38	39
638207314	737	cleavage	26	27
638207317	288	cleavage	20	21
638207328	334	cleavage	25	26
638207340	526	cleavage	24	25
638207357	293	cleavage	38	39
638207366	229	cleavage	33	34
638207370	182	cleavage	20	21
638207373	194	cleavage	22	23
638207374	242	cleavage	22	23
638207383	297	cleavage	33	34
638207387	238	cleavage	26	27
638207394	184	cleavage	23	24
638207398	182	cleavage	26	27
638207410	131	cleavage	26	27
638207411	135	cleavage	40	41
638207434	288	cleavage	19	20
638207438	87	cleavage	28	29
638207444	546	cleavage	24	25
638207465	1103	cleavage	29	30
638207478	402	cleavage	22	23
638207497	68	cleavage	24	25
638207520	66	cleavage	21	22
638207552	431	cleavage	22	23
638207553	204	cleavage	24	25
638207555	193	cleavage	24	25
638207560	219	cleavage	24	25
638207561	268	cleavage	21	22
638207563	413	cleavage	22	23
638207564	496	cleavage	18	19
638207571	443	cleavage	34	35
638207572	292	cleavage	22	23
638207573	269	cleavage	21	22
638207607	519	cleavage	24	25
638207616	262	cleavage	20	21
638207628	348	cleavage	21	22
638207634	397	cleavage	25	26
638207638	409	cleavage	38	39
638207642	214	cleavage	33	34
638207724	346	cleavage	20	21
638207729	387	cleavage	26	27
638207734	753	cleavage	22	23
638207736	426	cleavage	30	31
638207737	165	cleavage	42	43
638207739	488	cleavage	25	26
638207745	316	cleavage	28	29
638207748	476	cleavage	26	27
638207753	154	cleavage	19	20
638207757	257	cleavage	24	25
638207759	645	cleavage	21	22
638207764	128	cleavage	24	25
638207765	245	cleavage	22	23
638207770	138	cleavage	18	19
638207772	540	cleavage	23	24
638207777	506	cleavage	30	31
638207781	161	cleavage	34	35
638207836	161	cleavage	23	24
638207842	216	cleavage	27	28
638207845	372	cleavage	22	23
638207846	863	cleavage	27	28
638207847	829	cleavage	27	28
638207849	147	cleavage	34	35
638207853	745	cleavage	24	25
638207858	422	cleavage	24	25
638207861	500	cleavage	26	27
638207875	663	cleavage	23	24
638207876	584	cleavage	26	27
638207881	57	cleavage	39	40
638207887	320	cleavage	32	33
638207890	179	cleavage	19	20
638207891	198	cleavage	21	22
638207913	1242	cleavage	24	25
638207917	482	cleavage	19	20
638207928	469	cleavage	27	28
638207929	405	cleavage	24	25
638207934	275	cleavage	23	24
638207939	419	cleavage	24	25
638207947	314	cleavage	43	44
638207949	626	cleavage	25	26
638207954	1215	cleavage	30	31
638207960	448	cleavage	22	23
638207961	300	cleavage	17	18
638207963	1100	cleavage	27	28
638207968	624	cleavage	36	37
638207971	426	cleavage	20	21
638207972	330	cleavage	26	27
638207977	385	cleavage	19	20
638207983	541	cleavage	26	27
638207987	287	cleavage	22	23
638207989	168	cleavage	29	30
638207992	473	cleavage	39	40
638207993	349	cleavage	32	33
638207994	815	cleavage	19	20
638208002	81	cleavage	31	32
638208008	198	cleavage	19	20
638208019	445	cleavage	22	23
638208029	1110	cleavage	19	20
638208038	278	cleavage	23	24
638208044	282	cleavage	25	26
638208048	648	cleavage	36	37
638208050	416	cleavage	19	20
638208051	344	cleavage	28	29
638208054	383	cleavage	21	22
638208061	129	cleavage	24	25
638208063	618	cleavage	22	23
638208074	461	cleavage	21	22
638208075	207	cleavage	20	21
638208078	332	cleavage	24	25
638208079	141	cleavage	26	27
638208083	248	cleavage	27	28
638208090	343	cleavage	46	47
638208096	192	cleavage	21	22
638208111	235	cleavage	33	34
638208115	243	cleavage	29	30
638208120	204	cleavage	23	24
638208130	149	cleavage	20	21
638208132	366	cleavage	37	38
638208135	607	cleavage	24	25
638208141	136	cleavage	26	27
638208142	183	cleavage	27	28
638208143	426	cleavage	25	26
638208150	277	cleavage	30	31
638208164	309	cleavage	22	23
638208165	155	cleavage	33	34
638208167	174	cleavage	30	31
638208168	343	cleavage	19	20
638208181	315	cleavage	19	20
638208209	860	cleavage	25	26
638208210	244	cleavage	27	28
638208211	330	cleavage	23	24
638208214	377	cleavage	26	27
638208215	344	cleavage	30	31
638208218	454	cleavage	20	21
638208232	275	cleavage	19	20
638208234	189	cleavage	34	35
638208242	466	cleavage	21	22
638208244	992	cleavage	47	48
638208253	394	cleavage	26	27
638208254	337	cleavage	31	32
638208255	115	cleavage	23	24
638208257	406	cleavage	21	22
638208258	549	cleavage	20	21
638208280	98	cleavage	21	22
638208283	514	cleavage	27	28
638208288	328	cleavage	22	23
638208312	289	cleavage	33	34
638208315	171	cleavage	22	23
638208316	307	cleavage	28	29
638208345	769	cleavage	29	30
638208361	215	cleavage	41	42
638208368	643	cleavage	23	24
638208372	713	cleavage	20	21
638208374	314	cleavage	25	26
638208375	198	cleavage	20	21
638208376	324	cleavage	26	27
638208377	291	cleavage	23	24
638208378	1256	cleavage	24	25
638208380	834	cleavage	23	24
638208383	134	cleavage	29	30
638208384	237	cleavage	23	24
638208386	140	cleavage	24	25
638208387	352	cleavage	52	53
638208388	437	cleavage	37	38
638208389	142	cleavage	25	26
638208394	207	cleavage	20	21
638208404	398	cleavage	27	28
638208406	367	cleavage	23	24
638208409	337	cleavage	27	28
638208435	239	cleavage	38	39
638208455	378	cleavage	22	23
638208462	259	cleavage	28	29
638208469	716	cleavage	30	31
638208472	105	cleavage	24	25
