gene_oid	gene_length	feature_type	start_coord	end_coord
650829913	714	cleavage	62	63
650829914	332	cleavage	40	41
650829917	327	cleavage	30	31
650829927	167	cleavage	23	24
650829928	84	cleavage	33	34
650829929	122	cleavage	23	24
650829930	84	cleavage	35	36
650829931	99	cleavage	26	27
650829934	510	cleavage	30	31
650829935	115	cleavage	28	29
650829939	321	cleavage	33	34
650829942	638	cleavage	22	23
650829943	401	cleavage	30	31
650829947	192	cleavage	30	31
650829948	309	cleavage	31	32
650829949	617	cleavage	18	19
650829950	494	cleavage	23	24
650829952	234	cleavage	29	30
650829953	94	cleavage	30	31
650829954	120	cleavage	88	89
650829955	84	cleavage	18	19
650829956	168	cleavage	34	35
650829960	573	cleavage	33	34
650829971	119	cleavage	23	24
650829984	338	cleavage	23	24
650829986	175	cleavage	46	47
650829988	287	cleavage	35	36
650829993	285	cleavage	16	17
650829995	72	cleavage	20	21
650829999	192	cleavage	29	30
650830002	443	cleavage	32	33
650830005	254	cleavage	41	42
650830006	124	cleavage	19	20
650830011	439	cleavage	26	27
650830012	439	cleavage	21	22
650830013	265	cleavage	24	25
650830020	62	cleavage	36	37
650830032	422	cleavage	37	38
650830034	115	cleavage	25	26
650830036	151	cleavage	19	20
650830042	118	cleavage	28	29
650830052	206	cleavage	32	33
650830062	329	cleavage	22	23
650830065	316	cleavage	24	25
650830066	170	cleavage	20	21
650830069	194	cleavage	21	22
650830077	329	cleavage	27	28
650830079	338	cleavage	27	28
650830091	118	cleavage	19	20
650830093	261	cleavage	21	22
650830099	425	cleavage	17	18
650830106	82	cleavage	26	27
650830112	158	cleavage	24	25
650830117	151	cleavage	33	34
650830120	418	cleavage	23	24
650830122	185	cleavage	33	34
650830129	145	cleavage	30	31
650830130	277	cleavage	25	26
650830136	57	cleavage	23	24
650830149	167	cleavage	28	29
650830154	506	cleavage	34	35
650830158	302	cleavage	26	27
650830160	378	cleavage	28	29
650830171	188	cleavage	19	20
650830172	153	cleavage	17	18
650830173	350	cleavage	24	25
650830174	181	cleavage	26	27
650830177	170	cleavage	25	26
650830178	280	cleavage	37	38
650830185	362	cleavage	23	24
650830186	362	cleavage	25	26
650830189	259	cleavage	22	23
650830192	214	cleavage	23	24
650830194	307	cleavage	26	27
650830198	270	cleavage	22	23
650830199	318	cleavage	19	20
650830203	355	cleavage	16	17
650830221	240	cleavage	25	26
650830225	376	cleavage	28	29
650830227	261	cleavage	21	22
650830228	229	cleavage	20	21
650830237	302	cleavage	23	24
650830240	402	cleavage	29	30
650830259	288	cleavage	25	26
650830265	245	cleavage	25	26
650830268	412	cleavage	28	29
650830269	306	cleavage	24	25
650830280	377	cleavage	15	16
650830307	362	cleavage	20	21
650830315	156	cleavage	35	36
650830316	198	cleavage	21	22
650830317	84	cleavage	32	33
650830320	537	cleavage	30	31
650830322	123	cleavage	37	38
650830325	109	cleavage	20	21
650830337	493	cleavage	31	32
650830339	329	cleavage	38	39
650830340	390	cleavage	25	26
650830351	86	cleavage	33	34
650830359	338	cleavage	57	58
650830360	478	cleavage	23	24
650830364	80	cleavage	23	24
650830368	272	cleavage	41	42
650830369	267	cleavage	41	42
650830372	504	cleavage	29	30
650830395	341	cleavage	35	36
650830408	284	cleavage	45	46
650830409	341	cleavage	36	37
650830410	538	cleavage	30	31
650830413	526	cleavage	30	31
650830423	1059	cleavage	18	19
650830430	136	cleavage	37	38
650830433	533	cleavage	28	29
650830462	395	cleavage	24	25
650830463	462	cleavage	20	21
650830470	348	cleavage	25	26
650830471	372	cleavage	28	29
650830472	236	cleavage	27	28
650830482	69	cleavage	30	31
650830486	207	cleavage	38	39
650830487	49	cleavage	40	41
650830488	241	cleavage	41	42
650830512	582	cleavage	22	23
650830514	366	cleavage	21	22
650830515	569	cleavage	22	23
650830517	563	cleavage	44	45
650830536	444	cleavage	30	31
650830537	280	cleavage	26	27
650830538	202	cleavage	16	17
650830543	276	cleavage	23	24
650830551	239	cleavage	17	18
650830553	337	cleavage	21	22
650830554	330	cleavage	28	29
650830555	454	cleavage	28	29
650830560	293	cleavage	27	28
650830561	30	cleavage	24	25
650830574	256	cleavage	26	27
650830592	375	cleavage	14	15
650830597	395	cleavage	21	22
650830599	554	cleavage	32	33
650830600	310	cleavage	24	25
650830601	277	cleavage	32	33
650830616	337	cleavage	19	20
650830618	380	cleavage	31	32
650830619	248	cleavage	31	32
650830623	168	cleavage	27	28
650830626	493	cleavage	23	24
650830628	238	cleavage	43	44
650830630	393	cleavage	24	25
650830637	230	cleavage	32	33
650830649	289	cleavage	36	37
650830650	312	cleavage	31	32
650830651	544	cleavage	30	31
650830661	296	cleavage	19	20
650830667	199	cleavage	24	25
650830677	387	cleavage	30	31
650830678	310	cleavage	29	30
650830679	191	cleavage	37	38
650830685	238	cleavage	39	40
650830691	264	cleavage	24	25
650830695	350	cleavage	23	24
650830700	190	cleavage	27	28
650830704	376	cleavage	22	23
650830709	170	cleavage	18	19
650830710	234	cleavage	15	16
650830711	58	cleavage	22	23
650830725	488	cleavage	16	17
650830729	280	cleavage	28	29
650830736	263	cleavage	33	34
650830757	334	cleavage	21	22
650830758	242	cleavage	25	26
650830761	505	cleavage	32	33
650830762	228	cleavage	16	17
650830764	659	cleavage	34	35
650830765	159	cleavage	31	32
650830767	370	cleavage	15	16
650830773	252	cleavage	34	35
650830779	820	cleavage	26	27
650830780	349	cleavage	27	28
650830781	474	cleavage	39	40
650830783	335	cleavage	35	36
650830784	177	cleavage	26	27
650830809	437	cleavage	23	24
650830829	51	cleavage	32	33
650830838	901	cleavage	22	23
650830839	747	cleavage	30	31
650830843	100	cleavage	29	30
650830848	150	cleavage	28	29
650830849	717	cleavage	30	31
650830852	164	cleavage	56	57
650830854	380	cleavage	28	29
650830863	1159	cleavage	36	37
650830866	240	cleavage	22	23
650830869	364	cleavage	24	25
650830878	990	cleavage	21	22
650830879	309	cleavage	23	24
650830881	402	cleavage	22	23
650830882	267	cleavage	23	24
650830883	397	cleavage	19	20
650830886	329	cleavage	19	20
650830887	191	cleavage	31	32
650830890	168	cleavage	19	20
650830894	293	cleavage	18	19
650830901	525	cleavage	20	21
650830903	88	cleavage	22	23
650830905	53	cleavage	24	25
650830907	627	cleavage	36	37
650830908	396	cleavage	39	40
650830916	470	cleavage	23	24
650830921	324	cleavage	27	28
650830924	375	cleavage	19	20
650830928	484	cleavage	22	23
650830929	205	cleavage	18	19
650830933	307	cleavage	17	18
650830940	330	cleavage	24	25
650830944	252	cleavage	28	29
650830945	565	cleavage	20	21
650830946	329	cleavage	33	34
650830948	96	cleavage	35	36
650830953	418	cleavage	20	21
650830959	573	cleavage	29	30
650830961	509	cleavage	77	78
650830986	243	cleavage	40	41
650830987	178	cleavage	18	19
650831009	423	cleavage	29	30
650831010	302	cleavage	29	30
650831012	56	cleavage	28	29
650831013	392	cleavage	17	18
650831018	122	cleavage	19	20
650831021	353	cleavage	32	33
650831023	232	cleavage	20	21
650831028	530	cleavage	24	25
650831033	404	cleavage	28	29
650831034	218	cleavage	18	19
650831035	431	cleavage	21	22
650831037	173	cleavage	19	20
650831039	211	cleavage	17	18
650831051	861	cleavage	44	45
650831052	247	cleavage	32	33
650831053	742	cleavage	20	21
650831054	178	cleavage	29	30
650831060	296	cleavage	24	25
650831061	141	cleavage	24	25
650831063	315	cleavage	21	22
650831064	354	cleavage	16	17
650831066	382	cleavage	36	37
650831075	245	cleavage	46	47
650831080	355	cleavage	21	22
650831083	249	cleavage	24	25
650831087	324	cleavage	20	21
650831096	117	cleavage	34	35
650831112	216	cleavage	26	27
650831113	227	cleavage	25	26
650831114	215	cleavage	24	25
650831115	257	cleavage	24	25
650831118	155	cleavage	36	37
650831119	166	cleavage	53	54
650831123	636	cleavage	19	20
650831124	308	cleavage	28	29
650831125	131	cleavage	21	22
650831126	329	cleavage	34	35
650831127	175	cleavage	22	23
650831128	210	cleavage	34	35
650831131	74	cleavage	23	24
650831132	94	cleavage	22	23
650831145	155	cleavage	29	30
650831146	185	cleavage	24	25
650831148	281	cleavage	23	24
650831157	501	cleavage	27	28
650831163	285	cleavage	34	35
650831164	330	cleavage	20	21
650831166	248	cleavage	23	24
650831190	441	cleavage	18	19
650831193	254	cleavage	26	27
650831200	223	cleavage	96	97
650831201	405	cleavage	29	30
650831210	313	cleavage	21	22
650831217	212	cleavage	19	20
650831224	410	cleavage	38	39
650831225	228	cleavage	16	17
650831227	297	cleavage	26	27
650831228	194	cleavage	17	18
650831234	185	cleavage	34	35
650831239	395	cleavage	26	27
650831240	331	cleavage	22	23
650831247	119	cleavage	31	32
650831248	636	cleavage	22	23
650831249	740	cleavage	48	49
650831250	155	cleavage	29	30
650831251	176	cleavage	35	36
650831252	109	cleavage	22	23
650831253	80	cleavage	31	32
650831254	266	cleavage	26	27
650831255	175	cleavage	32	33
650831256	142	cleavage	18	19
650831257	271	cleavage	21	22
650831261	244	cleavage	59	60
650831272	73	cleavage	17	18
650831306	388	cleavage	32	33
650831307	390	cleavage	27	28
650831308	101	cleavage	20	21
650831312	278	cleavage	20	21
650831332	201	cleavage	24	25
650831335	453	cleavage	23	24
650831336	251	cleavage	18	19
650831344	492	cleavage	29	30
650831348	443	cleavage	28	29
650831350	648	cleavage	29	30
650831358	87	cleavage	22	23
650831359	397	cleavage	19	20
650831360	140	cleavage	25	26
650831361	410	cleavage	43	44
650831363	135	cleavage	37	38
650831364	265	cleavage	24	25
650831370	694	cleavage	21	22
650831371	677	cleavage	32	33
650831372	63	cleavage	30	31
650831376	331	cleavage	30	31
650831383	172	cleavage	22	23
650831384	286	cleavage	20	21
650831390	272	cleavage	19	20
650831391	155	cleavage	22	23
650831395	135	cleavage	19	20
650831396	161	cleavage	30	31
650831397	822	cleavage	28	29
650831403	100	cleavage	24	25
650831413	376	cleavage	31	32
650831423	97	cleavage	38	39
650831424	208	cleavage	25	26
650831426	213	cleavage	18	19
650831433	318	cleavage	18	19
650831434	484	cleavage	22	23
650831436	309	cleavage	17	18
650831443	305	cleavage	34	35
650831445	249	cleavage	37	38
650831452	105	cleavage	27	28
650831461	284	cleavage	23	24
650831462	319	cleavage	20	21
650831465	326	cleavage	39	40
650831470	263	cleavage	38	39
650831474	252	cleavage	20	21
650831475	430	cleavage	27	28
650831517	447	cleavage	33	34
650831523	253	cleavage	23	24
650831524	112	cleavage	23	24
650831534	68	cleavage	31	32
650831536	285	cleavage	16	17
650831561	393	cleavage	16	17
650831562	76	cleavage	33	34
650831573	103	cleavage	20	21
650831574	90	cleavage	21	22
650831575	201	cleavage	51	52
650831576	250	cleavage	25	26
650831579	268	cleavage	26	27
650831590	437	cleavage	28	29
650831594	379	cleavage	29	30
650831596	254	cleavage	36	37
650831597	232	cleavage	24	25
650831610	76	cleavage	20	21
650831617	59	cleavage	29	30
650831628	237	cleavage	43	44
650831630	366	cleavage	26	27
650831631	343	cleavage	27	28
650831637	246	cleavage	27	28
650831644	68	cleavage	41	42
650831645	193	cleavage	27	28
650831647	142	cleavage	57	58
650831648	277	cleavage	23	24
650831665	359	cleavage	22	23
650831666	213	cleavage	28	29
650831668	390	cleavage	96	97
650831670	298	cleavage	24	25
650831673	347	cleavage	23	24
650831677	470	cleavage	23	24
650831678	203	cleavage	29	30
650831679	129	cleavage	33	34
650831682	175	cleavage	34	35
650831683	195	cleavage	25	26
650831687	451	cleavage	26	27
650831694	290	cleavage	36	37
650831701	471	cleavage	24	25
650831709	321	cleavage	19	20
650831711	166	cleavage	28	29
650831716	265	cleavage	46	47
650831725	279	cleavage	17	18
650831738	405	cleavage	22	23
650831739	158	cleavage	19	20
650831740	148	cleavage	24	25
650831757	428	cleavage	37	38
650831769	279	cleavage	16	17
650831770	335	cleavage	18	19
650831781	289	cleavage	28	29
650831787	422	cleavage	25	26
650831788	371	cleavage	23	24
650831791	90	cleavage	34	35
650831792	192	cleavage	22	23
650831793	238	cleavage	23	24
650831811	114	cleavage	34	35
650831822	110	cleavage	33	34
650831829	425	cleavage	38	39
650831841	227	cleavage	20	21
650831843	188	cleavage	16	17
650831860	805	cleavage	26	27
650831865	518	cleavage	20	21
650831868	687	cleavage	24	25
650831869	689	cleavage	20	21
650831872	200	cleavage	24	25
650831873	137	cleavage	31	32
650831874	476	cleavage	30	31
650831875	690	cleavage	28	29
650831876	783	cleavage	30	31
650831878	339	cleavage	27	28
650831886	67	cleavage	31	32
650831887	121	cleavage	25	26
650831889	62	cleavage	38	39
650831890	79	cleavage	35	36
650831893	184	cleavage	24	25
650831894	87	cleavage	32	33
650831895	52	cleavage	24	25
650831896	176	cleavage	23	24
650831899	152	cleavage	36	37
650831900	714	cleavage	62	63
650831906	322	cleavage	42	43
650831908	730	cleavage	21	22
650831909	329	cleavage	43	44
650831911	519	cleavage	23	24
650831912	31	cleavage	20	21
650831916	107	cleavage	29	30
650831929	300	cleavage	20	21
650831932	674	cleavage	25	26
650831933	250	cleavage	24	25
650831941	102	cleavage	50	51
