gene_oid	gene_length	feature_type	start_coord	end_coord
2511503771	971	cleavage	40	41
2511503778	225	cleavage	18	19
2511503779	223	cleavage	24	25
2511503786	235	cleavage	23	24
2511503790	297	cleavage	33	34
2511503795	525	cleavage	23	24
2511503811	96	cleavage	21	22
2511503812	282	cleavage	23	24
2511503814	235	cleavage	19	20
2511503816	62	cleavage	23	24
2511503817	94	cleavage	46	47
2511503826	300	cleavage	27	28
2511503829	225	cleavage	31	32
2511503857	793	cleavage	23	24
2511503858	721	cleavage	32	33
2511503859	701	cleavage	23	24
2511503861	145	cleavage	30	31
2511503865	754	cleavage	25	26
2511503882	154	cleavage	20	21
2511503884	332	cleavage	18	19
2511503887	95	cleavage	27	28
2511503889	152	cleavage	21	22
2511503891	342	cleavage	23	24
2511503900	196	cleavage	18	19
2511503910	160	cleavage	25	26
2511503918	346	cleavage	32	33
2511503919	389	cleavage	18	19
2511503929	207	cleavage	48	49
2511503949	111	cleavage	27	28
2511503956	712	cleavage	22	23
2511503971	606	cleavage	23	24
2511503978	455	cleavage	23	24
2511503980	170	cleavage	22	23
2511503998	217	cleavage	20	21
2511504001	409	cleavage	28	29
2511504006	623	cleavage	21	22
2511504021	312	cleavage	41	42
2511504023	310	cleavage	22	23
2511504024	476	cleavage	23	24
2511504049	863	cleavage	35	36
2511504068	54	cleavage	30	31
2511504083	290	cleavage	28	29
2511504085	552	cleavage	28	29
2511504086	353	cleavage	37	38
2511504097	433	cleavage	27	28
2511504101	491	cleavage	18	19
2511504109	1311	cleavage	28	29
2511504126	425	cleavage	27	28
2511504132	194	cleavage	23	24
2511504139	261	cleavage	25	26
2511504152	531	cleavage	21	22
2511504156	599	cleavage	27	28
2511504173	182	cleavage	20	21
2511504190	201	cleavage	18	19
2511504206	196	cleavage	30	31
2511504216	311	cleavage	17	18
2511504263	439	cleavage	23	24
2511504270	630	cleavage	20	21
2511504277	808	cleavage	34	35
2511504278	236	cleavage	25	26
2511504279	166	cleavage	32	33
2511504280	386	cleavage	21	22
2511504282	444	cleavage	26	27
2511504291	290	cleavage	27	28
2511504295	165	cleavage	26	27
2511504297	255	cleavage	21	22
2511504298	85	cleavage	23	24
2511504301	629	cleavage	30	31
2511504304	333	cleavage	25	26
2511504308	382	cleavage	22	23
2511504313	352	cleavage	34	35
2511504315	312	cleavage	23	24
2511504320	321	cleavage	21	22
2511504321	242	cleavage	19	20
2511504350	195	cleavage	24	25
2511504367	682	cleavage	34	35
2511504389	327	cleavage	26	27
2511504415	347	cleavage	25	26
2511504417	248	cleavage	26	27
2511504437	169	cleavage	31	32
2511504455	499	cleavage	19	20
2511504464	62	cleavage	23	24
2511504484	819	cleavage	21	22
2511504486	481	cleavage	21	22
2511504490	346	cleavage	32	33
2511504502	286	cleavage	37	38
2511504511	771	cleavage	22	23
2511504520	337	cleavage	15	16
2511504539	386	cleavage	34	35
2511504541	289	cleavage	19	20
2511504542	370	cleavage	23	24
2511504557	256	cleavage	28	29
2511504563	340	cleavage	27	28
2511504582	818	cleavage	31	32
2511504589	497	cleavage	25	26
2511504593	391	cleavage	25	26
2511504597	304	cleavage	21	22
2511504598	318	cleavage	21	22
2511504599	310	cleavage	21	22
2511504600	309	cleavage	18	19
2511504601	319	cleavage	24	25
2511504603	309	cleavage	20	21
2511504604	325	cleavage	21	22
2511504605	311	cleavage	23	24
2511504610	182	cleavage	28	29
2511504622	132	cleavage	20	21
2511504639	652	cleavage	22	23
2511504642	300	cleavage	35	36
2511504650	431	cleavage	22	23
2511504657	215	cleavage	28	29
2511504658	224	cleavage	29	30
2511504659	218	cleavage	24	25
2511504660	216	cleavage	26	27
2511504663	166	cleavage	19	20
2511504706	166	cleavage	27	28
2511504711	318	cleavage	20	21
2511504718	100	cleavage	23	24
2511504722	480	cleavage	19	20
2511504741	194	cleavage	22	23
2511504745	430	cleavage	23	24
2511504748	303	cleavage	23	24
2511504749	326	cleavage	23	24
2511504755	329	cleavage	29	30
2511504770	736	cleavage	27	28
2511504785	123	cleavage	16	17
2511504806	154	cleavage	31	32
2511504813	453	cleavage	23	24
2511504814	441	cleavage	25	26
2511504815	288	cleavage	21	22
2511504822	431	cleavage	22	23
2511504824	539	cleavage	30	31
2511504826	356	cleavage	23	24
2511504827	562	cleavage	23	24
2511504836	74	cleavage	19	20
2511504877	4292	cleavage	30	31
2511504880	792	cleavage	36	37
2511504885	478	cleavage	23	24
2511504886	377	cleavage	23	24
2511504899	571	cleavage	19	20
2511504939	150	cleavage	15	16
2511504940	454	cleavage	26	27
2511504941	267	cleavage	21	22
2511504946	324	cleavage	26	27
2511504949	148	cleavage	24	25
2511504950	326	cleavage	20	21
2511504962	713	cleavage	25	26
2511504969	395	cleavage	30	31
2511504970	326	cleavage	51	52
2511504971	553	cleavage	24	25
2511504973	496	cleavage	30	31
2511504974	251	cleavage	35	36
2511504975	150	cleavage	25	26
2511504978	288	cleavage	19	20
2511504988	187	cleavage	22	23
2511504991	851	cleavage	30	31
2511505006	115	cleavage	30	31
2511505008	346	cleavage	20	21
2511505063	152	cleavage	24	25
2511505103	343	cleavage	19	20
2511505106	141	cleavage	20	21
2511505108	274	cleavage	24	25
2511505111	391	cleavage	27	28
2511505115	100	cleavage	26	27
2511505119	195	cleavage	21	22
2511505130	151	cleavage	26	27
2511505138	186	cleavage	21	22
2511505142	266	cleavage	21	22
2511505143	260	cleavage	21	22
2511505146	495	cleavage	18	19
2511505167	202	cleavage	18	19
2511505168	535	cleavage	25	26
2511505170	386	cleavage	26	27
2511505227	202	cleavage	26	27
2511505234	233	cleavage	35	36
2511505238	334	cleavage	22	23
2511505239	234	cleavage	24	25
2511505247	535	cleavage	20	21
2511505259	393	cleavage	28	29
2511505273	137	cleavage	22	23
2511505276	127	cleavage	24	25
2511505277	225	cleavage	19	20
2511505278	448	cleavage	19	20
2511505284	87	cleavage	39	40
2511505285	171	cleavage	24	25
2511505286	64	cleavage	28	29
2511505304	638	cleavage	23	24
2511505315	608	cleavage	32	33
2511505317	181	cleavage	20	21
2511505318	179	cleavage	56	57
2511505320	171	cleavage	22	23
2511505326	80	cleavage	32	33
2511505333	199	cleavage	21	22
2511505338	513	cleavage	37	38
2511505357	78	cleavage	27	28
2511505359	207	cleavage	22	23
2511505369	328	cleavage	24	25
2511505375	119	cleavage	21	22
2511505377	98	cleavage	21	22
2511505385	396	cleavage	22	23
2511505389	320	cleavage	22	23
2511505390	323	cleavage	20	21
2511505391	140	cleavage	21	22
2511505393	347	cleavage	28	29
2511505399	253	cleavage	25	26
2511505421	468	cleavage	23	24
2511505423	111	cleavage	30	31
2511505427	403	cleavage	18	19
2511505440	327	cleavage	29	30
2511505445	426	cleavage	21	22
2511505447	152	cleavage	22	23
2511505454	163	cleavage	34	35
2511505462	411	cleavage	27	28
2511505463	310	cleavage	29	30
2511505465	224	cleavage	25	26
2511505467	341	cleavage	28	29
2511505502	142	cleavage	52	53
2511505505	150	cleavage	22	23
2511505506	284	cleavage	29	30
2511505512	343	cleavage	22	23
2511505517	114	cleavage	24	25
2511505519	315	cleavage	33	34
2511505520	325	cleavage	29	30
2511505527	281	cleavage	27	28
2511505535	475	cleavage	30	31
2511505540	315	cleavage	20	21
2511505544	319	cleavage	28	29
2511505602	528	cleavage	33	34
2511505605	327	cleavage	21	22
2511505607	335	cleavage	23	24
2511505610	302	cleavage	23	24
2511505611	487	cleavage	25	26
2511505626	173	cleavage	20	21
2511505633	149	cleavage	19	20
2511505644	309	cleavage	22	23
2511505651	60	cleavage	32	33
2511505656	827	cleavage	26	27
2511505658	617	cleavage	37	38
2511505661	153	cleavage	31	32
2511505666	558	cleavage	25	26
2511505680	275	cleavage	19	20
2511505683	300	cleavage	31	32
2511505690	481	cleavage	23	24
2511505694	388	cleavage	17	18
2511505701	411	cleavage	43	44
2511505703	578	cleavage	22	23
2511505723	134	cleavage	23	24
2511505724	252	cleavage	22	23
2511505725	84	cleavage	23	24
2511505728	187	cleavage	18	19
2511505732	632	cleavage	27	28
2511505775	392	cleavage	21	22
2511505803	625	cleavage	29	30
2511505804	217	cleavage	23	24
2511505822	241	cleavage	27	28
2511505834	60	cleavage	31	32
2511505838	629	cleavage	21	22
2511505853	198	cleavage	21	22
2511505857	323	cleavage	32	33
2511505863	56	cleavage	38	39
2511505866	274	cleavage	24	25
2511505869	142	cleavage	35	36
2511505871	445	cleavage	24	25
2511505876	59	cleavage	24	25
2511505877	197	cleavage	95	96
2511505880	325	cleavage	18	19
2511505882	204	cleavage	23	24
2511505890	70	cleavage	30	31
2511505892	392	cleavage	23	24
2511505910	238	cleavage	21	22
2511505939	334	cleavage	25	26
2511505940	350	cleavage	23	24
2511505956	141	cleavage	22	23
2511505957	142	cleavage	22	23
2511505958	148	cleavage	25	26
2511505963	277	cleavage	21	22
2511505968	310	cleavage	43	44
2511505969	326	cleavage	21	22
2511505970	617	cleavage	25	26
2511505980	472	cleavage	42	43
2511505981	299	cleavage	17	18
2511505983	1377	cleavage	30	31
2511505989	440	cleavage	22	23
2511505995	397	cleavage	26	27
2511506004	184	cleavage	44	45
2511506008	259	cleavage	34	35
2511506009	133	cleavage	26	27
