gene_oid	gene_length	feature_type	start_coord	end_coord
638199283	164	outside	1	164
638199284	152	outside	1	152
638199285	61	inside	1	37
638199285	61	TMhelix	38	60
638199285	61	outside	61	61
638199286	372	outside	1	372
638199287	137	outside	1	137
638199288	96	outside	1	96
638199289	272	outside	1	272
638199290	233	outside	1	233
638199292	94	outside	1	94
638199293	82	outside	1	82
638199296	210	outside	1	210
638199297	205	outside	1	205
638199298	279	outside	1	279
638199299	266	outside	1	266
638199300	308	outside	1	308
638199301	396	inside	1	1
638199301	396	TMhelix	2	20
638199301	396	outside	21	23
638199301	396	TMhelix	24	46
638199301	396	inside	47	58
638199301	396	TMhelix	59	81
638199301	396	outside	82	100
638199301	396	TMhelix	101	123
638199301	396	inside	124	146
638199301	396	TMhelix	147	169
638199301	396	outside	170	178
638199301	396	TMhelix	179	196
638199301	396	inside	197	216
638199301	396	TMhelix	217	239
638199301	396	outside	240	266
638199301	396	TMhelix	267	289
638199301	396	inside	290	301
638199301	396	TMhelix	302	324
638199301	396	outside	325	338
638199301	396	TMhelix	339	361
638199301	396	inside	362	372
638199301	396	TMhelix	373	395
638199301	396	outside	396	396
638199302	464	outside	1	464
638199303	469	outside	1	469
638199304	248	outside	1	248
638199305	550	outside	1	550
638199306	259	inside	1	6
638199306	259	TMhelix	7	29
638199306	259	outside	30	259
638199307	128	outside	1	128
638199308	140	outside	1	140
638199309	240	outside	1	240
638199310	658	outside	1	658
638199311	364	outside	1	364
638199312	277	inside	1	12
638199312	277	TMhelix	13	35
638199312	277	outside	36	75
638199312	277	TMhelix	76	98
638199312	277	inside	99	109
638199312	277	TMhelix	110	132
638199312	277	outside	133	141
638199312	277	TMhelix	142	164
638199312	277	inside	165	183
638199312	277	TMhelix	184	206
638199312	277	outside	207	246
638199312	277	TMhelix	247	269
638199312	277	inside	270	277
638199313	284	inside	1	6
638199313	284	TMhelix	7	29
638199313	284	outside	30	62
638199313	284	TMhelix	63	85
638199313	284	inside	86	93
638199313	284	TMhelix	94	116
638199313	284	outside	117	120
638199313	284	TMhelix	121	143
638199313	284	inside	144	149
638199313	284	TMhelix	150	172
638199313	284	outside	173	209
638199313	284	TMhelix	210	229
638199313	284	inside	230	249
638199313	284	TMhelix	250	272
638199313	284	outside	273	284
638199314	426	inside	1	6
638199314	426	TMhelix	7	29
638199314	426	outside	30	426
638199315	339	outside	1	339
638199316	91	outside	1	91
638199317	63	outside	1	63
638199318	277	inside	1	11
638199318	277	TMhelix	12	34
638199318	277	outside	35	38
638199318	277	TMhelix	39	56
638199318	277	inside	57	101
638199318	277	TMhelix	102	124
638199318	277	outside	125	143
638199318	277	TMhelix	144	166
638199318	277	inside	167	204
638199318	277	TMhelix	205	227
638199318	277	outside	228	255
638199318	277	TMhelix	256	273
638199318	277	inside	274	277
638199319	126	outside	1	126
638199320	492	outside	1	9
638199320	492	TMhelix	10	32
638199320	492	inside	33	52
638199320	492	TMhelix	53	75
638199320	492	outside	76	78
638199320	492	TMhelix	79	101
638199320	492	inside	102	131
638199320	492	TMhelix	132	154
638199320	492	outside	155	163
638199320	492	TMhelix	164	186
638199320	492	inside	187	192
638199320	492	TMhelix	193	212
638199320	492	outside	213	231
638199320	492	TMhelix	232	254
638199320	492	inside	255	278
638199320	492	TMhelix	279	301
638199320	492	outside	302	320
638199320	492	TMhelix	321	343
638199320	492	inside	344	373
638199320	492	TMhelix	374	396
638199320	492	outside	397	399
638199320	492	TMhelix	400	422
638199320	492	inside	423	428
638199320	492	TMhelix	429	451
638199320	492	outside	452	454
638199320	492	TMhelix	455	477
638199320	492	inside	478	492
638199321	624	outside	1	624
638199322	279	outside	1	279
638199323	81	inside	1	8
638199323	81	TMhelix	9	31
638199323	81	outside	32	50
638199323	81	TMhelix	51	68
638199323	81	inside	69	81
638199324	69	outside	1	9
638199324	69	TMhelix	10	32
638199324	69	inside	33	69
638199325	101	outside	1	101
638199326	197	inside	1	4
638199326	197	TMhelix	5	27
638199326	197	outside	28	197
638199327	204	outside	1	204
638199328	336	outside	1	336
638199329	155	outside	1	155
638199330	112	outside	1	112
638199331	179	outside	1	179
638199334	254	outside	1	254
638199335	249	outside	1	249
638199336	232	inside	1	23
638199336	232	TMhelix	24	46
638199336	232	outside	47	50
638199336	232	TMhelix	51	73
638199336	232	inside	74	93
638199336	232	TMhelix	94	116
638199336	232	outside	117	158
638199336	232	TMhelix	159	176
638199336	232	inside	177	180
638199336	232	TMhelix	181	198
638199336	232	outside	199	207
638199336	232	TMhelix	208	230
638199336	232	inside	231	232
638199337	85	outside	1	85
638199338	143	outside	1	143
638199339	290	inside	1	46
638199339	290	TMhelix	47	69
638199339	290	outside	70	144
638199339	290	TMhelix	145	167
638199339	290	inside	168	290
638199340	329	outside	1	329
638199341	410	outside	1	410
638199342	309	inside	1	12
638199342	309	TMhelix	13	35
638199342	309	outside	36	309
638199343	95	inside	1	95
638199344	219	outside	1	219
638199345	199	outside	1	199
638199346	855	outside	1	855
638199347	155	outside	1	155
638199348	113	outside	1	113
638199349	122	outside	1	122
638199350	561	outside	1	561
638199351	362	outside	1	244
638199351	362	TMhelix	245	267
638199351	362	inside	268	308
638199351	362	TMhelix	309	331
638199351	362	outside	332	335
638199351	362	TMhelix	336	355
638199351	362	inside	356	362
638199352	227	outside	1	227
638199353	404	outside	1	404
638199354	350	outside	1	350
638199355	330	outside	1	330
638199357	230	outside	1	230
638199358	185	outside	1	185
638199359	66	inside	1	66
638199360	158	inside	1	158
638199361	481	outside	1	481
638199362	77	outside	1	77
638199363	200	outside	1	200
638199364	148	outside	1	148
638199365	78	outside	1	78
638199366	134	outside	1	134
638199367	253	outside	1	253
638199368	249	outside	1	14
638199368	249	TMhelix	15	34
638199368	249	inside	35	46
638199368	249	TMhelix	47	69
638199368	249	outside	70	73
638199368	249	TMhelix	74	96
638199368	249	inside	97	111
638199368	249	TMhelix	112	134
638199368	249	outside	135	148
638199368	249	TMhelix	149	171
638199368	249	inside	172	177
638199368	249	TMhelix	178	197
638199368	249	outside	198	206
638199368	249	TMhelix	207	229
638199368	249	inside	230	249
638199369	71	outside	1	71
638199370	70	outside	1	70
638199371	340	outside	1	340
638199372	231	outside	1	231
638199373	152	outside	1	152
638199374	437	outside	1	437
638199375	295	inside	1	21
638199375	295	TMhelix	22	44
638199375	295	outside	45	53
638199375	295	TMhelix	54	71
638199375	295	inside	72	83
638199375	295	TMhelix	84	106
638199375	295	outside	107	110
638199375	295	TMhelix	111	133
638199375	295	inside	134	141
638199375	295	TMhelix	142	161
638199375	295	outside	162	165
638199375	295	TMhelix	166	183
638199375	295	inside	184	195
638199375	295	TMhelix	196	214
638199375	295	outside	215	217
638199375	295	TMhelix	218	240
638199375	295	inside	241	252
638199375	295	TMhelix	253	270
638199375	295	outside	271	273
638199375	295	TMhelix	274	292
638199375	295	inside	293	295
638199376	207	outside	1	207
638199377	199	outside	1	199
638199378	191	outside	1	191
638199379	162	outside	1	162
638199380	175	outside	1	175
638199381	280	inside	1	6
638199381	280	TMhelix	7	29
638199381	280	outside	30	48
638199381	280	TMhelix	49	71
638199381	280	inside	72	82
638199381	280	TMhelix	83	105
638199381	280	outside	106	280
638199382	361	outside	1	361
638199383	355	outside	1	355
638199384	244	outside	1	244
638199385	69	outside	1	69
638199386	551	inside	1	4
638199386	551	TMhelix	5	22
638199386	551	outside	23	551
638199387	281	outside	1	281
638199388	283	outside	1	283
638199389	161	outside	1	161
638199390	239	outside	1	239
638199391	147	outside	1	147
638199392	225	inside	1	6
638199392	225	TMhelix	7	24
638199392	225	outside	25	225
638199393	338	outside	1	9
638199393	338	TMhelix	10	39
638199393	338	inside	40	58
638199393	338	TMhelix	59	81
638199393	338	outside	82	95
638199393	338	TMhelix	96	113
638199393	338	inside	114	117
638199393	338	TMhelix	118	140
638199393	338	outside	141	154
638199393	338	TMhelix	155	177
638199393	338	inside	178	244
638199393	338	TMhelix	245	267
638199393	338	outside	268	286
638199393	338	TMhelix	287	309
638199393	338	inside	310	338
638199394	327	inside	1	30
638199394	327	TMhelix	31	53
638199394	327	outside	54	67
638199394	327	TMhelix	68	87
638199394	327	inside	88	99
638199394	327	TMhelix	100	119
638199394	327	outside	120	138
638199394	327	TMhelix	139	161
638199394	327	inside	162	181
638199394	327	TMhelix	182	204
638199394	327	outside	205	256
638199394	327	TMhelix	257	279
638199394	327	inside	280	327
638199395	456	inside	1	6
638199395	456	TMhelix	7	24
638199395	456	outside	25	78
638199395	456	TMhelix	79	101
638199395	456	inside	102	130
638199395	456	TMhelix	131	150
638199395	456	outside	151	169
638199395	456	TMhelix	170	189
638199395	456	inside	190	200
638199395	456	TMhelix	201	223
638199395	456	outside	224	276
638199395	456	TMhelix	277	294
638199395	456	inside	295	300
638199395	456	TMhelix	301	319
638199395	456	outside	320	333
638199395	456	TMhelix	334	351
638199395	456	inside	352	456
638199396	819	outside	1	819
638199397	248	outside	1	248
638199398	581	outside	1	581
638199399	153	outside	1	153
638199400	358	inside	1	4
638199400	358	TMhelix	5	24
638199400	358	outside	25	358
638199401	184	outside	1	184
638199402	448	outside	1	448
638199403	276	outside	1	276
638199404	286	outside	1	286
638199405	505	outside	1	505
638199406	136	outside	1	136
638199407	213	outside	1	213
638199408	1308	outside	1	1308
638199409	1437	outside	1	1437
638199410	479	outside	1	479
638199411	306	outside	1	306
638199412	333	outside	1	333
638199413	234	outside	1	234
638199414	469	outside	1	469
638199415	128	outside	1	128
638199416	74	inside	1	74
638199417	239	outside	1	239
638199418	210	outside	1	210
638199419	1455	outside	1	1455
638199420	619	outside	1	619
638199421	432	outside	1	432
638199422	257	outside	1	257
638199423	241	outside	1	241
638199424	126	outside	1	126
638199425	251	outside	1	251
638199426	263	outside	1	22
638199426	263	TMhelix	23	45
638199426	263	inside	46	56
638199426	263	TMhelix	57	74
638199426	263	outside	75	83
638199426	263	TMhelix	84	103
638199426	263	inside	104	109
638199426	263	TMhelix	110	132
638199426	263	outside	133	141
638199426	263	TMhelix	142	159
638199426	263	inside	160	165
638199426	263	TMhelix	166	188
638199426	263	outside	189	202
638199426	263	TMhelix	203	225
638199426	263	inside	226	263
638199427	235	outside	1	235
638199428	248	inside	1	38
638199428	248	TMhelix	39	56
638199428	248	outside	57	65
638199428	248	TMhelix	66	85
638199428	248	inside	86	91
638199428	248	TMhelix	92	114
638199428	248	outside	115	128
638199428	248	TMhelix	129	151
638199428	248	inside	152	223
638199428	248	TMhelix	224	246
638199428	248	outside	247	248
638199429	260	outside	1	260
638199430	300	outside	1	300
638199431	570	outside	1	570
638199432	399	outside	1	399
638199433	375	outside	1	3
638199433	375	TMhelix	4	21
638199433	375	inside	22	27
638199433	375	TMhelix	28	43
638199433	375	outside	44	47
638199433	375	TMhelix	48	67
638199433	375	inside	68	79
638199433	375	TMhelix	80	102
638199433	375	outside	103	105
638199433	375	TMhelix	106	128
638199433	375	inside	129	140
638199433	375	TMhelix	141	163
638199433	375	outside	164	172
638199433	375	TMhelix	173	195
638199433	375	inside	196	215
638199433	375	TMhelix	216	238
638199433	375	outside	239	252
638199433	375	TMhelix	253	275
638199433	375	inside	276	287
638199433	375	TMhelix	288	310
638199433	375	outside	311	348
638199433	375	TMhelix	349	368
638199433	375	inside	369	375
638199434	384	inside	1	12
638199434	384	TMhelix	13	35
638199434	384	outside	36	49
638199434	384	TMhelix	50	72
638199434	384	inside	73	92
638199434	384	TMhelix	93	114
638199434	384	outside	115	123
638199434	384	TMhelix	124	146
638199434	384	inside	147	158
638199434	384	TMhelix	159	181
638199434	384	outside	182	195
638199434	384	TMhelix	196	218
638199434	384	inside	219	230
638199434	384	TMhelix	231	253
638199434	384	outside	254	278
638199434	384	TMhelix	279	301
638199434	384	inside	302	321
638199434	384	TMhelix	322	344
638199434	384	outside	345	348
638199434	384	TMhelix	349	371
638199434	384	inside	372	384
638199435	466	outside	1	466
638199436	158	outside	1	158
638199437	447	outside	1	447
638200402	136	outside	1	136
638200405	190	inside	1	12
638200405	190	TMhelix	13	30
638200405	190	outside	31	33
638200405	190	TMhelix	34	56
638200405	190	inside	57	93
638200405	190	TMhelix	94	116
638200405	190	outside	117	120
638200405	190	TMhelix	121	143
638200405	190	inside	144	190
638200406	52	outside	1	52
638200407	386	outside	1	386
638200408	211	outside	1	211
638200409	581	outside	1	581
638200410	530	inside	1	6
638200410	530	TMhelix	7	29
638200410	530	outside	30	530
638200411	135	outside	1	135
638200412	424	inside	1	256
638200412	424	TMhelix	257	279
638200412	424	outside	280	332
638200412	424	TMhelix	333	350
638200412	424	inside	351	380
638200412	424	TMhelix	381	403
638200412	424	outside	404	424
638200413	410	outside	1	410
638200414	335	outside	1	335
638200415	394	outside	1	394
638200416	294	outside	1	294
638200417	352	outside	1	352
638200418	368	outside	1	368
638200419	216	outside	1	216
638200420	383	inside	1	6
638200420	383	TMhelix	7	26
638200420	383	outside	27	383
638200421	495	inside	1	6
638200421	495	TMhelix	7	29
638200421	495	outside	30	495
638200422	266	outside	1	266
638200423	251	outside	1	251
638200424	304	inside	1	6
638200424	304	TMhelix	7	29
638200424	304	outside	30	67
638200424	304	TMhelix	68	90
638200424	304	inside	91	101
638200424	304	TMhelix	102	124
638200424	304	outside	125	153
638200424	304	TMhelix	154	176
638200424	304	inside	177	229
638200424	304	TMhelix	230	252
638200424	304	outside	253	271
638200424	304	TMhelix	272	294
638200424	304	inside	295	304
638200425	277	inside	1	12
638200425	277	TMhelix	13	35
638200425	277	outside	36	68
638200425	277	TMhelix	69	91
638200425	277	inside	92	103
638200425	277	TMhelix	104	126
638200425	277	outside	127	130
638200425	277	TMhelix	131	153
638200425	277	inside	154	190
638200425	277	TMhelix	191	213
638200425	277	outside	214	249
638200425	277	TMhelix	250	272
638200425	277	inside	273	277
638200426	253	outside	1	253
638200427	183	outside	1	183
638200428	198	outside	1	198
638200429	138	outside	1	138
638200430	88	outside	1	88
638200431	320	outside	1	320
638200432	112	outside	1	4
638200432	112	TMhelix	5	24
638200432	112	inside	25	28
638200432	112	TMhelix	29	51
638200432	112	outside	52	87
638200432	112	TMhelix	88	105
638200432	112	inside	106	112
638200433	156	inside	1	24
638200433	156	TMhelix	25	44
638200433	156	outside	45	63
638200433	156	TMhelix	64	86
638200433	156	inside	87	106
638200433	156	TMhelix	107	129
638200433	156	outside	130	156
638200434	315	outside	1	315
638200435	222	outside	1	222
638200436	83	inside	1	83
638200437	175	outside	1	175
638200438	194	outside	1	4
638200438	194	TMhelix	5	24
638200438	194	inside	25	44
638200438	194	TMhelix	45	67
638200438	194	outside	68	71
638200438	194	TMhelix	72	94
638200438	194	inside	95	106
638200438	194	TMhelix	107	129
638200438	194	outside	130	138
638200438	194	TMhelix	139	161
638200438	194	inside	162	194
638200439	451	outside	1	451
638200440	259	outside	1	259
638200441	253	outside	1	253
638200442	78	outside	1	78
638200443	661	outside	1	288
638200443	661	TMhelix	289	311
638200443	661	inside	312	343
638200443	661	TMhelix	344	366
638200443	661	outside	367	394
638200443	661	TMhelix	395	414
638200443	661	inside	415	426
638200443	661	TMhelix	427	449
638200443	661	outside	450	452
638200443	661	TMhelix	453	475
638200443	661	inside	476	566
638200443	661	TMhelix	567	589
638200443	661	outside	590	603
638200443	661	TMhelix	604	626
638200443	661	inside	627	637
638200443	661	TMhelix	638	660
638200443	661	outside	661	661
638200444	81	outside	1	81
638200445	223	outside	1	223
638200446	370	outside	1	370
638200447	111	inside	1	20
638200447	111	TMhelix	21	43
638200447	111	outside	44	57
638200447	111	TMhelix	58	80
638200447	111	inside	81	111
638200448	257	inside	1	24
638200448	257	TMhelix	25	47
638200448	257	outside	48	50
638200448	257	TMhelix	51	73
638200448	257	inside	74	257
638200450	292	inside	1	19
638200450	292	TMhelix	20	38
638200450	292	outside	39	72
638200450	292	TMhelix	73	95
638200450	292	inside	96	115
638200450	292	TMhelix	116	147
638200450	292	outside	148	150
638200450	292	TMhelix	151	173
638200450	292	inside	174	206
638200450	292	TMhelix	207	229
638200450	292	outside	230	243
638200450	292	TMhelix	244	266
638200450	292	inside	267	292
638200451	358	outside	1	358
638200452	371	outside	1	371
638200453	163	outside	1	163
638200454	437	inside	1	20
638200454	437	TMhelix	21	43
638200454	437	outside	44	52
638200454	437	TMhelix	53	72
638200454	437	inside	73	76
638200454	437	TMhelix	77	94
638200454	437	outside	95	98
638200454	437	TMhelix	99	121
638200454	437	inside	122	133
638200454	437	TMhelix	134	156
638200454	437	outside	157	175
638200454	437	TMhelix	176	193
638200454	437	inside	194	197
638200454	437	TMhelix	198	220
638200454	437	outside	221	234
638200454	437	TMhelix	235	253
638200454	437	inside	254	327
638200454	437	TMhelix	328	359
638200454	437	outside	360	378
638200454	437	TMhelix	379	401
638200454	437	inside	402	413
638200454	437	TMhelix	414	436
638200454	437	outside	437	437
638200455	265	outside	1	265
638200457	470	inside	1	6
638200457	470	TMhelix	7	24
638200457	470	outside	25	28
638200457	470	TMhelix	29	48
638200457	470	inside	49	59
638200457	470	TMhelix	60	82
638200457	470	outside	83	85
638200457	470	TMhelix	86	105
638200457	470	inside	106	111
638200457	470	TMhelix	112	131
638200457	470	outside	132	160
638200457	470	TMhelix	161	183
638200457	470	inside	184	189
638200457	470	TMhelix	190	212
638200457	470	outside	213	231
638200457	470	TMhelix	232	251
638200457	470	inside	252	263
638200457	470	TMhelix	264	281
638200457	470	outside	282	290
638200457	470	TMhelix	291	309
638200457	470	inside	310	315
638200457	470	TMhelix	316	338
638200457	470	outside	339	470
638200458	476	outside	1	476
638200459	613	outside	1	613
638200460	405	outside	1	405
638200461	127	outside	1	127
638200462	136	outside	1	136
638200463	311	outside	1	311
638200464	423	outside	1	423
638200465	318	outside	1	4
638200465	318	TMhelix	5	22
638200465	318	inside	23	28
638200465	318	TMhelix	29	51
638200465	318	outside	52	65
638200465	318	TMhelix	66	88
638200465	318	inside	89	94
638200465	318	TMhelix	95	117
638200465	318	outside	118	126
638200465	318	TMhelix	127	149
638200465	318	inside	150	205
638200465	318	TMhelix	206	228
638200465	318	outside	229	254
638200465	318	TMhelix	255	277
638200465	318	inside	278	288
638200465	318	TMhelix	289	308
638200465	318	outside	309	318
638200466	67	outside	1	67
638200467	183	outside	1	3
638200467	183	TMhelix	4	21
638200467	183	inside	22	183
638200468	127	outside	1	127
638200471	190	outside	1	190
638200472	354	outside	1	354
638200473	418	inside	1	6
638200473	418	TMhelix	7	29
638200473	418	outside	30	38
638200473	418	TMhelix	39	61
638200473	418	inside	62	80
638200473	418	TMhelix	81	103
638200473	418	outside	104	159
638200473	418	TMhelix	160	179
638200473	418	inside	180	212
638200473	418	TMhelix	213	235
638200473	418	outside	236	249
638200473	418	TMhelix	250	272
638200473	418	inside	273	280
638200473	418	TMhelix	281	303
638200473	418	outside	304	307
638200473	418	TMhelix	308	330
638200473	418	inside	331	350
638200473	418	TMhelix	351	373
638200473	418	outside	374	376
638200473	418	TMhelix	377	394
638200473	418	inside	395	418
638200474	446	outside	1	446
638200475	207	outside	1	207
638200476	268	outside	1	268
638200477	414	inside	1	19
638200477	414	TMhelix	20	42
638200477	414	outside	43	45
638200477	414	TMhelix	46	68
638200477	414	inside	69	88
638200477	414	TMhelix	89	111
638200477	414	outside	112	115
638200477	414	TMhelix	116	138
638200477	414	inside	139	149
638200477	414	TMhelix	150	167
638200477	414	outside	168	181
638200477	414	TMhelix	182	204
638200477	414	inside	205	216
638200477	414	TMhelix	217	239
638200477	414	outside	240	248
638200477	414	TMhelix	249	271
638200477	414	inside	272	290
638200477	414	TMhelix	291	313
638200477	414	outside	314	318
638200477	414	TMhelix	319	341
638200477	414	inside	342	361
638200477	414	TMhelix	362	384
638200477	414	outside	385	393
638200477	414	TMhelix	394	411
638200477	414	inside	412	414
638200478	224	outside	1	224
638200479	214	outside	1	214
638200480	219	outside	1	219
638200481	215	outside	1	215
638200482	398	outside	1	398
638200483	182	outside	1	182
638200484	351	outside	1	351
638200485	236	outside	1	236
638200486	307	outside	1	307
638200487	225	outside	1	225
638200489	94	outside	1	94
638200490	68	inside	1	68
638200491	182	outside	1	182
638200492	97	inside	1	97
638200493	121	outside	1	121
638200494	69	outside	1	69
638200495	207	outside	1	207
638200496	252	outside	1	252
638200497	608	outside	1	608
638200498	197	outside	1	197
638200499	399	outside	1	399
638200500	155	outside	1	3
638200500	155	TMhelix	4	26
638200500	155	inside	27	155
638200501	148	outside	1	148
638200502	220	outside	1	220
638200503	584	outside	1	584
638200504	104	outside	1	9
638200504	104	TMhelix	10	29
638200504	104	inside	30	104
638200505	99	outside	1	3
638200505	99	TMhelix	4	26
638200505	99	inside	27	32
638200505	99	TMhelix	33	55
638200505	99	outside	56	77
638200505	99	TMhelix	78	96
638200505	99	inside	97	99
638200506	369	outside	1	369
638200507	335	outside	1	335
638200508	117	outside	1	117
638200509	867	outside	1	867
638200510	209	inside	1	6
638200510	209	TMhelix	7	29
638200510	209	outside	30	34
638200510	209	TMhelix	35	57
638200510	209	inside	58	63
638200510	209	TMhelix	64	83
638200510	209	outside	84	97
638200510	209	TMhelix	98	120
638200510	209	inside	121	147
638200510	209	TMhelix	148	170
638200510	209	outside	171	189
638200510	209	TMhelix	190	207
638200510	209	inside	208	209
638200511	148	outside	1	148
638200512	149	inside	1	91
638200512	149	TMhelix	92	111
638200512	149	outside	112	120
638200512	149	TMhelix	121	143
638200512	149	inside	144	149
638200513	305	outside	1	305
638200514	69	outside	1	69
638200515	136	inside	1	136
638200516	85	outside	1	85
638200517	339	outside	1	339
638200518	142	inside	1	16
638200518	142	TMhelix	17	39
638200518	142	outside	40	58
638200518	142	TMhelix	59	81
638200518	142	inside	82	92
638200518	142	TMhelix	93	115
638200518	142	outside	116	142
638200521	439	outside	1	439
638200522	84	outside	1	84
638200523	127	outside	1	127
638200524	479	outside	1	479
638200525	388	outside	1	388
638200526	147	outside	1	147
638200527	433	inside	1	19
638200527	433	TMhelix	20	37
638200527	433	outside	38	46
638200527	433	TMhelix	47	69
638200527	433	inside	70	75
638200527	433	TMhelix	76	98
638200527	433	outside	99	107
638200527	433	TMhelix	108	127
638200527	433	inside	128	433
638200528	212	outside	1	212
638200529	398	inside	1	11
638200529	398	TMhelix	12	34
638200529	398	outside	35	71
638200529	398	TMhelix	72	94
638200529	398	inside	95	98
638200529	398	TMhelix	99	121
638200529	398	outside	122	135
638200529	398	TMhelix	136	158
638200529	398	inside	159	164
638200529	398	TMhelix	165	182
638200529	398	outside	183	219
638200529	398	TMhelix	220	242
638200529	398	inside	243	248
638200529	398	TMhelix	249	271
638200529	398	outside	272	304
638200529	398	TMhelix	305	327
638200529	398	inside	328	339
638200529	398	TMhelix	340	362
638200529	398	outside	363	367
638200529	398	TMhelix	368	390
638200529	398	inside	391	398
638200530	992	outside	1	992
638200531	262	outside	1	262
638200532	534	outside	1	534
638200533	67	outside	1	67
638200534	180	outside	1	180
638200535	289	inside	1	4
638200535	289	TMhelix	5	27
638200535	289	outside	28	31
638200535	289	TMhelix	32	51
638200535	289	inside	52	143
638200535	289	TMhelix	144	166
638200535	289	outside	167	180
638200535	289	TMhelix	181	203
638200535	289	inside	204	289
638200536	65	inside	1	65
638200537	226	outside	1	226
638200538	410	outside	1	410
638200539	372	inside	1	4
638200539	372	TMhelix	5	27
638200539	372	outside	28	41
638200539	372	TMhelix	42	64
638200539	372	inside	65	70
638200539	372	TMhelix	71	90
638200539	372	outside	91	99
638200539	372	TMhelix	100	122
638200539	372	inside	123	128
638200539	372	TMhelix	129	151
638200539	372	outside	152	154
638200539	372	TMhelix	155	177
638200539	372	inside	178	196
638200539	372	TMhelix	197	219
638200539	372	outside	220	233
638200539	372	TMhelix	234	253
638200539	372	inside	254	259
638200539	372	TMhelix	260	279
638200539	372	outside	280	282
638200539	372	TMhelix	283	302
638200539	372	inside	303	313
638200539	372	TMhelix	314	336
638200539	372	outside	337	340
638200539	372	TMhelix	341	363
638200539	372	inside	364	372
638200540	614	outside	1	614
638200541	89	outside	1	89
638200542	94	inside	1	94
638200543	181	outside	1	181
638200544	82	outside	1	82
638200545	334	outside	1	334
638200546	186	outside	1	186
638200549	411	inside	1	11
638200549	411	TMhelix	12	34
638200549	411	outside	35	43
638200549	411	TMhelix	44	66
638200549	411	inside	67	85
638200549	411	TMhelix	86	108
638200549	411	outside	109	112
638200549	411	TMhelix	113	135
638200549	411	inside	136	155
638200549	411	TMhelix	156	178
638200549	411	outside	179	208
638200549	411	TMhelix	209	231
638200549	411	inside	232	251
638200549	411	TMhelix	252	274
638200549	411	outside	275	293
638200549	411	TMhelix	294	316
638200549	411	inside	317	327
638200549	411	TMhelix	328	350
638200549	411	outside	351	359
638200549	411	TMhelix	360	379
638200549	411	inside	380	380
638200549	411	TMhelix	381	403
638200549	411	outside	404	411
638200550	151	outside	1	151
638200551	378	outside	1	378
638200552	611	outside	1	611
638200553	377	inside	1	65
638200553	377	TMhelix	66	88
638200553	377	outside	89	377
638200554	427	outside	1	427
638200555	291	outside	1	291
638200556	298	outside	1	298
638200557	205	outside	1	205
638200558	366	outside	1	366
638200559	315	outside	1	315
638200560	448	outside	1	448
638200561	99	outside	1	99
638200562	73	outside	1	73
638200563	106	outside	1	106
638200564	148	outside	1	148
638200565	93	inside	1	93
638200566	459	outside	1	459
638200567	92	outside	1	92
638200569	77	outside	1	77
638200570	68	inside	1	68
638200571	62	inside	1	62
638200572	94	inside	1	94
638200573	348	outside	1	348
638200574	308	outside	1	308
638200575	379	outside	1	379
638200576	77	outside	1	77
638200577	473	outside	1	473
638200578	174	outside	1	174
638200579	245	inside	1	4
638200579	245	TMhelix	5	27
638200579	245	outside	28	36
638200579	245	TMhelix	37	56
638200579	245	inside	57	68
638200579	245	TMhelix	69	91
638200579	245	outside	92	94
638200579	245	TMhelix	95	117
638200579	245	inside	118	129
638200579	245	TMhelix	130	152
638200579	245	outside	153	166
638200579	245	TMhelix	167	189
638200579	245	inside	190	193
638200579	245	TMhelix	194	216
638200579	245	outside	217	225
638200579	245	TMhelix	226	244
638200579	245	inside	245	245
638200580	511	inside	1	12
638200580	511	TMhelix	13	35
638200580	511	outside	36	49
638200580	511	TMhelix	50	72
638200580	511	inside	73	92
638200580	511	TMhelix	93	115
638200580	511	outside	116	129
638200580	511	TMhelix	130	151
638200580	511	inside	152	157
638200580	511	TMhelix	158	180
638200580	511	outside	181	184
638200580	511	TMhelix	185	203
638200580	511	inside	204	223
638200580	511	TMhelix	224	246
638200580	511	outside	247	260
638200580	511	TMhelix	261	283
638200580	511	inside	284	308
638200580	511	TMhelix	309	331
638200580	511	outside	332	345
638200580	511	TMhelix	346	368
638200580	511	inside	369	374
638200580	511	TMhelix	375	397
638200580	511	outside	398	400
638200580	511	TMhelix	401	419
638200580	511	inside	420	431
638200580	511	TMhelix	432	451
638200580	511	outside	452	454
638200580	511	TMhelix	455	477
638200580	511	inside	478	511
638200581	352	outside	1	352
638200582	333	outside	1	333
638200583	47	outside	1	47
638200584	67	outside	1	67
638200585	133	outside	1	133
638200586	185	outside	1	185
638200587	105	outside	1	105
638200588	68	inside	1	68
638200589	169	outside	1	169
638200590	283	outside	1	283
638200593	446	outside	1	446
638200598	490	outside	1	14
638200598	490	TMhelix	15	37
638200598	490	inside	38	43
638200598	490	TMhelix	44	66
638200598	490	outside	67	88
638200598	490	TMhelix	89	111
638200598	490	inside	112	123
638200598	490	TMhelix	124	146
638200598	490	outside	147	155
638200598	490	TMhelix	156	178
638200598	490	inside	179	184
638200598	490	TMhelix	185	207
638200598	490	outside	208	266
638200598	490	TMhelix	267	289
638200598	490	inside	290	300
638200598	490	TMhelix	301	323
638200598	490	outside	324	332
638200598	490	TMhelix	333	350
638200598	490	inside	351	354
638200598	490	TMhelix	355	377
638200598	490	outside	378	380
638200598	490	TMhelix	381	400
638200598	490	inside	401	406
638200598	490	TMhelix	407	429
638200598	490	outside	430	433
638200598	490	TMhelix	434	456
638200598	490	inside	457	490
638200599	479	outside	1	479
638200600	100	outside	1	100
638200601	333	outside	1	333
638200602	695	inside	1	4
638200602	695	TMhelix	5	27
638200602	695	outside	28	30
638200602	695	TMhelix	31	50
638200602	695	inside	51	62
638200602	695	TMhelix	63	85
638200602	695	outside	86	94
638200602	695	TMhelix	95	114
638200602	695	inside	115	133
638200602	695	TMhelix	134	156
638200602	695	outside	157	160
638200602	695	TMhelix	161	178
638200602	695	inside	179	184
638200602	695	TMhelix	185	207
638200602	695	outside	208	253
638200602	695	TMhelix	254	276
638200602	695	inside	277	282
638200602	695	TMhelix	283	305
638200602	695	outside	306	308
638200602	695	TMhelix	309	328
638200602	695	inside	329	334
638200602	695	TMhelix	335	357
638200602	695	outside	358	376
638200602	695	TMhelix	377	399
638200602	695	inside	400	439
638200602	695	TMhelix	440	461
638200602	695	outside	462	470
638200602	695	TMhelix	471	493
638200602	695	inside	494	499
638200602	695	TMhelix	500	519
638200602	695	outside	520	538
638200602	695	TMhelix	539	561
638200602	695	inside	562	695
638200603	352	outside	1	309
638200603	352	TMhelix	310	329
638200603	352	inside	330	352
638200604	331	inside	1	230
638200604	331	TMhelix	231	253
638200604	331	outside	254	257
638200604	331	TMhelix	258	277
638200604	331	inside	278	288
638200604	331	TMhelix	289	311
638200604	331	outside	312	331
638200605	344	outside	1	344
638200606	213	inside	1	131
638200606	213	TMhelix	132	151
638200606	213	outside	152	213
638200607	233	outside	1	233
638200608	765	inside	1	12
638200608	765	TMhelix	13	30
638200608	765	outside	31	91
638200608	765	TMhelix	92	114
638200608	765	inside	115	125
638200608	765	TMhelix	126	143
638200608	765	outside	144	152
638200608	765	TMhelix	153	170
638200608	765	inside	171	181
638200608	765	TMhelix	182	201
638200608	765	outside	202	204
638200608	765	TMhelix	205	222
638200608	765	inside	223	226
638200608	765	TMhelix	227	249
638200608	765	outside	250	288
638200608	765	TMhelix	289	308
638200608	765	inside	309	314
638200608	765	TMhelix	315	337
638200608	765	outside	338	362
638200608	765	TMhelix	363	381
638200608	765	inside	382	387
638200608	765	TMhelix	388	405
638200608	765	outside	406	408
638200608	765	TMhelix	409	428
638200608	765	inside	429	434
638200608	765	TMhelix	435	457
638200608	765	outside	458	765
638200609	110	outside	1	110
638200610	70	outside	1	70
638200611	164	outside	1	164
638200612	268	outside	1	268
638200613	462	outside	1	462
638200616	145	outside	1	145
638200617	61	outside	1	61
638200618	80	outside	1	80
638200619	621	outside	1	621
638200620	326	outside	1	326
638200621	250	outside	1	250
638200622	201	inside	1	29
638200622	201	TMhelix	30	49
638200622	201	outside	50	52
638200622	201	TMhelix	53	72
638200622	201	inside	73	84
638200622	201	TMhelix	85	107
638200622	201	outside	108	201
638200623	89	outside	1	4
638200623	89	TMhelix	5	27
638200623	89	inside	28	33
638200623	89	TMhelix	34	56
638200623	89	outside	57	60
638200623	89	TMhelix	61	80
638200623	89	inside	81	89
638200624	103	inside	1	6
638200624	103	TMhelix	7	24
638200624	103	outside	25	38
638200624	103	TMhelix	39	58
638200624	103	inside	59	62
638200624	103	TMhelix	63	85
638200624	103	outside	86	103
638200625	151	outside	1	3
638200625	151	TMhelix	4	21
638200625	151	inside	22	22
638200625	151	TMhelix	23	45
638200625	151	outside	46	48
638200625	151	TMhelix	49	68
638200625	151	inside	69	74
638200625	151	TMhelix	75	97
638200625	151	outside	98	128
638200625	151	TMhelix	129	146
638200625	151	inside	147	151
638200626	127	inside	1	12
638200626	127	TMhelix	13	30
638200626	127	outside	31	33
638200626	127	TMhelix	34	56
638200626	127	inside	57	68
638200626	127	TMhelix	69	91
638200626	127	outside	92	100
638200626	127	TMhelix	101	123
638200626	127	inside	124	127
638200627	92	outside	1	4
638200627	92	TMhelix	5	20
638200627	92	inside	21	26
638200627	92	TMhelix	27	46
638200627	92	outside	47	65
638200627	92	TMhelix	66	88
638200627	92	inside	89	92
638200628	479	outside	1	3
638200628	479	TMhelix	4	23
638200628	479	inside	24	43
638200628	479	TMhelix	44	63
638200628	479	outside	64	77
638200628	479	TMhelix	78	100
638200628	479	inside	101	127
638200628	479	TMhelix	128	147
638200628	479	outside	148	161
638200628	479	TMhelix	162	184
638200628	479	inside	185	195
638200628	479	TMhelix	196	218
638200628	479	outside	219	227
638200628	479	TMhelix	228	247
638200628	479	inside	248	253
638200628	479	TMhelix	254	276
638200628	479	outside	277	301
638200628	479	TMhelix	302	324
638200628	479	inside	325	344
638200628	479	TMhelix	345	367
638200628	479	outside	368	376
638200628	479	TMhelix	377	396
638200628	479	inside	397	407
638200628	479	TMhelix	408	425
638200628	479	outside	426	434
638200628	479	TMhelix	435	452
638200628	479	inside	453	479
638200629	65	outside	1	65
638200630	216	outside	1	216
638200631	262	outside	1	262
638200632	424	outside	1	424
638200633	275	outside	1	275
638200634	384	outside	1	384
638200635	203	outside	1	19
638200635	203	TMhelix	20	42
638200635	203	inside	43	86
638200635	203	TMhelix	87	106
638200635	203	outside	107	109
638200635	203	TMhelix	110	132
638200635	203	inside	133	144
638200635	203	TMhelix	145	167
638200635	203	outside	168	203
638200636	231	outside	1	231
638200637	83	inside	1	6
638200637	83	TMhelix	7	29
638200637	83	outside	30	57
638200637	83	TMhelix	58	80
638200637	83	inside	81	83
638200638	390	outside	1	3
638200638	390	TMhelix	4	21
638200638	390	inside	22	27
638200638	390	TMhelix	28	45
638200638	390	outside	46	54
638200638	390	TMhelix	55	77
638200638	390	inside	78	83
638200638	390	TMhelix	84	106
638200638	390	outside	107	109
638200638	390	TMhelix	110	132
638200638	390	inside	133	143
638200638	390	TMhelix	144	166
638200638	390	outside	167	175
638200638	390	TMhelix	176	198
638200638	390	inside	199	210
638200638	390	TMhelix	211	228
638200638	390	outside	229	231
638200638	390	TMhelix	232	250
638200638	390	inside	251	270
638200638	390	TMhelix	271	293
638200638	390	outside	294	302
638200638	390	TMhelix	303	325
638200638	390	inside	326	331
638200638	390	TMhelix	332	354
638200638	390	outside	355	363
638200638	390	TMhelix	364	386
638200638	390	inside	387	390
638200639	548	outside	1	548
638200640	423	outside	1	423
638200641	880	outside	1	880
638200642	443	outside	1	443
638200644	116	outside	1	116
638200645	73	outside	1	73
638200646	177	outside	1	177
638200647	64	outside	1	64
638200648	140	outside	1	140
638200649	157	outside	1	157
638200650	109	outside	1	109
638200651	64	outside	1	23
638200651	64	TMhelix	24	46
638200651	64	inside	47	64
638200652	503	inside	1	6
638200652	503	TMhelix	7	24
638200652	503	outside	25	82
638200652	503	TMhelix	83	105
638200652	503	inside	106	137
638200652	503	TMhelix	138	155
638200652	503	outside	156	174
638200652	503	TMhelix	175	194
638200652	503	inside	195	200
638200652	503	TMhelix	201	223
638200652	503	outside	224	248
638200652	503	TMhelix	249	266
638200652	503	inside	267	272
638200652	503	TMhelix	273	295
638200652	503	outside	296	309
638200652	503	TMhelix	310	327
638200652	503	inside	328	338
638200652	503	TMhelix	339	361
638200652	503	outside	362	503
638200653	94	outside	1	94
638200654	394	outside	1	394
638200655	243	outside	1	243
638200656	465	outside	1	465
638200657	456	outside	1	456
638200658	405	outside	1	405
638200659	653	outside	1	653
638200660	374	inside	1	6
638200660	374	TMhelix	7	29
638200660	374	outside	30	374
638200661	773	outside	1	773
638200662	367	outside	1	367
638200663	75	outside	1	75
638200664	145	outside	1	145
638200665	154	outside	1	154
638200666	80	outside	1	80
638200667	209	outside	1	209
638200668	172	outside	1	172
638200669	214	outside	1	4
638200669	214	TMhelix	5	24
638200669	214	inside	25	214
638200670	95	outside	1	95
638200671	330	outside	1	330
638200672	93	outside	1	38
638200672	93	TMhelix	39	61
638200672	93	inside	62	93
638200673	592	outside	1	4
638200673	592	TMhelix	5	22
638200673	592	inside	23	60
638200673	592	TMhelix	61	83
638200673	592	outside	84	86
638200673	592	TMhelix	87	109
638200673	592	inside	110	133
638200673	592	TMhelix	134	156
638200673	592	outside	157	159
638200673	592	TMhelix	160	179
638200673	592	inside	180	185
638200673	592	TMhelix	186	205
638200673	592	outside	206	214
638200673	592	TMhelix	215	236
638200673	592	inside	237	240
638200673	592	TMhelix	241	263
638200673	592	outside	264	289
638200673	592	TMhelix	290	312
638200673	592	inside	313	324
638200673	592	TMhelix	325	347
638200673	592	outside	348	419
638200673	592	TMhelix	420	442
638200673	592	inside	443	470
638200673	592	TMhelix	471	493
638200673	592	outside	494	497
638200673	592	TMhelix	498	515
638200673	592	inside	516	527
638200673	592	TMhelix	528	550
638200673	592	outside	551	554
638200673	592	TMhelix	555	574
638200673	592	inside	575	592
638200674	244	outside	1	218
638200674	244	TMhelix	219	241
638200674	244	inside	242	244
638200675	593	outside	1	593
638200676	127	outside	1	127
638200677	285	inside	1	11
638200677	285	TMhelix	12	34
638200677	285	outside	35	48
638200677	285	TMhelix	49	66
638200677	285	inside	67	100
638200677	285	TMhelix	101	120
638200677	285	outside	121	123
638200677	285	TMhelix	124	143
638200677	285	inside	144	163
638200677	285	TMhelix	164	186
638200677	285	outside	187	195
638200677	285	TMhelix	196	218
638200677	285	inside	219	224
638200677	285	TMhelix	225	244
638200677	285	outside	245	258
638200677	285	TMhelix	259	281
638200677	285	inside	282	285
638200678	371	outside	1	371
638200679	238	outside	1	238
638200680	450	outside	1	450
638200681	449	outside	1	449
638200682	111	inside	1	6
638200682	111	TMhelix	7	26
638200682	111	outside	27	30
638200682	111	TMhelix	31	53
638200682	111	inside	54	65
638200682	111	TMhelix	66	85
638200682	111	outside	86	89
638200682	111	TMhelix	90	108
638200682	111	inside	109	111
638200683	443	outside	1	443
638200684	473	outside	1	473
638200685	294	outside	1	294
638200686	142	outside	1	142
638200687	135	outside	1	135
638200688	189	outside	1	189
638200689	169	outside	1	4
638200689	169	TMhelix	5	27
638200689	169	inside	28	33
638200689	169	TMhelix	34	52
638200689	169	outside	53	78
638200689	169	TMhelix	79	101
638200689	169	inside	102	107
638200689	169	TMhelix	108	125
638200689	169	outside	126	134
638200689	169	TMhelix	135	157
638200689	169	inside	158	169
638200690	275	inside	1	6
638200690	275	TMhelix	7	29
638200690	275	outside	30	164
638200690	275	TMhelix	165	187
638200690	275	inside	188	275
638200691	113	outside	1	113
638200692	139	outside	1	139
638200693	1214	outside	1	1214
638200694	271	outside	1	271
638200695	71	outside	1	71
638200696	105	outside	1	105
638200697	237	outside	1	237
638200698	278	outside	1	278
638200699	179	outside	1	179
638200700	238	outside	1	238
638200701	331	inside	1	6
638200701	331	TMhelix	7	29
638200701	331	outside	30	43
638200701	331	TMhelix	44	61
638200701	331	inside	62	65
638200701	331	TMhelix	66	85
638200701	331	outside	86	88
638200701	331	TMhelix	89	111
638200701	331	inside	112	117
638200701	331	TMhelix	118	135
638200701	331	outside	136	144
638200701	331	TMhelix	145	167
638200701	331	inside	168	178
638200701	331	TMhelix	179	201
638200701	331	outside	202	233
638200701	331	TMhelix	234	256
638200701	331	inside	257	275
638200701	331	TMhelix	276	298
638200701	331	outside	299	302
638200701	331	TMhelix	303	322
638200701	331	inside	323	331
638200702	817	outside	1	817
638200703	178	outside	1	178
638200704	64	inside	1	6
638200704	64	TMhelix	7	25
638200704	64	outside	26	64
638200705	65	outside	1	14
638200705	65	TMhelix	15	37
638200705	65	inside	38	65
638200706	675	inside	1	6
638200706	675	TMhelix	7	24
638200706	675	outside	25	54
638200706	675	TMhelix	55	74
638200706	675	inside	75	80
638200706	675	TMhelix	81	103
638200706	675	outside	104	122
638200706	675	TMhelix	123	145
638200706	675	inside	146	151
638200706	675	TMhelix	152	174
638200706	675	outside	175	195
638200706	675	TMhelix	196	214
638200706	675	inside	215	234
638200706	675	TMhelix	235	252
638200706	675	outside	253	271
638200706	675	TMhelix	272	294
638200706	675	inside	295	326
638200706	675	TMhelix	327	345
638200706	675	outside	346	364
638200706	675	TMhelix	365	387
638200706	675	inside	388	399
638200706	675	TMhelix	400	419
638200706	675	outside	420	675
638200707	690	outside	1	14
638200707	690	TMhelix	15	37
638200707	690	inside	38	41
638200707	690	TMhelix	42	61
638200707	690	outside	62	65
638200707	690	TMhelix	66	84
638200707	690	inside	85	96
638200707	690	TMhelix	97	119
638200707	690	outside	120	177
638200707	690	TMhelix	178	200
638200707	690	inside	201	220
638200707	690	TMhelix	221	243
638200707	690	outside	244	257
638200707	690	TMhelix	258	280
638200707	690	inside	281	292
638200707	690	TMhelix	293	310
638200707	690	outside	311	346
638200707	690	TMhelix	347	364
638200707	690	inside	365	368
638200707	690	TMhelix	369	386
638200707	690	outside	387	405
638200707	690	TMhelix	406	425
638200707	690	inside	426	429
638200707	690	TMhelix	430	448
638200707	690	outside	449	690
638200708	95	outside	1	95
638200709	276	outside	1	276
638200710	179	inside	1	179
638200711	457	outside	1	457
638200712	517	outside	1	14
638200712	517	TMhelix	15	37
638200712	517	inside	38	79
638200712	517	TMhelix	80	102
638200712	517	outside	103	147
638200712	517	TMhelix	148	167
638200712	517	inside	168	173
638200712	517	TMhelix	174	196
638200712	517	outside	197	200
638200712	517	TMhelix	201	223
638200712	517	inside	224	243
638200712	517	TMhelix	244	263
638200712	517	outside	264	272
638200712	517	TMhelix	273	290
638200712	517	inside	291	357
638200712	517	TMhelix	358	380
638200712	517	outside	381	408
638200712	517	TMhelix	409	431
638200712	517	inside	432	450
638200712	517	TMhelix	451	473
638200712	517	outside	474	487
638200712	517	TMhelix	488	505
638200712	517	inside	506	517
638200713	276	outside	1	14
638200713	276	TMhelix	15	37
638200713	276	inside	38	43
638200713	276	TMhelix	44	66
638200713	276	outside	67	80
638200713	276	TMhelix	81	103
638200713	276	inside	104	142
638200713	276	TMhelix	143	165
638200713	276	outside	166	276
638200714	134	inside	1	11
638200714	134	TMhelix	12	34
638200714	134	outside	35	134
638200715	314	outside	1	314
638200716	410	inside	1	6
638200716	410	TMhelix	7	26
638200716	410	outside	27	30
638200716	410	TMhelix	31	53
638200716	410	inside	54	410
638200717	143	inside	1	12
638200717	143	TMhelix	13	35
638200717	143	outside	36	54
638200717	143	TMhelix	55	77
638200717	143	inside	78	89
638200717	143	TMhelix	90	112
638200717	143	outside	113	116
638200717	143	TMhelix	117	136
638200717	143	inside	137	143
638200718	401	inside	1	6
638200718	401	TMhelix	7	29
638200718	401	outside	30	43
638200718	401	TMhelix	44	63
638200718	401	inside	64	74
638200718	401	TMhelix	75	94
638200718	401	outside	95	103
638200718	401	TMhelix	104	126
638200718	401	inside	127	132
638200718	401	TMhelix	133	152
638200718	401	outside	153	161
638200718	401	TMhelix	162	181
638200718	401	inside	182	201
638200718	401	TMhelix	202	224
638200718	401	outside	225	238
638200718	401	TMhelix	239	261
638200718	401	inside	262	273
638200718	401	TMhelix	274	296
638200718	401	outside	297	305
638200718	401	TMhelix	306	328
638200718	401	inside	329	340
638200718	401	TMhelix	341	360
638200718	401	outside	361	369
638200718	401	TMhelix	370	389
638200718	401	inside	390	401
638200719	390	outside	1	390
638200720	171	outside	1	171
638200721	62	inside	1	62
638200722	413	outside	1	413
638200723	257	outside	1	257
638200724	110	outside	1	110
638200725	457	outside	1	457
638200726	648	outside	1	648
638200727	202	inside	1	4
638200727	202	TMhelix	5	27
638200727	202	outside	28	202
638200728	443	outside	1	3
638200728	443	TMhelix	4	23
638200728	443	inside	24	27
638200728	443	TMhelix	28	50
638200728	443	outside	51	59
638200728	443	TMhelix	60	82
638200728	443	inside	83	88
638200728	443	TMhelix	89	111
638200728	443	outside	112	115
638200728	443	TMhelix	116	138
638200728	443	inside	139	158
638200728	443	TMhelix	159	181
638200728	443	outside	182	195
638200728	443	TMhelix	196	218
638200728	443	inside	219	224
638200728	443	TMhelix	225	247
638200728	443	outside	248	251
638200728	443	TMhelix	252	271
638200728	443	inside	272	291
638200728	443	TMhelix	292	311
638200728	443	outside	312	325
638200728	443	TMhelix	326	348
638200728	443	inside	349	354
638200728	443	TMhelix	355	377
638200728	443	outside	378	391
638200728	443	TMhelix	392	414
638200728	443	inside	415	443
638200729	145	outside	1	145
638200730	93	outside	1	93
638200731	133	outside	1	133
638200733	469	outside	1	469
638200734	244	outside	1	244
638200735	361	outside	1	361
638200736	201	inside	1	6
638200736	201	TMhelix	7	29
638200736	201	outside	30	48
638200736	201	TMhelix	49	66
638200736	201	inside	67	67
638200736	201	TMhelix	68	90
638200736	201	outside	91	111
638200736	201	TMhelix	112	134
638200736	201	inside	135	140
638200736	201	TMhelix	141	158
638200736	201	outside	159	177
638200736	201	TMhelix	178	200
638200736	201	inside	201	201
638200737	375	outside	1	375
638200738	262	outside	1	262
638200739	380	outside	1	380
638200740	97	outside	1	97
638200741	124	outside	1	124
638200742	375	outside	1	375
638200743	223	outside	1	223
638200744	336	outside	1	336
638200745	155	outside	1	155
638200746	335	outside	1	335
638200747	173	outside	1	173
638200748	148	outside	1	148
638200749	172	outside	1	172
638200750	208	outside	1	208
638200751	196	outside	1	196
638200752	349	outside	1	349
638200753	208	outside	1	208
638200754	60	outside	1	60
638200755	317	outside	1	317
638200756	262	outside	1	262
638200757	383	outside	1	383
638200758	152	outside	1	152
638200759	308	outside	1	308
638200760	99	outside	1	99
638200761	392	inside	1	11
638200761	392	TMhelix	12	34
638200761	392	outside	35	48
638200761	392	TMhelix	49	71
638200761	392	inside	72	147
638200761	392	TMhelix	148	167
638200761	392	outside	168	171
638200761	392	TMhelix	172	194
638200761	392	inside	195	213
638200761	392	TMhelix	214	236
638200761	392	outside	237	250
638200761	392	TMhelix	251	273
638200761	392	inside	274	279
638200761	392	TMhelix	280	297
638200761	392	outside	298	301
638200761	392	TMhelix	302	319
638200761	392	inside	320	339
638200761	392	TMhelix	340	362
638200761	392	outside	363	366
638200761	392	TMhelix	367	389
638200761	392	inside	390	392
638200762	454	inside	1	8
638200762	454	TMhelix	9	31
638200762	454	outside	32	454
638200763	389	outside	1	389
638200764	296	outside	1	296
638200765	137	outside	1	137
638200766	208	outside	1	208
638200767	369	outside	1	369
638200768	455	outside	1	455
638200769	161	outside	1	161
638200770	137	outside	1	137
638200771	170	outside	1	170
638200772	398	inside	1	22
638200772	398	TMhelix	23	45
638200772	398	outside	46	54
638200772	398	TMhelix	55	77
638200772	398	inside	78	96
638200772	398	TMhelix	97	119
638200772	398	outside	120	128
638200772	398	TMhelix	129	151
638200772	398	inside	152	170
638200772	398	TMhelix	171	193
638200772	398	outside	194	197
638200772	398	TMhelix	198	217
638200772	398	inside	218	225
638200772	398	TMhelix	226	248
638200772	398	outside	249	257
638200772	398	TMhelix	258	280
638200772	398	inside	281	303
638200772	398	TMhelix	304	326
638200772	398	outside	327	335
638200772	398	TMhelix	336	358
638200772	398	inside	359	370
638200772	398	TMhelix	371	393
638200772	398	outside	394	398
638200773	356	outside	1	356
638200774	440	inside	1	29
638200774	440	TMhelix	30	52
638200774	440	outside	53	61
638200774	440	TMhelix	62	80
638200774	440	inside	81	91
638200774	440	TMhelix	92	114
638200774	440	outside	115	117
638200774	440	TMhelix	118	140
638200774	440	inside	141	159
638200774	440	TMhelix	160	177
638200774	440	outside	178	180
638200774	440	TMhelix	181	198
638200774	440	inside	199	241
638200774	440	TMhelix	242	264
638200774	440	outside	265	273
638200774	440	TMhelix	274	296
638200774	440	inside	297	302
638200774	440	TMhelix	303	325
638200774	440	outside	326	334
638200774	440	TMhelix	335	357
638200774	440	inside	358	368
638200774	440	TMhelix	369	391
638200774	440	outside	392	400
638200774	440	TMhelix	401	418
638200774	440	inside	419	440
638200775	625	outside	1	625
638200776	162	outside	1	162
638200777	76	inside	1	4
638200777	76	TMhelix	5	23
638200777	76	outside	24	37
638200777	76	TMhelix	38	60
638200777	76	inside	61	76
638200778	637	outside	1	637
638200779	144	outside	1	144
638200780	562	outside	1	562
638200781	332	outside	1	332
638200782	486	outside	1	486
638200783	423	outside	1	423
638200784	164	inside	1	164
638200785	354	outside	1	354
638200786	526	outside	1	526
638200787	551	outside	1	551
638200788	284	outside	1	284
638200789	141	outside	1	141
638200790	122	outside	1	122
638200791	128	outside	1	128
638200792	104	outside	1	104
638200795	72	inside	1	6
638200795	72	TMhelix	7	29
638200795	72	outside	30	38
638200795	72	TMhelix	39	61
638200795	72	inside	62	72
638200796	840	outside	1	840
638200797	263	outside	1	263
638200798	334	outside	1	334
638200799	395	outside	1	395
638200800	105	outside	1	105
638200801	311	outside	1	311
638200802	395	outside	1	395
638200803	105	outside	1	105
638200804	185	outside	1	185
638200805	350	outside	1	350
638200806	388	outside	1	388
638200807	134	outside	1	134
638200808	149	outside	1	149
638200809	79	inside	1	20
638200809	79	TMhelix	21	40
638200809	79	outside	41	54
638200809	79	TMhelix	55	77
638200809	79	inside	78	79
638200810	196	inside	1	4
638200810	196	TMhelix	5	22
638200810	196	outside	23	26
638200810	196	TMhelix	27	49
638200810	196	inside	50	60
638200810	196	TMhelix	61	83
638200810	196	outside	84	97
638200810	196	TMhelix	98	120
638200810	196	inside	121	168
638200810	196	TMhelix	169	191
638200810	196	outside	192	196
638200811	172	outside	1	172
638200812	228	outside	1	228
638200814	410	inside	1	27
638200814	410	TMhelix	28	50
638200814	410	outside	51	59
638200814	410	TMhelix	60	82
638200814	410	inside	83	93
638200814	410	TMhelix	94	116
638200814	410	outside	117	174
638200814	410	TMhelix	175	197
638200814	410	inside	198	240
638200814	410	TMhelix	241	263
638200814	410	outside	264	272
638200814	410	TMhelix	273	295
638200814	410	inside	296	301
638200814	410	TMhelix	302	320
638200814	410	outside	321	323
638200814	410	TMhelix	324	341
638200814	410	inside	342	361
638200814	410	TMhelix	362	384
638200814	410	outside	385	388
638200814	410	TMhelix	389	408
638200814	410	inside	409	410
638200815	185	outside	1	185
638200816	249	outside	1	249
638200817	63	outside	1	63
638200818	110	outside	1	110
638200819	209	outside	1	209
638200820	194	outside	1	194
638200821	212	outside	1	212
638200822	500	outside	1	500
638200823	556	outside	1	556
638200824	459	outside	1	459
638200825	348	outside	1	348
638200826	308	inside	1	45
638200826	308	TMhelix	46	68
638200826	308	outside	69	71
638200826	308	TMhelix	72	89
638200826	308	inside	90	213
638200826	308	TMhelix	214	236
638200826	308	outside	237	255
638200826	308	TMhelix	256	275
638200826	308	inside	276	281
638200826	308	TMhelix	282	301
638200826	308	outside	302	308
638200827	355	inside	1	118
638200827	355	TMhelix	119	141
638200827	355	outside	142	144
638200827	355	TMhelix	145	167
638200827	355	inside	168	292
638200827	355	TMhelix	293	315
638200827	355	outside	316	324
638200827	355	TMhelix	325	347
638200827	355	inside	348	355
638200828	814	outside	1	814
638200829	305	outside	1	305
638200830	480	inside	1	63
638200830	480	TMhelix	64	86
638200830	480	outside	87	480
638200831	113	outside	1	113
638200832	355	outside	1	355
638200833	363	outside	1	363
638200834	404	outside	1	404
638200835	225	outside	1	225
638200836	428	inside	1	46
638200836	428	TMhelix	47	69
638200836	428	outside	70	78
638200836	428	TMhelix	79	101
638200836	428	inside	102	113
638200836	428	TMhelix	114	133
638200836	428	outside	134	137
638200836	428	TMhelix	138	157
638200836	428	inside	158	177
638200836	428	TMhelix	178	200
638200836	428	outside	201	203
638200836	428	TMhelix	204	226
638200836	428	inside	227	246
638200836	428	TMhelix	247	269
638200836	428	outside	270	283
638200836	428	TMhelix	284	303
638200836	428	inside	304	309
638200836	428	TMhelix	310	332
638200836	428	outside	333	336
638200836	428	TMhelix	337	356
638200836	428	inside	357	368
638200836	428	TMhelix	369	391
638200836	428	outside	392	400
638200836	428	TMhelix	401	423
638200836	428	inside	424	428
638200837	262	outside	1	262
638200838	214	outside	1	214
638200839	405	inside	1	4
638200839	405	TMhelix	5	23
638200839	405	outside	24	37
638200839	405	TMhelix	38	60
638200839	405	inside	61	80
638200839	405	TMhelix	81	100
638200839	405	outside	101	109
638200839	405	TMhelix	110	132
638200839	405	inside	133	138
638200839	405	TMhelix	139	158
638200839	405	outside	159	177
638200839	405	TMhelix	178	200
638200839	405	inside	201	206
638200839	405	TMhelix	207	229
638200839	405	outside	230	287
638200839	405	TMhelix	288	310
638200839	405	inside	311	322
638200839	405	TMhelix	323	345
638200839	405	outside	346	348
638200839	405	TMhelix	349	368
638200839	405	inside	369	380
638200839	405	TMhelix	381	403
638200839	405	outside	404	405
638200840	223	outside	1	223
638200841	186	inside	1	22
638200841	186	TMhelix	23	45
638200841	186	outside	46	186
638200842	75	outside	1	75
638200843	477	outside	1	477
638200844	98	outside	1	98
638200845	254	outside	1	254
638200846	115	inside	1	115
638200847	181	outside	1	181
638200848	254	inside	1	6
638200848	254	TMhelix	7	29
638200848	254	outside	30	38
638200848	254	TMhelix	39	61
638200848	254	inside	62	65
638200848	254	TMhelix	66	88
638200848	254	outside	89	109
638200848	254	TMhelix	110	132
638200848	254	inside	133	171
638200848	254	TMhelix	172	194
638200848	254	outside	195	198
638200848	254	TMhelix	199	216
638200848	254	inside	217	228
638200848	254	TMhelix	229	248
638200848	254	outside	249	254
638200849	111	outside	1	111
638200850	478	outside	1	478
638200851	446	outside	1	446
638200852	159	outside	1	159
638200853	468	inside	1	20
638200853	468	TMhelix	21	40
638200853	468	outside	41	59
638200853	468	TMhelix	60	82
638200853	468	inside	83	101
638200853	468	TMhelix	102	124
638200853	468	outside	125	138
638200853	468	TMhelix	139	161
638200853	468	inside	162	173
638200853	468	TMhelix	174	193
638200853	468	outside	194	196
638200853	468	TMhelix	197	219
638200853	468	inside	220	323
638200853	468	TMhelix	324	346
638200853	468	outside	347	365
638200853	468	TMhelix	366	388
638200853	468	inside	389	400
638200853	468	TMhelix	401	423
638200853	468	outside	424	437
638200853	468	TMhelix	438	460
638200853	468	inside	461	468
638200854	449	inside	1	19
638200854	449	TMhelix	20	37
638200854	449	outside	38	56
638200854	449	TMhelix	57	79
638200854	449	inside	80	99
638200854	449	TMhelix	100	122
638200854	449	outside	123	136
638200854	449	TMhelix	137	159
638200854	449	inside	160	171
638200854	449	TMhelix	172	191
638200854	449	outside	192	195
638200854	449	TMhelix	196	218
638200854	449	inside	219	256
638200854	449	TMhelix	257	279
638200854	449	outside	280	316
638200854	449	TMhelix	317	339
638200854	449	inside	340	359
638200854	449	TMhelix	360	382
638200854	449	outside	383	416
638200854	449	TMhelix	417	439
638200854	449	inside	440	449
638200855	448	outside	1	448
638200856	202	outside	1	202
638200857	430	outside	1	430
638200858	68	inside	1	68
638200859	133	outside	1	133
638200860	94	outside	1	94
638200861	402	outside	1	402
638200863	144	outside	1	144
638200864	295	outside	1	295
638200865	250	outside	1	250
638200866	386	outside	1	386
638200867	442	outside	1	442
638200868	157	outside	1	157
638200869	157	outside	1	157
638200870	685	outside	1	685
638200871	643	outside	1	643
638200873	93	outside	1	93
638200874	190	inside	1	190
638200875	247	outside	1	247
638200876	253	outside	1	3
638200876	253	TMhelix	4	23
638200876	253	inside	24	29
638200876	253	TMhelix	30	52
638200876	253	outside	53	114
638200876	253	TMhelix	115	137
638200876	253	inside	138	148
638200876	253	TMhelix	149	171
638200876	253	outside	172	175
638200876	253	TMhelix	176	198
638200876	253	inside	199	210
638200876	253	TMhelix	211	228
638200876	253	outside	229	253
638200877	125	outside	1	125
638200878	333	inside	1	4
638200878	333	TMhelix	5	24
638200878	333	outside	25	232
638200878	333	TMhelix	233	252
638200878	333	inside	253	333
638200879	292	outside	1	9
638200879	292	TMhelix	10	32
638200879	292	inside	33	38
638200879	292	TMhelix	39	61
638200879	292	outside	62	70
638200879	292	TMhelix	71	93
638200879	292	inside	94	99
638200879	292	TMhelix	100	122
638200879	292	outside	123	126
638200879	292	TMhelix	127	146
638200879	292	inside	147	152
638200879	292	TMhelix	153	175
638200879	292	outside	176	184
638200879	292	TMhelix	185	207
638200879	292	inside	208	218
638200879	292	TMhelix	219	238
638200879	292	outside	239	247
638200879	292	TMhelix	248	267
638200879	292	inside	268	273
638200879	292	TMhelix	274	291
638200879	292	outside	292	292
638200880	245	outside	1	245
638200881	277	outside	1	277
638200882	168	outside	1	168
638200883	1112	outside	1	1112
638200884	140	outside	1	140
638200886	138	outside	1	138
638200887	392	outside	1	392
638200888	358	outside	1	358
638200889	264	outside	1	264
638200890	335	outside	1	335
638200891	442	outside	1	442
638200892	200	outside	1	200
638200893	632	outside	1	632
638200894	280	inside	1	6
638200894	280	TMhelix	7	29
638200894	280	outside	30	33
638200894	280	TMhelix	34	53
638200894	280	inside	54	59
638200894	280	TMhelix	60	82
638200894	280	outside	83	91
638200894	280	TMhelix	92	110
638200894	280	inside	111	116
638200894	280	TMhelix	117	139
638200894	280	outside	140	153
638200894	280	TMhelix	154	176
638200894	280	inside	177	196
638200894	280	TMhelix	197	219
638200894	280	outside	220	247
638200894	280	TMhelix	248	270
638200894	280	inside	271	280
638200895	344	outside	1	344
638200896	188	outside	1	188
638200897	155	inside	1	6
638200897	155	TMhelix	7	29
638200897	155	outside	30	155
638200898	452	outside	1	452
638200899	263	outside	1	263
638200902	461	outside	1	461
638200904	378	outside	1	231
638200904	378	TMhelix	232	254
638200904	378	inside	255	260
638200904	378	TMhelix	261	283
638200904	378	outside	284	305
638200904	378	TMhelix	306	328
638200904	378	inside	329	348
638200904	378	TMhelix	349	371
638200904	378	outside	372	378
638200905	368	outside	1	368
638200906	423	inside	1	35
638200906	423	TMhelix	36	58
638200906	423	outside	59	67
638200906	423	TMhelix	68	90
638200906	423	inside	91	102
638200906	423	TMhelix	103	125
638200906	423	outside	126	139
638200906	423	TMhelix	140	162
638200906	423	inside	163	168
638200906	423	TMhelix	169	187
638200906	423	outside	188	190
638200906	423	TMhelix	191	213
638200906	423	inside	214	232
638200906	423	TMhelix	233	255
638200906	423	outside	256	264
638200906	423	TMhelix	265	287
638200906	423	inside	288	306
638200906	423	TMhelix	307	329
638200906	423	outside	330	343
638200906	423	TMhelix	344	363
638200906	423	inside	364	369
638200906	423	TMhelix	370	389
638200906	423	outside	390	392
638200906	423	TMhelix	393	415
638200906	423	inside	416	423
638200907	756	outside	1	3
638200907	756	TMhelix	4	23
638200907	756	inside	24	29
638200907	756	TMhelix	30	49
638200907	756	outside	50	68
638200907	756	TMhelix	69	91
638200907	756	inside	92	97
638200907	756	TMhelix	98	117
638200907	756	outside	118	126
638200907	756	TMhelix	127	146
638200907	756	inside	147	152
638200907	756	TMhelix	153	170
638200907	756	outside	171	179
638200907	756	TMhelix	180	202
638200907	756	inside	203	222
638200907	756	TMhelix	223	242
638200907	756	outside	243	270
638200907	756	TMhelix	271	293
638200907	756	inside	294	313
638200907	756	TMhelix	314	336
638200907	756	outside	337	348
638200907	756	TMhelix	349	371
638200907	756	inside	372	383
638200907	756	TMhelix	384	406
638200907	756	outside	407	420
638200907	756	TMhelix	421	443
638200907	756	inside	444	455
638200907	756	TMhelix	456	475
638200907	756	outside	476	756
638200908	248	inside	1	4
638200908	248	TMhelix	5	27
638200908	248	outside	28	248
638200909	836	outside	1	836
638200910	390	outside	1	390
638200911	766	inside	1	12
638200911	766	TMhelix	13	30
638200911	766	outside	31	92
638200911	766	TMhelix	93	115
638200911	766	inside	116	126
638200911	766	TMhelix	127	144
638200911	766	outside	145	153
638200911	766	TMhelix	154	171
638200911	766	inside	172	177
638200911	766	TMhelix	178	195
638200911	766	outside	196	199
638200911	766	TMhelix	200	219
638200911	766	inside	220	223
638200911	766	TMhelix	224	246
638200911	766	outside	247	275
638200911	766	TMhelix	276	298
638200911	766	inside	299	310
638200911	766	TMhelix	311	333
638200911	766	outside	334	352
638200911	766	TMhelix	353	372
638200911	766	inside	373	383
638200911	766	TMhelix	384	401
638200911	766	outside	402	404
638200911	766	TMhelix	405	427
638200911	766	inside	428	437
638200911	766	TMhelix	438	455
638200911	766	outside	456	766
638200912	178	outside	1	9
638200912	178	TMhelix	10	32
638200912	178	inside	33	51
638200912	178	TMhelix	52	74
638200912	178	outside	75	83
638200912	178	TMhelix	84	103
638200912	178	inside	104	107
638200912	178	TMhelix	108	125
638200912	178	outside	126	144
638200912	178	TMhelix	145	167
638200912	178	inside	168	178
638200913	200	outside	1	200
638200915	143	outside	1	143
638200916	499	outside	1	4
638200916	499	TMhelix	5	27
638200916	499	inside	28	33
638200916	499	TMhelix	34	56
638200916	499	outside	57	80
638200916	499	TMhelix	81	103
638200916	499	inside	104	109
638200916	499	TMhelix	110	129
638200916	499	outside	130	132
638200916	499	TMhelix	133	155
638200916	499	inside	156	166
638200916	499	TMhelix	167	189
638200916	499	outside	190	206
638200916	499	TMhelix	207	229
638200916	499	inside	230	240
638200916	499	TMhelix	241	263
638200916	499	outside	264	272
638200916	499	TMhelix	273	295
638200916	499	inside	296	307
638200916	499	TMhelix	308	330
638200916	499	outside	331	334
638200916	499	TMhelix	335	357
638200916	499	inside	358	376
638200916	499	TMhelix	377	399
638200916	499	outside	400	413
638200916	499	TMhelix	414	436
638200916	499	inside	437	456
638200916	499	TMhelix	457	476
638200916	499	outside	477	499
638200917	161	outside	1	3
638200917	161	TMhelix	4	22
638200917	161	inside	23	26
638200917	161	TMhelix	27	46
638200917	161	outside	47	55
638200917	161	TMhelix	56	78
638200917	161	inside	79	161
638200918	123	outside	1	4
638200918	123	TMhelix	5	22
638200918	123	inside	23	30
638200918	123	TMhelix	31	53
638200918	123	outside	54	81
638200918	123	TMhelix	82	104
638200918	123	inside	105	123
638200919	239	inside	1	4
638200919	239	TMhelix	5	27
638200919	239	outside	28	65
638200919	239	TMhelix	66	83
638200919	239	inside	84	103
638200919	239	TMhelix	104	126
638200919	239	outside	127	130
638200919	239	TMhelix	131	153
638200919	239	inside	154	165
638200919	239	TMhelix	166	188
638200919	239	outside	189	207
638200919	239	TMhelix	208	230
638200919	239	inside	231	239
638200920	84	outside	1	4
638200920	84	TMhelix	5	24
638200920	84	inside	25	28
638200920	84	TMhelix	29	51
638200920	84	outside	52	54
638200920	84	TMhelix	55	74
638200920	84	inside	75	84
638200921	114	outside	1	4
638200921	114	TMhelix	5	27
638200921	114	inside	28	38
638200921	114	TMhelix	39	61
638200921	114	outside	62	70
638200921	114	TMhelix	71	93
638200921	114	inside	94	114
638200922	94	inside	1	6
638200922	94	TMhelix	7	28
638200922	94	outside	29	37
638200922	94	TMhelix	38	60
638200922	94	inside	61	61
638200922	94	TMhelix	62	84
638200922	94	outside	85	94
638200923	94	outside	1	94
638200924	271	outside	1	271
638200925	185	outside	1	185
638200926	588	outside	1	588
638200927	299	inside	1	1
638200927	299	TMhelix	2	19
638200927	299	outside	20	63
638200927	299	TMhelix	64	86
638200927	299	inside	87	90
638200927	299	TMhelix	91	113
638200927	299	outside	114	127
638200927	299	TMhelix	128	150
638200927	299	inside	151	156
638200927	299	TMhelix	157	179
638200927	299	outside	180	193
638200927	299	TMhelix	194	216
638200927	299	inside	217	220
638200927	299	TMhelix	221	240
638200927	299	outside	241	244
638200927	299	TMhelix	245	267
638200927	299	inside	268	279
638200927	299	TMhelix	280	297
638200927	299	outside	298	299
638200928	647	outside	1	3
638200928	647	TMhelix	4	21
638200928	647	inside	22	27
638200928	647	TMhelix	28	45
638200928	647	outside	46	59
638200928	647	TMhelix	60	82
638200928	647	inside	83	94
638200928	647	TMhelix	95	114
638200928	647	outside	115	117
638200928	647	TMhelix	118	137
638200928	647	inside	138	149
638200928	647	TMhelix	150	172
638200928	647	outside	173	191
638200928	647	TMhelix	192	214
638200928	647	inside	215	226
638200928	647	TMhelix	227	249
638200928	647	outside	250	253
638200928	647	TMhelix	254	276
638200928	647	inside	277	282
638200928	647	TMhelix	283	305
638200928	647	outside	306	358
638200928	647	TMhelix	359	381
638200928	647	inside	382	393
638200928	647	TMhelix	394	416
638200928	647	outside	417	440
638200928	647	TMhelix	441	463
638200928	647	inside	464	483
638200928	647	TMhelix	484	506
638200928	647	outside	507	548
638200928	647	TMhelix	549	571
638200928	647	inside	572	623
638200928	647	TMhelix	624	646
638200928	647	outside	647	647
638200929	486	outside	1	3
638200929	486	TMhelix	4	26
638200929	486	inside	27	32
638200929	486	TMhelix	33	55
638200929	486	outside	56	74
638200929	486	TMhelix	75	97
638200929	486	inside	98	117
638200929	486	TMhelix	118	135
638200929	486	outside	136	138
638200929	486	TMhelix	139	161
638200929	486	inside	162	172
638200929	486	TMhelix	173	192
638200929	486	outside	193	211
638200929	486	TMhelix	212	234
638200929	486	inside	235	245
638200929	486	TMhelix	246	268
638200929	486	outside	269	277
638200929	486	TMhelix	278	297
638200929	486	inside	298	303
638200929	486	TMhelix	304	326
638200929	486	outside	327	338
638200929	486	TMhelix	339	361
638200929	486	inside	362	373
638200929	486	TMhelix	374	396
638200929	486	outside	397	415
638200929	486	TMhelix	416	438
638200929	486	inside	439	458
638200929	486	TMhelix	459	481
638200929	486	outside	482	486
638200930	164	outside	1	164
638200931	686	outside	1	686
638200932	152	inside	1	109
638200932	152	TMhelix	110	129
638200932	152	outside	130	132
638200932	152	TMhelix	133	150
638200932	152	inside	151	152
638200933	201	inside	1	6
638200933	201	TMhelix	7	26
638200933	201	outside	27	201
638200934	175	outside	1	4
638200934	175	TMhelix	5	27
638200934	175	inside	28	175
638200935	327	inside	1	6
638200935	327	TMhelix	7	29
638200935	327	outside	30	134
638200935	327	TMhelix	135	152
638200935	327	inside	153	168
638200935	327	TMhelix	169	191
638200935	327	outside	192	327
638200936	133	inside	1	6
638200936	133	TMhelix	7	24
638200936	133	outside	25	133
638200937	305	inside	1	6
638200937	305	TMhelix	7	26
638200937	305	outside	27	214
638200937	305	TMhelix	215	237
638200937	305	inside	238	305
638200938	642	inside	1	6
638200938	642	TMhelix	7	29
638200938	642	outside	30	615
638200938	642	TMhelix	616	638
638200938	642	inside	639	642
638200939	572	inside	1	20
638200939	572	TMhelix	21	43
638200939	572	outside	44	52
638200939	572	TMhelix	53	75
638200939	572	inside	76	203
638200939	572	TMhelix	204	226
638200939	572	outside	227	229
638200939	572	TMhelix	230	252
638200939	572	inside	253	277
638200939	572	TMhelix	278	297
638200939	572	outside	298	306
638200939	572	TMhelix	307	324
638200939	572	inside	325	447
638200939	572	TMhelix	448	470
638200939	572	outside	471	503
638200939	572	TMhelix	504	521
638200939	572	inside	522	532
638200939	572	TMhelix	533	555
638200939	572	outside	556	572
638200940	537	outside	1	537
638200941	232	outside	1	232
638200942	164	outside	1	14
638200942	164	TMhelix	15	37
638200942	164	inside	38	164
638200943	155	outside	1	4
638200943	155	TMhelix	5	27
638200943	155	inside	28	155
638200944	419	outside	1	419
638200945	160	outside	1	160
638200946	222	inside	1	6
638200946	222	TMhelix	7	29
638200946	222	outside	30	222
638200947	219	inside	1	6
638200947	219	TMhelix	7	29
638200947	219	outside	30	219
638200948	175	inside	1	16
638200948	175	TMhelix	17	39
638200948	175	outside	40	175
638200949	320	outside	1	320
638200950	108	outside	1	108
638200951	320	outside	1	320
638200952	251	outside	1	251
638200953	57	outside	1	57
638200954	18	inside	1	18
638200955	270	outside	1	4
638200955	270	TMhelix	5	27
638200955	270	inside	28	39
638200955	270	TMhelix	40	62
638200955	270	outside	63	270
638200956	422	outside	1	422
638200957	472	outside	1	472
638200958	217	outside	1	217
638200960	241	outside	1	9
638200960	241	TMhelix	10	32
638200960	241	inside	33	217
638200960	241	TMhelix	218	240
638200960	241	outside	241	241
638200961	128	inside	1	4
638200961	128	TMhelix	5	24
638200961	128	outside	25	33
638200961	128	TMhelix	34	56
638200961	128	inside	57	76
638200961	128	TMhelix	77	99
638200961	128	outside	100	103
638200961	128	TMhelix	104	123
638200961	128	inside	124	128
638200962	160	inside	1	11
638200962	160	TMhelix	12	31
638200962	160	outside	32	40
638200962	160	TMhelix	41	63
638200962	160	inside	64	83
638200962	160	TMhelix	84	101
638200962	160	outside	102	113
638200962	160	TMhelix	114	136
638200962	160	inside	137	160
638200964	387	outside	1	387
638200965	428	outside	1	428
638200966	112	outside	1	112
638200967	241	outside	1	241
638200968	115	outside	1	115
638200969	330	outside	1	330
638200970	123	outside	1	123
638200971	117	outside	1	117
638200972	304	outside	1	304
638200973	242	outside	1	242
638200974	207	outside	1	207
638200975	111	outside	1	111
638200976	357	outside	1	357
638200977	51	inside	1	51
638200978	94	outside	1	94
638200979	227	outside	1	227
638200980	77	outside	1	77
638200981	148	outside	1	148
638200982	397	outside	1	397
638200983	322	outside	1	296
638200983	322	TMhelix	297	316
638200983	322	inside	317	322
638200984	437	outside	1	437
638200985	169	outside	1	169
638200986	333	outside	1	333
638200987	331	outside	1	331
638200988	253	inside	1	10
638200988	253	TMhelix	11	33
638200988	253	outside	34	42
638200988	253	TMhelix	43	65
638200988	253	inside	66	69
638200988	253	TMhelix	70	92
638200988	253	outside	93	95
638200988	253	TMhelix	96	115
638200988	253	inside	116	134
638200988	253	TMhelix	135	157
638200988	253	outside	158	166
638200988	253	TMhelix	167	189
638200988	253	inside	190	193
638200988	253	TMhelix	194	216
638200988	253	outside	217	230
638200988	253	TMhelix	231	250
638200988	253	inside	251	253
638200989	265	outside	1	265
638200990	197	outside	1	197
638200991	355	outside	1	4
638200991	355	TMhelix	5	27
638200991	355	inside	28	33
638200991	355	TMhelix	34	53
638200991	355	outside	54	56
638200991	355	TMhelix	57	79
638200991	355	inside	80	85
638200991	355	TMhelix	86	108
638200991	355	outside	109	117
638200991	355	TMhelix	118	140
638200991	355	inside	141	172
638200991	355	TMhelix	173	195
638200991	355	outside	196	355
638200992	313	outside	1	313
638200993	787	outside	1	787
638200994	323	outside	1	323
638200995	319	outside	1	319
638200996	322	outside	1	322
638200997	309	inside	1	18
638200997	309	TMhelix	19	41
638200997	309	outside	42	104
638200997	309	TMhelix	105	127
638200997	309	inside	128	139
638200997	309	TMhelix	140	162
638200997	309	outside	163	236
638200997	309	TMhelix	237	259
638200997	309	inside	260	271
638200997	309	TMhelix	272	294
638200997	309	outside	295	309
638200998	330	inside	1	11
638200998	330	TMhelix	12	34
638200998	330	outside	35	106
638200998	330	TMhelix	107	129
638200998	330	inside	130	140
638200998	330	TMhelix	141	163
638200998	330	outside	164	189
638200998	330	TMhelix	190	212
638200998	330	inside	213	254
638200998	330	TMhelix	255	277
638200998	330	outside	278	296
638200998	330	TMhelix	297	319
638200998	330	inside	320	330
638200999	633	inside	1	4
638200999	633	TMhelix	5	24
638200999	633	outside	25	608
638200999	633	TMhelix	609	628
638200999	633	inside	629	633
638201000	483	outside	1	483
638201001	72	inside	1	72
638201002	149	outside	1	149
638201003	267	outside	1	267
638201004	382	outside	1	382
638201005	435	outside	1	435
638201006	340	outside	1	340
638201007	251	inside	1	6
638201007	251	TMhelix	7	29
638201007	251	outside	30	251
638201008	739	inside	1	6
638201008	739	TMhelix	7	29
638201008	739	outside	30	274
638201008	739	TMhelix	275	294
638201008	739	inside	295	306
638201008	739	TMhelix	307	329
638201008	739	outside	330	739
638201009	163	outside	1	163
638201010	212	outside	1	212
638201011	214	outside	1	214
638201012	772	outside	1	772
638201013	368	outside	1	368
638201014	120	outside	1	120
638201015	283	outside	1	283
638201016	374	outside	1	374
638201017	145	outside	1	145
638201018	354	outside	1	3
638201018	354	TMhelix	4	21
638201018	354	inside	22	354
638201019	314	outside	1	4
638201019	314	TMhelix	5	27
638201019	314	inside	28	39
638201019	314	TMhelix	40	62
638201019	314	outside	63	71
638201019	314	TMhelix	72	94
638201019	314	inside	95	100
638201019	314	TMhelix	101	123
638201019	314	outside	124	127
638201019	314	TMhelix	128	145
638201019	314	inside	146	165
638201019	314	TMhelix	166	184
638201019	314	outside	185	193
638201019	314	TMhelix	194	216
638201019	314	inside	217	228
638201019	314	TMhelix	229	251
638201019	314	outside	252	260
638201019	314	TMhelix	261	283
638201019	314	inside	284	289
638201019	314	TMhelix	290	312
638201019	314	outside	313	314
638201020	224	outside	1	224
638201021	147	inside	1	11
638201021	147	TMhelix	12	34
638201021	147	outside	35	48
638201021	147	TMhelix	49	71
638201021	147	inside	72	147
638201022	299	inside	1	2
638201022	299	TMhelix	3	25
638201022	299	outside	26	299
638201024	123	outside	1	123
638201025	153	outside	1	153
638201026	219	outside	1	219
638201027	69	outside	1	69
638201028	516	outside	1	516
638201029	340	outside	1	340
638201032	325	outside	1	325
638201034	96	outside	1	96
638201035	501	outside	1	501
638201036	188	outside	1	26
638201036	188	TMhelix	27	44
638201036	188	inside	45	63
638201036	188	TMhelix	64	86
638201036	188	outside	87	105
638201036	188	TMhelix	106	128
638201036	188	inside	129	134
638201036	188	TMhelix	135	157
638201036	188	outside	158	166
638201036	188	TMhelix	167	186
638201036	188	inside	187	188
638201037	62	inside	1	62
638201038	186	outside	1	186
638201039	256	outside	1	256
638201040	532	outside	1	532
638201041	198	outside	1	198
638201042	186	inside	1	31
638201042	186	TMhelix	32	54
638201042	186	outside	55	94
638201042	186	TMhelix	95	117
638201042	186	inside	118	152
638201042	186	TMhelix	153	175
638201042	186	outside	176	186
638201043	229	outside	1	229
638201044	653	outside	1	653
638201045	350	outside	1	260
638201045	350	TMhelix	261	280
638201045	350	inside	281	284
638201045	350	TMhelix	285	307
638201045	350	outside	308	316
638201045	350	TMhelix	317	339
638201045	350	inside	340	350
638201046	66	inside	1	66
638201047	998	outside	1	132
638201047	998	TMhelix	133	152
638201047	998	inside	153	158
638201047	998	TMhelix	159	178
638201047	998	outside	179	998
638201048	122	outside	1	122
638201049	453	outside	1	453
638201050	379	outside	1	379
638201051	190	outside	1	190
638201052	113	inside	1	113
638201053	394	inside	1	74
638201053	394	TMhelix	75	97
638201053	394	outside	98	100
638201053	394	TMhelix	101	119
638201053	394	inside	120	139
638201053	394	TMhelix	140	162
638201053	394	outside	163	176
638201053	394	TMhelix	177	199
638201053	394	inside	200	205
638201053	394	TMhelix	206	225
638201053	394	outside	226	234
638201053	394	TMhelix	235	257
638201053	394	inside	258	364
638201053	394	TMhelix	365	387
638201053	394	outside	388	394
638201054	55	inside	1	6
638201054	55	TMhelix	7	29
638201054	55	outside	30	55
638201055	220	outside	1	220
638201056	435	outside	1	3
638201056	435	TMhelix	4	23
638201056	435	inside	24	24
638201056	435	TMhelix	25	47
638201056	435	outside	48	435
638201057	591	outside	1	591
638201058	276	outside	1	276
638201059	252	outside	1	252
638201060	259	outside	1	259
638201061	339	outside	1	339
638201062	340	outside	1	340
638201063	330	outside	1	330
638201064	631	outside	1	631
638201065	317	outside	1	317
638201066	332	outside	1	332
638201067	411	inside	1	6
638201067	411	TMhelix	7	29
638201067	411	outside	30	411
638201068	309	outside	1	309
638201069	342	inside	1	4
638201069	342	TMhelix	5	27
638201069	342	outside	28	262
638201069	342	TMhelix	263	285
638201069	342	inside	286	342
638201070	595	outside	1	467
638201070	595	TMhelix	468	487
638201070	595	inside	488	595
638201071	253	inside	1	6
638201071	253	TMhelix	7	29
638201071	253	outside	30	32
638201071	253	TMhelix	33	50
638201071	253	inside	51	253
638201072	80	inside	1	6
638201072	80	TMhelix	7	39
638201072	80	outside	40	53
638201072	80	TMhelix	54	71
638201072	80	inside	72	80
638201073	328	inside	1	6
638201073	328	TMhelix	7	29
638201073	328	outside	30	32
638201073	328	TMhelix	33	52
638201073	328	inside	53	64
638201073	328	TMhelix	65	84
638201073	328	outside	85	87
638201073	328	TMhelix	88	110
638201073	328	inside	111	142
638201073	328	TMhelix	143	165
638201073	328	outside	166	328
638201074	262	outside	1	262
638201075	2122	outside	1	2122
638201076	55	inside	1	6
638201076	55	TMhelix	7	29
638201076	55	outside	30	32
638201076	55	TMhelix	33	51
638201076	55	inside	52	55
638201077	439	outside	1	439
638201078	93	inside	1	12
638201078	93	TMhelix	13	35
638201078	93	outside	36	38
638201078	93	TMhelix	39	61
638201078	93	inside	62	69
638201078	93	TMhelix	70	89
638201078	93	outside	90	93
638201079	136	outside	1	136
638201080	537	inside	1	11
638201080	537	TMhelix	12	34
638201080	537	outside	35	490
638201080	537	TMhelix	491	513
638201080	537	inside	514	537
638201081	370	outside	1	370
638201082	111	outside	1	111
638201083	387	outside	1	387
638201084	130	outside	1	130
638201085	409	outside	1	128
638201085	409	TMhelix	129	151
638201085	409	inside	152	163
638201085	409	TMhelix	164	183
638201085	409	outside	184	197
638201085	409	TMhelix	198	217
638201085	409	inside	218	229
638201085	409	TMhelix	230	252
638201085	409	outside	253	266
638201085	409	TMhelix	267	286
638201085	409	inside	287	292
638201085	409	TMhelix	293	315
638201085	409	outside	316	343
638201085	409	TMhelix	344	366
638201085	409	inside	367	386
638201085	409	TMhelix	387	406
638201085	409	outside	407	409
638201086	239	outside	1	239
638201087	295	outside	1	54
638201087	295	TMhelix	55	77
638201087	295	inside	78	89
638201087	295	TMhelix	90	112
638201087	295	outside	113	116
638201087	295	TMhelix	117	139
638201087	295	inside	140	151
638201087	295	TMhelix	152	174
638201087	295	outside	175	198
638201087	295	TMhelix	199	221
638201087	295	inside	222	271
638201087	295	TMhelix	272	294
638201087	295	outside	295	295
638201088	179	outside	1	179
638201089	103	outside	1	103
638201090	186	outside	1	186
638201091	171	outside	1	9
638201091	171	TMhelix	10	32
638201091	171	inside	33	52
638201091	171	TMhelix	53	72
638201091	171	outside	73	81
638201091	171	TMhelix	82	104
638201091	171	inside	105	115
638201091	171	TMhelix	116	138
638201091	171	outside	139	142
638201091	171	TMhelix	143	162
638201091	171	inside	163	171
638201092	740	outside	1	740
638201093	332	outside	1	332
638201094	191	inside	1	4
638201094	191	TMhelix	5	22
638201094	191	outside	23	191
638201095	346	inside	1	20
638201095	346	TMhelix	21	43
638201095	346	outside	44	62
638201095	346	TMhelix	63	85
638201095	346	inside	86	91
638201095	346	TMhelix	92	110
638201095	346	outside	111	129
638201095	346	TMhelix	130	149
638201095	346	inside	150	155
638201095	346	TMhelix	156	178
638201095	346	outside	179	346
638201096	207	outside	1	207
638201097	179	outside	1	179
638201098	402	inside	1	4
638201098	402	TMhelix	5	22
638201098	402	outside	23	402
638201099	292	inside	1	20
638201099	292	TMhelix	21	43
638201099	292	outside	44	57
638201099	292	TMhelix	58	80
638201099	292	inside	81	84
638201099	292	TMhelix	85	103
638201099	292	outside	104	117
638201099	292	TMhelix	118	140
638201099	292	inside	141	152
638201099	292	TMhelix	153	175
638201099	292	outside	176	184
638201099	292	TMhelix	185	204
638201099	292	inside	205	292
638201100	394	inside	1	4
638201100	394	TMhelix	5	22
638201100	394	outside	23	26
638201100	394	TMhelix	27	49
638201100	394	inside	50	394
638201101	317	outside	1	317
638201102	317	outside	1	9
638201102	317	TMhelix	10	27
638201102	317	inside	28	54
638201102	317	TMhelix	55	73
638201102	317	outside	74	77
638201102	317	TMhelix	78	95
638201102	317	inside	96	101
638201102	317	TMhelix	102	124
638201102	317	outside	125	128
638201102	317	TMhelix	129	151
638201102	317	inside	152	157
638201102	317	TMhelix	158	176
638201102	317	outside	177	180
638201102	317	TMhelix	181	203
638201102	317	inside	204	317
638201103	997	inside	1	4
638201103	997	TMhelix	5	27
638201103	997	outside	28	834
638201103	997	TMhelix	835	857
638201103	997	inside	858	997
638201104	364	outside	1	178
638201104	364	TMhelix	179	201
638201104	364	inside	202	275
638201104	364	TMhelix	276	298
638201104	364	outside	299	307
638201104	364	TMhelix	308	330
638201104	364	inside	331	336
638201104	364	TMhelix	337	359
638201104	364	outside	360	364
638201105	380	outside	1	380
638201106	438	outside	1	438
638201107	225	outside	1	225
638201108	256	outside	1	256
638201109	174	outside	1	174
638201110	429	outside	1	429
638201111	101	outside	1	101
638201112	179	outside	1	179
638201113	54	inside	1	54
638201114	139	outside	1	139
638201117	176	inside	1	4
638201117	176	TMhelix	5	27
638201117	176	outside	28	64
638201117	176	TMhelix	65	87
638201117	176	inside	88	98
638201117	176	TMhelix	99	121
638201117	176	outside	122	149
638201117	176	TMhelix	150	172
638201117	176	inside	173	176
638201118	89	inside	1	6
638201118	89	TMhelix	7	29
638201118	89	outside	30	38
638201118	89	TMhelix	39	56
638201118	89	inside	57	62
638201118	89	TMhelix	63	82
638201118	89	outside	83	89
638201119	87	inside	1	8
638201119	87	TMhelix	9	31
638201119	87	outside	32	34
638201119	87	TMhelix	35	57
638201119	87	inside	58	63
638201119	87	TMhelix	64	86
638201119	87	outside	87	87
638201120	91	outside	1	14
638201120	91	TMhelix	15	34
638201120	91	inside	35	40
638201120	91	TMhelix	41	60
638201120	91	outside	61	69
638201120	91	TMhelix	70	89
638201120	91	inside	90	91
638201121	98	inside	1	8
638201121	98	TMhelix	9	31
638201121	98	outside	32	56
638201121	98	TMhelix	57	79
638201121	98	inside	80	98
638201122	147	inside	1	1
638201122	147	TMhelix	2	24
638201122	147	outside	25	47
638201122	147	TMhelix	48	70
638201122	147	inside	71	89
638201122	147	TMhelix	90	112
638201122	147	outside	113	147
638201123	177	inside	1	8
638201123	177	TMhelix	9	31
638201123	177	outside	32	35
638201123	177	TMhelix	36	58
638201123	177	inside	59	64
638201123	177	TMhelix	65	82
638201123	177	outside	83	112
638201123	177	TMhelix	113	132
638201123	177	inside	133	144
638201123	177	TMhelix	145	164
638201123	177	outside	165	177
638201124	758	inside	1	6
638201124	758	TMhelix	7	29
638201124	758	outside	30	729
638201124	758	TMhelix	730	752
638201124	758	inside	753	758
638201125	805	outside	1	382
638201125	805	TMhelix	383	405
638201125	805	inside	406	425
638201125	805	TMhelix	426	448
638201125	805	outside	449	805
638201126	269	outside	1	269
638201127	479	outside	1	479
638201128	651	inside	1	11
638201128	651	TMhelix	12	34
638201128	651	outside	35	48
638201128	651	TMhelix	49	71
638201128	651	inside	72	101
638201128	651	TMhelix	102	124
638201128	651	outside	125	138
638201128	651	TMhelix	139	161
638201128	651	inside	162	172
638201128	651	TMhelix	173	192
638201128	651	outside	193	651
638201129	1134	outside	1	1134
638201130	287	inside	1	6
638201130	287	TMhelix	7	28
638201130	287	outside	29	245
638201130	287	TMhelix	246	265
638201130	287	inside	266	287
638201131	334	outside	1	334
638201132	891	outside	1	891
638201133	240	outside	1	240
638201134	618	outside	1	618
638201135	176	outside	1	176
638201136	1204	inside	1	42
638201136	1204	TMhelix	43	65
638201136	1204	outside	66	1204
638201138	276	outside	1	276
638201139	485	outside	1	485
638201140	197	outside	1	197
638201141	91	outside	1	91
638201142	213	outside	1	213
638201143	104	inside	1	104
638201144	484	outside	1	484
638201145	380	inside	1	6
638201145	380	TMhelix	7	26
638201145	380	outside	27	81
638201145	380	TMhelix	82	104
638201145	380	inside	105	110
638201145	380	TMhelix	111	133
638201145	380	outside	134	142
638201145	380	TMhelix	143	165
638201145	380	inside	166	177
638201145	380	TMhelix	178	200
638201145	380	outside	201	214
638201145	380	TMhelix	215	249
638201145	380	inside	250	261
638201145	380	TMhelix	262	284
638201145	380	outside	285	293
638201145	380	TMhelix	294	316
638201145	380	inside	317	322
638201145	380	TMhelix	323	345
638201145	380	outside	346	354
638201145	380	TMhelix	355	377
638201145	380	inside	378	380
638201146	303	outside	1	303
638201147	163	inside	1	20
638201147	163	TMhelix	21	43
638201147	163	outside	44	47
638201147	163	TMhelix	48	65
638201147	163	inside	66	77
638201147	163	TMhelix	78	100
638201147	163	outside	101	109
638201147	163	TMhelix	110	132
638201147	163	inside	133	163
638201148	447	inside	1	11
638201148	447	TMhelix	12	26
638201148	447	outside	27	30
638201148	447	TMhelix	31	53
638201148	447	inside	54	339
638201148	447	TMhelix	340	362
638201148	447	outside	363	371
638201148	447	TMhelix	372	394
638201148	447	inside	395	400
638201148	447	TMhelix	401	423
638201148	447	outside	424	447
638201149	143	outside	1	143
638201150	756	inside	1	4
638201150	756	TMhelix	5	24
638201150	756	outside	25	87
638201150	756	TMhelix	88	107
638201150	756	inside	108	113
638201150	756	TMhelix	114	133
638201150	756	outside	134	136
638201150	756	TMhelix	137	156
638201150	756	inside	157	162
638201150	756	TMhelix	163	194
638201150	756	outside	195	208
638201150	756	TMhelix	209	226
638201150	756	inside	227	250
638201150	756	TMhelix	251	273
638201150	756	outside	274	282
638201150	756	TMhelix	283	305
638201150	756	inside	306	339
638201150	756	TMhelix	340	357
638201150	756	outside	358	756
638201151	151	inside	1	4
638201151	151	TMhelix	5	23
638201151	151	outside	24	151
638201152	914	outside	1	914
638201153	92	outside	1	92
638201154	172	outside	1	172
638201155	170	outside	1	170
638201156	398	outside	1	398
638201157	431	outside	1	431
638201158	181	outside	1	181
638201159	746	inside	1	8
638201159	746	TMhelix	9	31
638201159	746	outside	32	207
638201159	746	TMhelix	208	227
638201159	746	inside	228	233
638201159	746	TMhelix	234	256
638201159	746	outside	257	259
638201159	746	TMhelix	260	282
638201159	746	inside	283	308
638201159	746	TMhelix	309	328
638201159	746	outside	329	337
638201159	746	TMhelix	338	360
638201159	746	inside	361	372
638201159	746	TMhelix	373	390
638201159	746	outside	391	399
638201159	746	TMhelix	400	417
638201159	746	inside	418	584
638201159	746	TMhelix	585	604
638201159	746	outside	605	608
638201159	746	TMhelix	609	631
638201159	746	inside	632	637
638201159	746	TMhelix	638	657
638201159	746	outside	658	676
638201159	746	TMhelix	677	699
638201159	746	inside	700	711
638201159	746	TMhelix	712	734
638201159	746	outside	735	746
638201160	899	outside	1	877
638201160	899	TMhelix	878	895
638201160	899	inside	896	899
638201161	384	inside	1	169
638201161	384	TMhelix	170	192
638201161	384	outside	193	196
638201161	384	TMhelix	197	219
638201161	384	inside	220	238
638201161	384	TMhelix	239	261
638201161	384	outside	262	280
638201161	384	TMhelix	281	303
638201161	384	inside	304	315
638201161	384	TMhelix	316	338
638201161	384	outside	339	347
638201161	384	TMhelix	348	370
638201161	384	inside	371	384
638201162	102	outside	1	102
638201163	281	outside	1	281
638201164	178	outside	1	178
638201165	188	outside	1	188
638201166	61	inside	1	61
638201167	179	outside	1	179
638201168	99	outside	1	99
638201169	51	inside	1	51
638201171	182	outside	1	182
638201172	425	outside	1	3
638201172	425	TMhelix	4	21
638201172	425	inside	22	27
638201172	425	TMhelix	28	50
638201172	425	outside	51	59
638201172	425	TMhelix	60	82
638201172	425	inside	83	94
638201172	425	TMhelix	95	117
638201172	425	outside	118	172
638201172	425	TMhelix	173	195
638201172	425	inside	196	228
638201172	425	TMhelix	229	262
638201172	425	outside	263	276
638201172	425	TMhelix	277	299
638201172	425	inside	300	319
638201172	425	TMhelix	320	342
638201172	425	outside	343	356
638201172	425	TMhelix	357	379
638201172	425	inside	380	399
638201172	425	TMhelix	400	422
638201172	425	outside	423	425
638201173	149	outside	1	149
638201174	396	outside	1	396
638201175	150	outside	1	150
638201176	183	outside	1	183
638201177	162	outside	1	162
638201178	307	outside	1	307
638201179	102	outside	1	102
638201180	385	outside	1	385
638201181	119	outside	1	119
638201182	119	outside	1	119
638201183	282	outside	1	282
638201184	419	outside	1	419
638201185	353	inside	1	31
638201185	353	TMhelix	32	54
638201185	353	outside	55	63
638201185	353	TMhelix	64	86
638201185	353	inside	87	92
638201185	353	TMhelix	93	109
638201185	353	outside	110	118
638201185	353	TMhelix	119	141
638201185	353	inside	142	147
638201185	353	TMhelix	148	170
638201185	353	outside	171	179
638201185	353	TMhelix	180	202
638201185	353	inside	203	353
638201186	466	outside	1	466
638201187	146	outside	1	146
638201188	184	outside	1	184
638201189	102	outside	1	102
638201190	192	outside	1	192
638201192	159	outside	1	159
638201193	204	outside	1	204
638201194	268	outside	1	268
638201195	67	outside	1	67
638201196	216	outside	1	216
638201197	247	outside	1	247
638201198	406	outside	1	406
638201199	157	inside	1	157
638201200	71	outside	1	71
638201201	94	inside	1	94
638201202	187	outside	1	187
638201203	430	outside	1	430
638201204	242	outside	1	242
638201205	270	outside	1	270
638201206	771	outside	1	771
638201207	247	outside	1	247
638201208	136	outside	1	136
638201209	94	outside	1	94
638201210	589	outside	1	589
638201211	213	outside	1	3
638201211	213	TMhelix	4	21
638201211	213	inside	22	213
638201212	390	outside	1	390
638201213	67	inside	1	67
638201214	475	outside	1	475
638201215	292	outside	1	292
638201216	425	outside	1	425
638201217	154	outside	1	154
638201218	212	outside	1	212
638201219	399	outside	1	399
638201220	382	outside	1	382
638201221	341	outside	1	341
638201222	335	outside	1	335
638201223	228	outside	1	228
638201224	210	outside	1	210
638201225	219	outside	1	219
638201226	208	outside	1	208
638201227	537	outside	1	537
638201228	484	outside	1	484
638201229	705	outside	1	705
638201230	77	outside	1	77
638201231	223	outside	1	223
638201232	84	inside	1	84
638201233	192	outside	1	192
638201234	177	inside	1	11
638201234	177	TMhelix	12	34
638201234	177	outside	35	123
638201234	177	TMhelix	124	146
638201234	177	inside	147	177
638201235	335	outside	1	335
638201236	319	outside	1	319
638201237	477	inside	1	21
638201237	477	TMhelix	22	44
638201237	477	outside	45	276
638201237	477	TMhelix	277	299
638201237	477	inside	300	311
638201237	477	TMhelix	312	329
638201237	477	outside	330	332
638201237	477	TMhelix	333	351
638201237	477	inside	352	388
638201237	477	TMhelix	389	411
638201237	477	outside	412	443
638201237	477	TMhelix	444	466
638201237	477	inside	467	477
638201238	353	inside	1	6
638201238	353	TMhelix	7	29
638201238	353	outside	30	127
638201238	353	TMhelix	128	147
638201238	353	inside	148	159
638201238	353	TMhelix	160	182
638201238	353	outside	183	210
638201238	353	TMhelix	211	233
638201238	353	inside	234	267
638201238	353	TMhelix	268	290
638201238	353	outside	291	318
638201238	353	TMhelix	319	341
638201238	353	inside	342	353
638201239	931	inside	1	6
638201239	931	TMhelix	7	29
638201239	931	outside	30	931
638201240	404	outside	1	404
638201241	247	outside	1	247
638201242	302	outside	1	302
638201243	274	outside	1	274
638201244	405	outside	1	405
638201245	258	outside	1	258
638201246	259	outside	1	259
638201247	214	outside	1	214
638201248	465	outside	1	465
638201249	1017	outside	1	1017
638201250	103	outside	1	103
638201251	370	outside	1	370
638201252	199	outside	1	199
638201253	158	inside	1	6
638201253	158	TMhelix	7	41
638201253	158	outside	42	60
638201253	158	TMhelix	61	83
638201253	158	inside	84	91
638201253	158	TMhelix	92	114
638201253	158	outside	115	133
638201253	158	TMhelix	134	156
638201253	158	inside	157	158
638201254	659	outside	1	376
638201254	659	TMhelix	377	399
638201254	659	inside	400	411
638201254	659	TMhelix	412	434
638201254	659	outside	435	459
638201254	659	TMhelix	460	482
638201254	659	inside	483	488
638201254	659	TMhelix	489	511
638201254	659	outside	512	514
638201254	659	TMhelix	515	537
638201254	659	inside	538	563
638201254	659	TMhelix	564	586
638201254	659	outside	587	595
638201254	659	TMhelix	596	618
638201254	659	inside	619	659
638201255	108	outside	1	108
638201256	227	outside	1	227
638201257	507	inside	1	6
638201257	507	TMhelix	7	29
638201257	507	outside	30	346
638201257	507	TMhelix	347	364
638201257	507	inside	365	370
638201257	507	TMhelix	371	393
638201257	507	outside	394	443
638201257	507	TMhelix	444	466
638201257	507	inside	467	472
638201257	507	TMhelix	473	495
638201257	507	outside	496	507
638201258	308	inside	1	35
638201258	308	TMhelix	36	55
638201258	308	outside	56	153
638201258	308	TMhelix	154	176
638201258	308	inside	177	180
638201258	308	TMhelix	181	203
638201258	308	outside	204	207
638201258	308	TMhelix	208	230
638201258	308	inside	231	242
638201258	308	TMhelix	243	265
638201258	308	outside	266	274
638201258	308	TMhelix	275	297
638201258	308	inside	298	308
638201259	324	outside	1	324
638201260	242	inside	1	6
638201260	242	TMhelix	7	26
638201260	242	outside	27	38
638201260	242	TMhelix	39	61
638201260	242	inside	62	67
638201260	242	TMhelix	68	90
638201260	242	outside	91	242
638201261	335	inside	1	4
638201261	335	TMhelix	5	24
638201261	335	outside	25	38
638201261	335	TMhelix	39	61
638201261	335	inside	62	67
638201261	335	TMhelix	68	90
638201261	335	outside	91	117
638201261	335	TMhelix	118	140
638201261	335	inside	141	146
638201261	335	TMhelix	147	169
638201261	335	outside	170	231
638201261	335	TMhelix	232	254
638201261	335	inside	255	260
638201261	335	TMhelix	261	283
638201261	335	outside	284	335
638201262	385	outside	1	385
638201263	139	outside	1	139
638201264	235	outside	1	9
638201264	235	TMhelix	10	32
638201264	235	inside	33	235
638201265	502	outside	1	502
638201266	449	outside	1	449
638201267	220	outside	1	220
638201269	154	outside	1	154
638201270	187	outside	1	187
638201271	107	outside	1	107
638201272	341	outside	1	341
638201273	216	outside	1	216
638203144	654	outside	1	654
638203145	397	outside	1	397
