gene_oid	gene_length	feature_type	start_coord	end_coord
638199306	259	cleavage	27	28
638199312	277	cleavage	36	37
638199314	426	cleavage	25	26
638199323	81	cleavage	28	29
638199326	197	cleavage	22	23
638199371	340	cleavage	24	25
638199386	551	cleavage	19	20
638199391	147	cleavage	19	20
638199393	338	cleavage	21	22
638199394	327	cleavage	23	24
638199395	456	cleavage	28	29
638199400	358	cleavage	27	28
638199438	99	cleavage	42	43
638199440	133	cleavage	34	35
638199442	556	cleavage	32	33
638199443	310	cleavage	24	25
638199444	287	cleavage	39	40
638199452	344	cleavage	21	22
638199454	382	cleavage	29	30
638199455	248	cleavage	34	35
638199457	163	cleavage	20	21
638199473	229	cleavage	23	24
638199479	453	cleavage	22	23
638199482	1362	cleavage	28	29
638199493	545	cleavage	20	21
638199503	296	cleavage	32	33
638199521	302	cleavage	18	19
638199533	350	cleavage	19	20
638199544	237	cleavage	24	25
638199546	175	cleavage	19	20
638199547	233	cleavage	22	23
638199550	269	cleavage	23	24
638199571	286	cleavage	24	25
638199572	430	cleavage	24	25
638199576	213	cleavage	24	25
638199577	497	cleavage	20	21
638199589	250	cleavage	23	24
638199596	533	cleavage	40	41
638199607	580	cleavage	37	38
638199612	443	cleavage	50	51
638199613	307	cleavage	22	23
638199651	361	cleavage	20	21
638199659	158	cleavage	23	24
638199671	194	cleavage	21	22
638199694	72	cleavage	42	43
638199703	486	cleavage	26	27
638199717	218	cleavage	18	19
638199725	176	cleavage	28	29
638199739	501	cleavage	21	22
638199755	287	cleavage	18	19
638199775	404	cleavage	21	22
638199789	388	cleavage	32	33
638199793	239	cleavage	23	24
638199825	259	cleavage	24	25
638199828	366	cleavage	25	26
638199829	361	cleavage	22	23
638199841	349	cleavage	26	27
638199843	185	cleavage	20	21
638199880	186	cleavage	22	23
638199882	418	cleavage	23	24
638199898	81	cleavage	26	27
638199927	335	cleavage	25	26
638199992	268	cleavage	24	25
638199993	440	cleavage	20	21
638200001	123	cleavage	19	20
638200012	278	cleavage	20	21
638200055	235	cleavage	19	20
638200065	640	cleavage	25	26
638200072	118	cleavage	24	25
638200076	99	cleavage	19	20
638200083	840	cleavage	26	27
638200096	705	cleavage	22	23
638200106	604	cleavage	30	31
638200109	300	cleavage	22	23
638200122	107	cleavage	27	28
638200130	727	cleavage	22	23
638200135	537	cleavage	23	24
638200151	533	cleavage	38	39
638200153	352	cleavage	27	28
638200158	339	cleavage	27	28
638200164	686	cleavage	23	24
638200165	474	cleavage	29	30
638200171	690	cleavage	20	21
638200172	694	cleavage	25	26
638200175	527	cleavage	21	22
638200219	1144	cleavage	39	40
638200264	272	cleavage	19	20
638200276	318	cleavage	18	19
638200293	298	cleavage	18	19
638200309	644	cleavage	33	34
638200314	514	cleavage	22	23
638200344	196	cleavage	23	24
638200355	328	cleavage	24	25
638200356	285	cleavage	23	24
638200379	237	cleavage	24	25
638200381	366	cleavage	18	19
638200382	343	cleavage	29	30
638200393	194	cleavage	27	28
638200410	530	cleavage	21	22
638200420	383	cleavage	27	28
638200421	495	cleavage	25	26
638200425	277	cleavage	30	31
638200432	112	cleavage	30	31
638200447	111	cleavage	42	43
638200448	257	cleavage	45	46
638200457	470	cleavage	23	24
638200465	318	cleavage	26	27
638200467	183	cleavage	21	22
638200476	268	cleavage	49	50
638200500	155	cleavage	28	29
638200504	104	cleavage	26	27
638200510	209	cleavage	22	23
638200522	84	cleavage	23	24
638200602	695	cleavage	22	23
638200623	89	cleavage	27	28
638200637	83	cleavage	31	32
638200652	503	cleavage	21	22
638200682	111	cleavage	24	25
638200690	275	cleavage	20	21
638200701	331	cleavage	19	20
638200707	690	cleavage	20	21
638200713	276	cleavage	33	34
638200714	134	cleavage	25	26
638200736	201	cleavage	24	25
638200763	389	cleavage	20	21
638200774	440	cleavage	55	56
638200829	305	cleavage	23	24
638200839	405	cleavage	20	21
638200848	254	cleavage	36	37
638200851	446	cleavage	23	24
638200876	253	cleavage	24	25
638200878	333	cleavage	23	24
638200879	292	cleavage	23	24
638200896	188	cleavage	32	33
638200907	756	cleavage	42	43
638200908	248	cleavage	31	32
638200909	836	cleavage	23	24
638200919	239	cleavage	21	22
638200920	84	cleavage	23	24
638200933	201	cleavage	23	24
638200934	175	cleavage	20	21
638200937	305	cleavage	27	28
638200938	642	cleavage	19	20
638200943	155	cleavage	25	26
638200946	222	cleavage	24	25
638200947	219	cleavage	25	26
638200948	175	cleavage	36	37
638200960	241	cleavage	30	31
638200962	160	cleavage	45	46
638200983	322	cleavage	20	21
638200997	309	cleavage	41	42
638200999	633	cleavage	23	24
638201007	251	cleavage	21	22
638201008	739	cleavage	23	24
638201016	374	cleavage	20	21
638201040	532	cleavage	26	27
638201067	411	cleavage	26	27
638201070	595	cleavage	20	21
638201076	55	cleavage	24	25
638201080	537	cleavage	27	28
638201094	191	cleavage	23	24
638201098	402	cleavage	21	22
638201103	997	cleavage	19	20
638201117	176	cleavage	28	29
638201121	98	cleavage	24	25
638201124	758	cleavage	29	30
638201130	287	cleavage	25	26
638201148	447	cleavage	31	32
638201151	151	cleavage	22	23
638201159	746	cleavage	30	31
638201160	899	cleavage	22	23
638201169	51	cleavage	32	33
638201187	146	cleavage	35	36
638201211	213	cleavage	23	24
638201220	382	cleavage	13	14
638201234	177	cleavage	29	30
638201237	477	cleavage	39	40
638201239	931	cleavage	28	29
638201253	158	cleavage	37	38
638201257	507	cleavage	27	28
638201261	335	cleavage	22	23
