gene_oid	gene_length	feature_type	start_coord	end_coord
2518820753	186	cleavage	26	27
2518820756	170	cleavage	25	26
2518820757	283	cleavage	37	38
2518820764	155	cleavage	18	19
2518820767	409	cleavage	21	22
2518820769	350	cleavage	20	21
2518820770	297	cleavage	27	28
2518820771	331	cleavage	26	27
2518820772	596	cleavage	23	24
2518820777	200	cleavage	26	27
2518820783	528	cleavage	21	22
2518820787	184	cleavage	67	68
2518820795	349	cleavage	16	17
2518820796	296	cleavage	49	50
2518820798	249	cleavage	24	25
2518820821	1350	cleavage	24	25
2518820822	161	cleavage	32	33
2518820824	433	cleavage	44	45
2518820826	416	cleavage	26	27
2518820830	883	cleavage	27	28
2518820838	755	cleavage	27	28
2518820858	278	cleavage	24	25
2518820859	401	cleavage	27	28
2518820861	238	cleavage	41	42
2518820862	174	cleavage	25	26
2518820863	254	cleavage	49	50
2518820867	140	cleavage	33	34
2518820876	212	cleavage	17	18
2518820877	168	cleavage	17	18
2518820879	487	cleavage	16	17
2518820881	289	cleavage	19	20
2518820883	403	cleavage	20	21
2518820884	625	cleavage	48	49
2518820886	58	cleavage	27	28
2518820895	97	cleavage	48	49
2518820918	61	cleavage	36	37
2518820919	61	cleavage	25	26
2518820920	743	cleavage	25	26
2518820921	490	cleavage	20	21
2518820925	78	cleavage	33	34
2518820929	187	cleavage	36	37
2518820931	428	cleavage	31	32
2518820934	191	cleavage	26	27
2518820935	220	cleavage	22	23
2518820938	176	cleavage	28	29
2518820939	84	cleavage	18	19
2518820940	135	cleavage	23	24
2518820942	235	cleavage	28	29
2518820944	495	cleavage	25	26
2518820945	614	cleavage	21	22
2518820946	297	cleavage	33	34
2518820958	192	cleavage	23	24
2518820960	242	cleavage	27	28
2518820961	208	cleavage	50	51
2518820963	85	cleavage	18	19
2518820966	151	cleavage	25	26
2518820969	95	cleavage	25	26
2518820970	217	cleavage	26	27
2518820972	146	cleavage	41	42
2518820986	182	cleavage	28	29
2518820989	69	cleavage	30	31
2518820991	232	cleavage	24	25
2518820992	212	cleavage	38	39
2518820994	267	cleavage	24	25
2518821000	181	cleavage	34	35
2518821001	175	cleavage	40	41
2518821005	324	cleavage	26	27
2518821007	362	cleavage	16	17
2518821009	459	cleavage	18	19
2518821012	228	cleavage	23	24
2518821014	439	cleavage	18	19
2518821016	573	cleavage	32	33
2518821024	593	cleavage	25	26
2518821025	265	cleavage	26	27
2518821038	269	cleavage	29	30
2518821040	366	cleavage	18	19
2518821050	514	cleavage	24	25
2518821061	438	cleavage	28	29
2518821063	146	cleavage	14	15
2518821064	180	cleavage	19	20
2518821065	175	cleavage	32	33
2518821067	134	cleavage	22	23
2518821070	141	cleavage	25	26
2518821075	333	cleavage	36	37
2518821079	105	cleavage	23	24
2518821082	289	cleavage	32	33
2518821097	293	cleavage	36	37
2518821098	533	cleavage	30	31
2518821108	685	cleavage	26	27
2518821124	434	cleavage	29	30
2518821145	60	cleavage	37	38
2518821147	151	cleavage	23	24
2518821148	345	cleavage	30	31
2518821151	61	cleavage	33	34
2518821157	146	cleavage	22	23
2518821165	429	cleavage	24	25
2518821171	240	cleavage	23	24
2518821172	286	cleavage	22	23
2518821173	440	cleavage	28	29
2518821174	440	cleavage	23	24
2518821178	495	cleavage	18	19
2518821181	268	cleavage	18	19
2518821182	205	cleavage	23	24
2518821185	235	cleavage	25	26
2518821186	253	cleavage	47	48
2518821189	431	cleavage	22	23
2518821212	81	cleavage	45	46
2518821213	193	cleavage	18	19
2518821222	82	cleavage	24	25
2518821227	134	cleavage	39	40
2518821237	340	cleavage	28	29
2518821238	206	cleavage	50	51
2518821239	310	cleavage	24	25
2518821256	80	cleavage	34	35
2518821259	441	cleavage	18	19
2518821262	1422	cleavage	29	30
2518821263	220	cleavage	21	22
2518821264	328	cleavage	33	34
2518821265	371	cleavage	21	22
2518821266	467	cleavage	22	23
2518821276	66	cleavage	27	28
2518821292	163	cleavage	27	28
2518821296	122	cleavage	28	29
2518821297	443	cleavage	23	24
2518821301	112	cleavage	27	28
2518821308	136	cleavage	26	27
2518821319	401	cleavage	23	24
2518821321	510	cleavage	25	26
2518821322	86	cleavage	27	28
2518821324	324	cleavage	28	29
2518821327	246	cleavage	25	26
2518821345	253	cleavage	20	21
2518821352	57	cleavage	23	24
2518821367	197	cleavage	22	23
2518821370	196	cleavage	28	29
2518821383	121	cleavage	28	29
2518821395	347	cleavage	20	21
2518821399	388	cleavage	31	32
2518821401	261	cleavage	24	25
2518821422	122	cleavage	31	32
2518821426	334	cleavage	19	20
2518821428	102	cleavage	66	67
2518821429	117	cleavage	56	57
2518821433	87	cleavage	24	25
2518821436	256	cleavage	19	20
2518821441	101	cleavage	20	21
2518821442	215	cleavage	25	26
2518821450	348	cleavage	39	40
2518821452	132	cleavage	36	37
2518821455	392	cleavage	29	30
2518821457	768	cleavage	23	24
2518821460	377	cleavage	16	17
2518821461	489	cleavage	23	24
2518821466	184	cleavage	19	20
2518821475	541	cleavage	27	28
2518821477	519	cleavage	22	23
2518821499	375	cleavage	35	36
2518821506	193	cleavage	24	25
2518821507	204	cleavage	23	24
2518821509	234	cleavage	16	17
2518821511	262	cleavage	19	20
2518821513	120	cleavage	20	21
2518821523	210	cleavage	24	25
2518821524	178	cleavage	23	24
2518821525	169	cleavage	33	34
2518821526	354	cleavage	35	36
2518821527	456	cleavage	21	22
2518821528	340	cleavage	35	36
2518821534	55	cleavage	36	37
2518821535	415	cleavage	28	29
2518821538	741	cleavage	25	26
2518821541	185	cleavage	57	58
2518821542	147	cleavage	30	31
2518821544	484	cleavage	22	23
2518821545	725	cleavage	33	34
2518821546	1143	cleavage	31	32
2518821572	465	cleavage	20	21
2518821573	463	cleavage	26	27
2518821574	410	cleavage	19	20
2518821577	151	cleavage	32	33
2518821581	132	cleavage	23	24
2518821582	117	cleavage	34	35
2518821583	235	cleavage	24	25
2518821584	264	cleavage	33	34
2518821585	264	cleavage	29	30
2518821586	322	cleavage	26	27
2518821587	342	cleavage	32	33
2518821606	317	cleavage	30	31
2518821609	590	cleavage	27	28
2518821612	509	cleavage	37	38
2518821616	79	cleavage	28	29
2518821618	578	cleavage	26	27
2518821619	332	cleavage	31	32
2518821621	427	cleavage	31	32
2518821622	184	cleavage	22	23
2518821624	1210	cleavage	25	26
2518821625	334	cleavage	38	39
2518821626	739	cleavage	19	20
2518821627	230	cleavage	29	30
2518821628	2029	cleavage	36	37
2518821633	775	cleavage	43	44
2518821638	2092	cleavage	28	29
2518821644	275	cleavage	27	28
2518821645	474	cleavage	24	25
2518821646	359	cleavage	31	32
2518821650	313	cleavage	29	30
2518821653	261	cleavage	35	36
2518821656	448	cleavage	19	20
2518821659	440	cleavage	27	28
2518821660	299	cleavage	30	31
2518821661	416	cleavage	45	46
2518821662	1351	cleavage	27	28
2518821668	624	cleavage	36	37
2518821680	544	cleavage	23	24
2518821684	285	cleavage	22	23
2518821686	158	cleavage	39	40
2518821689	489	cleavage	39	40
2518821690	351	cleavage	36	37
2518821691	805	cleavage	25	26
2518821695	348	cleavage	28	29
2518821696	425	cleavage	31	32
2518821697	227	cleavage	28	29
2518821699	321	cleavage	30	31
2518821700	422	cleavage	22	23
2518821706	366	cleavage	26	27
2518821708	162	cleavage	31	32
2518821711	230	cleavage	16	17
2518821712	507	cleavage	36	37
2518821713	304	cleavage	71	72
2518821718	197	cleavage	28	29
2518821719	298	cleavage	31	32
2518821726	258	cleavage	25	26
2518821733	247	cleavage	19	20
2518821735	170	cleavage	24	25
2518821736	169	cleavage	19	20
2518821738	204	cleavage	23	24
2518821739	380	cleavage	28	29
2518821741	487	cleavage	25	26
2518821742	599	cleavage	28	29
2518821743	175	cleavage	18	19
2518821745	980	cleavage	25	26
2518821747	1128	cleavage	18	19
2518821750	82	cleavage	29	30
2518821751	391	cleavage	14	15
2518821754	286	cleavage	26	27
2518821763	246	cleavage	42	43
2518821764	511	cleavage	36	37
2518821772	377	cleavage	21	22
2518821776	205	cleavage	22	23
2518821779	203	cleavage	51	52
2518821791	150	cleavage	39	40
2518821792	283	cleavage	25	26
2518821798	333	cleavage	20	21
2518821802	416	cleavage	25	26
2518821803	343	cleavage	28	29
2518821806	112	cleavage	29	30
2518821808	319	cleavage	36	37
2518821814	457	cleavage	25	26
2518821815	124	cleavage	27	28
2518821820	152	cleavage	22	23
2518821822	122	cleavage	21	22
2518821827	344	cleavage	41	42
2518821831	64	cleavage	27	28
2518821854	445	cleavage	32	33
2518821860	391	cleavage	23	24
2518821863	260	cleavage	23	24
2518821865	360	cleavage	25	26
2518821866	341	cleavage	27	28
2518821869	301	cleavage	24	25
2518821870	791	cleavage	23	24
2518821871	755	cleavage	32	33
2518821873	171	cleavage	22	23
2518821876	286	cleavage	26	27
2518821883	68	cleavage	20	21
2518821885	79	cleavage	28	29
2518821886	316	cleavage	26	27
2518821887	250	cleavage	57	58
2518821888	315	cleavage	23	24
2518821889	1307	cleavage	23	24
2518821891	218	cleavage	27	28
2518821904	142	cleavage	24	25
2518821905	330	cleavage	24	25
2518821909	115	cleavage	28	29
2518821910	515	cleavage	36	37
2518821911	119	cleavage	19	20
2518821913	98	cleavage	26	27
2518821914	87	cleavage	62	63
2518821915	121	cleavage	23	24
2518821916	87	cleavage	36	37
2518821917	165	cleavage	20	21
2518821920	329	cleavage	51	52
2518821929	167	cleavage	36	37
2518821930	188	cleavage	31	32
2518821932	535	cleavage	35	36
2518821933	403	cleavage	36	37
2518821938	115	cleavage	30	31
2518821940	306	cleavage	31	32
2518821941	332	cleavage	35	36
2518821942	409	cleavage	34	35
2518821945	108	cleavage	30	31
2518821948	987	cleavage	47	48
2518821949	440	cleavage	63	64
2518821950	465	cleavage	36	37
2518821955	157	cleavage	30	31
2518821965	224	cleavage	21	22
2518821970	116	cleavage	23	24
2518821973	300	cleavage	26	27
2518821985	420	cleavage	19	20
2518821987	281	cleavage	29	30
2518821990	345	cleavage	23	24
2518821992	466	cleavage	23	24
2518821994	145	cleavage	54	55
2518821997	528	cleavage	22	23
2518821998	337	cleavage	18	19
2518822004	276	cleavage	19	20
2518822016	455	cleavage	21	22
2518822019	344	cleavage	26	27
2518822020	372	cleavage	26	27
2518822022	331	cleavage	22	23
2518822023	394	cleavage	26	27
2518822028	185	cleavage	34	35
2518822029	320	cleavage	20	21
2518822035	343	cleavage	19	20
2518822038	302	cleavage	22	23
2518822046	642	cleavage	29	30
2518822048	428	cleavage	19	20
2518822050	83	cleavage	17	18
2518822055	705	cleavage	20	21
2518822058	269	cleavage	25	26
2518822059	414	cleavage	38	39
2518822060	324	cleavage	21	22
2518822061	1073	cleavage	38	39
2518822063	127	cleavage	24	25
2518822065	262	cleavage	33	34
2518822066	188	cleavage	32	33
2518822072	193	cleavage	31	32
2518822077	375	cleavage	41	42
2518822083	365	cleavage	32	33
2518822086	338	cleavage	34	35
2518822087	642	cleavage	29	30
2518822088	514	cleavage	30	31
2518822089	167	cleavage	24	25
2518822103	235	cleavage	37	38
2518822110	203	cleavage	23	24
2518822117	394	cleavage	47	48
2518822118	322	cleavage	29	30
2518822121	374	cleavage	22	23
2518822124	302	cleavage	21	22
2518822126	123	cleavage	21	22
2518822128	260	cleavage	18	19
2518822133	658	cleavage	31	32
2518822134	589	cleavage	25	26
2518822156	388	cleavage	17	18
2518822161	282	cleavage	25	26
2518822162	581	cleavage	30	31
2518822164	411	cleavage	45	46
2518822169	538	cleavage	25	26
2518822170	59	cleavage	33	34
2518822176	75	cleavage	23	24
2518822177	308	cleavage	18	19
2518822179	289	cleavage	21	22
2518822180	213	cleavage	24	25
2518822186	307	cleavage	34	35
2518822187	319	cleavage	22	23
2518822200	439	cleavage	29	30
2518822202	648	cleavage	38	39
2518822205	334	cleavage	25	26
2518822213	403	cleavage	39	40
2518822215	500	cleavage	27	28
2518822217	133	cleavage	22	23
2518822218	80	cleavage	30	31
2518822219	76	cleavage	19	20
2518822220	100	cleavage	16	17
2518822221	82	cleavage	21	22
2518822228	101	cleavage	56	57
2518822234	333	cleavage	40	41
2518822243	421	cleavage	33	34
2518822246	99	cleavage	19	20
2518822247	122	cleavage	23	24
2518822249	109	cleavage	27	28
2518822250	401	cleavage	28	29
2518822251	87	cleavage	28	29
2518822262	382	cleavage	25	26
2518822263	432	cleavage	19	20
2518822265	857	cleavage	33	34
2518822288	144	cleavage	29	30
2518822300	345	cleavage	30	31
2518822301	248	cleavage	33	34
2518822304	312	cleavage	28	29
2518822306	633	cleavage	29	30
2518822308	418	cleavage	29	30
2518822312	385	cleavage	27	28
2518822318	401	cleavage	17	18
2518822319	55	cleavage	41	42
2518822326	535	cleavage	32	33
2518822333	166	cleavage	21	22
2518822337	73	cleavage	23	24
2518822338	628	cleavage	32	33
2518822343	243	cleavage	32	33
2518822347	251	cleavage	15	16
2518822356	161	cleavage	19	20
2518822368	109	cleavage	24	25
2518822375	149	cleavage	28	29
2518822389	401	cleavage	26	27
2518822395	61	cleavage	31	32
2518822406	236	cleavage	25	26
2518822410	388	cleavage	29	30
2518822419	83	cleavage	28	29
2518822421	281	cleavage	24	25
2518822422	449	cleavage	23	24
2518822428	121	cleavage	39	40
2518822430	325	cleavage	24	25
2518822439	203	cleavage	29	30
2518822446	412	cleavage	31	32
2518822452	108	cleavage	28	29
2518822454	182	cleavage	28	29
2518822457	114	cleavage	24	25
2518822464	189	cleavage	23	24
2518822475	669	cleavage	26	27
2518822478	612	cleavage	41	42
2518822479	479	cleavage	28	29
2518822480	349	cleavage	22	23
2518822485	127	cleavage	37	38
2518822489	172	cleavage	20	21
2518822490	343	cleavage	28	29
2518822497	369	cleavage	26	27
2518822499	134	cleavage	35	36
2518822502	310	cleavage	25	26
2518822503	377	cleavage	25	26
2518822507	139	cleavage	24	25
2518822508	312	cleavage	22	23
2518822511	615	cleavage	22	23
2518822513	909	cleavage	24	25
2518822515	678	cleavage	22	23
2518822517	444	cleavage	25	26
2518822520	530	cleavage	32	33
2518822521	691	cleavage	24	25
2518822530	317	cleavage	34	35
2518822531	256	cleavage	23	24
2518822532	605	cleavage	22	23
2518822538	271	cleavage	25	26
2518822544	89	cleavage	17	18
2518822562	489	cleavage	34	35
2518822585	294	cleavage	22	23
2518822587	550	cleavage	40	41
2518822593	217	cleavage	18	19
2518822595	330	cleavage	29	30
2518822597	585	cleavage	32	33
2518822599	281	cleavage	23	24
2518822602	488	cleavage	25	26
2518822624	345	cleavage	20	21
2518822626	145	cleavage	23	24
2518822638	428	cleavage	26	27
2518822640	187	cleavage	36	37
2518822642	278	cleavage	42	43
2518822645	460	cleavage	34	35
2518822647	82	cleavage	19	20
2518822653	141	cleavage	27	28
2518822654	526	cleavage	21	22
2518822661	145	cleavage	27	28
2518822668	191	cleavage	25	26
2518822669	153	cleavage	21	22
2518822670	426	cleavage	34	35
2518822671	396	cleavage	16	17
2518822677	268	cleavage	32	33
2518822680	119	cleavage	15	16
2518822681	426	cleavage	28	29
2518822687	153	cleavage	44	45
2518822691	743	cleavage	66	67
2518822701	462	cleavage	27	28
2518822704	273	cleavage	29	30
2518822716	107	cleavage	25	26
2518822717	361	cleavage	24	25
2518822718	255	cleavage	31	32
2518822719	153	cleavage	23	24
2518822723	173	cleavage	30	31
2518822741	392	cleavage	27	28
2518822743	412	cleavage	27	28
2518822745	404	cleavage	26	27
2518822747	804	cleavage	32	33
2518822752	332	cleavage	33	34
2518822764	143	cleavage	35	36
2518822765	286	cleavage	21	22
2518822773	960	cleavage	29	30
2518822775	708	cleavage	20	21
2518822785	290	cleavage	28	29
2518822786	299	cleavage	24	25
2518822791	274	cleavage	17	18
2518822803	364	cleavage	23	24
2518822808	336	cleavage	19	20
2518822810	72	cleavage	34	35
2518822818	294	cleavage	18	19
2518822828	243	cleavage	35	36
2518822829	75	cleavage	24	25
2518822831	235	cleavage	18	19
