gene_oid	gene_length	feature_type	start_coord	end_coord
2517227438	829	cleavage	28	29
2517227439	349	cleavage	27	28
2517227440	474	cleavage	39	40
2517227442	335	cleavage	35	36
2517227443	168	cleavage	26	27
2517227448	56	cleavage	27	28
2517227481	465	cleavage	21	22
2517227485	231	cleavage	35	36
2517227488	280	cleavage	23	24
2517227493	36	cleavage	16	17
2517227500	84	cleavage	20	21
2517227501	50	cleavage	32	33
2517227510	923	cleavage	22	23
2517227511	748	cleavage	32	33
2517227517	375	cleavage	18	19
2517227520	153	cleavage	23	24
2517227524	379	cleavage	18	19
2517227526	718	cleavage	19	20
2517227530	128	cleavage	26	27
2517227537	1398	cleavage	26	27
2517227546	285	cleavage	16	17
2517227550	86	cleavage	23	24
2517227555	331	cleavage	25	26
2517227563	425	cleavage	37	38
2517227565	113	cleavage	28	29
2517227567	154	cleavage	28	29
2517227570	280	cleavage	21	22
2517227579	198	cleavage	23	24
2517227580	177	cleavage	22	23
2517227581	331	cleavage	28	29
2517227582	127	cleavage	22	23
2517227583	307	cleavage	28	29
2517227584	654	cleavage	21	22
2517227588	160	cleavage	25	26
2517227589	172	cleavage	25	26
2517227592	264	cleavage	24	25
2517227593	204	cleavage	31	32
2517227612	117	cleavage	34	35
2517227619	146	cleavage	36	37
2517227621	325	cleavage	22	23
2517227623	427	cleavage	56	57
2517227626	251	cleavage	39	40
2517227629	304	cleavage	26	27
2517227635	304	cleavage	37	38
2517227636	330	cleavage	34	35
2517227637	630	cleavage	24	25
2517227643	442	cleavage	21	22
2517227644	314	cleavage	20	21
2517227653	298	cleavage	22	23
2517227657	170	cleavage	22	23
2517227660	192	cleavage	27	28
2517227662	316	cleavage	19	20
2517227664	418	cleavage	31	32
2517227666	354	cleavage	46	47
2517227667	587	cleavage	20	21
2517227668	256	cleavage	28	29
2517227669	80	cleavage	22	23
2517227674	395	cleavage	19	20
2517227675	271	cleavage	20	21
2517227676	399	cleavage	28	29
2517227678	328	cleavage	23	24
2517227679	952	cleavage	21	22
2517227686	295	cleavage	28	29
2517227688	197	cleavage	76	77
2517227695	115	cleavage	21	22
2517227697	324	cleavage	27	28
2517227699	83	cleavage	31	32
2517227701	378	cleavage	20	21
2517227706	443	cleavage	39	40
2517227716	527	cleavage	20	21
2517227720	188	cleavage	34	35
2517227723	534	cleavage	29	30
2517227728	350	cleavage	13	14
2517227734	397	cleavage	18	19
2517227735	54	cleavage	29	30
2517227740	460	cleavage	25	26
2517227741	722	cleavage	20	21
2517227742	465	cleavage	27	28
2517227749	284	cleavage	21	22
2517227750	333	cleavage	22	23
2517227752	195	cleavage	42	43
2517227768	331	cleavage	23	24
2517227772	64	cleavage	36	37
2517227773	675	cleavage	28	29
2517227774	700	cleavage	24	25
2517227779	517	cleavage	37	38
2517227780	263	cleavage	25	26
2517227781	139	cleavage	30	31
2517227783	407	cleavage	25	26
2517227784	137	cleavage	39	40
2517227785	396	cleavage	27	28
2517227786	86	cleavage	22	23
2517227795	83	cleavage	25	26
2517227798	646	cleavage	29	30
2517227801	233	cleavage	26	27
2517227804	478	cleavage	23	24
2517227818	232	cleavage	31	32
2517227819	59	cleavage	25	26
2517227820	367	cleavage	25	26
2517227845	333	cleavage	40	41
2517227846	440	cleavage	22	23
2517227851	195	cleavage	25	26
2517227852	204	cleavage	22	23
2517227865	352	cleavage	20	21
2517227866	295	cleavage	18	19
2517227872	396	cleavage	27	28
2517227886	283	cleavage	18	19
2517227887	166	cleavage	27	28
2517227902	263	cleavage	16	17
2517227903	341	cleavage	19	20
2517227910	116	cleavage	27	28
2517227912	328	cleavage	31	32
2517227913	255	cleavage	28	29
2517227923	74	cleavage	25	26
2517227928	320	cleavage	26	27
2517227930	116	cleavage	24	25
2517227936	67	cleavage	24	25
2517227938	118	cleavage	26	27
2517227941	83	cleavage	28	29
2517227947	225	cleavage	25	26
2517227949	138	cleavage	41	42
2517227962	105	cleavage	28	29
2517227966	271	cleavage	23	24
2517227968	433	cleavage	20	21
2517227976	278	cleavage	15	16
2517227983	278	cleavage	53	54
2517227984	194	cleavage	22	23
2517227987	72	cleavage	23	24
2517227989	388	cleavage	16	17
2517227991	55	cleavage	35	36
2517227999	119	cleavage	23	24
2517228000	118	cleavage	21	22
2517228001	54	cleavage	18	19
2517228003	799	cleavage	34	35
2517228008	211	cleavage	23	24
2517228009	269	cleavage	40	41
2517228039	405	cleavage	55	56
2517228041	233	cleavage	26	27
2517228049	569	cleavage	85	86
2517228058	66	cleavage	26	27
2517228064	562	cleavage	18	19
2517228065	252	cleavage	28	29
2517228066	80	cleavage	21	22
2517228067	329	cleavage	24	25
2517228072	162	cleavage	28	29
2517228074	270	cleavage	37	38
2517228080	192	cleavage	22	23
2517228085	344	cleavage	30	31
2517228088	368	cleavage	23	24
2517228092	128	cleavage	31	32
2517228110	256	cleavage	33	34
2517228117	319	cleavage	19	20
2517228118	296	cleavage	36	37
2517228127	65	cleavage	25	26
2517228128	102	cleavage	19	20
2517228144	132	cleavage	21	22
2517228147	154	cleavage	26	27
2517228149	347	cleavage	21	22
2517228150	115	cleavage	23	24
2517228154	307	cleavage	21	22
2517228155	287	cleavage	24	25
2517228156	325	cleavage	21	22
2517228163	142	cleavage	35	36
2517228165	87	cleavage	24	25
2517228166	233	cleavage	26	27
2517228180	343	cleavage	32	33
2517228181	361	cleavage	24	25
2517228185	237	cleavage	43	44
2517228189	34	cleavage	25	26
2517228192	268	cleavage	44	45
2517228193	160	cleavage	32	33
2517228202	84	cleavage	26	27
2517228215	129	cleavage	49	50
2517228218	243	cleavage	23	24
2517228219	118	cleavage	23	24
2517228220	58	cleavage	25	26
2517228224	149	cleavage	27	28
2517228225	312	cleavage	21	22
2517228226	287	cleavage	19	20
2517228229	75	cleavage	26	27
2517228235	72	cleavage	53	54
2517228236	172	cleavage	21	22
2517228239	331	cleavage	38	39
2517228240	396	cleavage	26	27
2517228243	394	cleavage	30	31
2517228245	185	cleavage	34	35
2517228251	197	cleavage	18	19
2517228252	316	cleavage	26	27
2517228256	417	cleavage	46	47
2517228270	309	cleavage	22	23
2517228274	39	cleavage	31	32
2517228275	377	cleavage	26	27
2517228276	343	cleavage	27	28
2517228278	375	cleavage	28	29
2517228279	494	cleavage	24	25
2517228281	306	cleavage	89	90
2517228287	393	cleavage	39	40
2517228288	129	cleavage	29	30
2517228289	186	cleavage	29	30
2517228296	412	cleavage	35	36
2517228299	233	cleavage	26	27
2517228304	320	cleavage	20	21
2517228305	282	cleavage	21	22
2517228320	148	cleavage	24	25
2517228332	334	cleavage	22	23
2517228347	430	cleavage	30	31
2517228349	240	cleavage	34	35
2517228352	238	cleavage	25	26
2517228353	120	cleavage	21	22
2517228354	413	cleavage	23	24
2517228356	442	cleavage	22	23
2517228365	91	cleavage	37	38
2517228367	103	cleavage	19	20
2517228371	314	cleavage	21	22
2517228372	328	cleavage	27	28
2517228376	320	cleavage	19	20
2517228378	326	cleavage	36	37
2517228381	404	cleavage	32	33
2517228382	1132	cleavage	24	25
2517228384	276	cleavage	29	30
2517228393	209	cleavage	20	21
2517228398	295	cleavage	19	20
2517228407	289	cleavage	36	37
2517228420	487	cleavage	21	22
2517228422	127	cleavage	22	23
2517228424	104	cleavage	33	34
2517228425	89	cleavage	21	22
2517228430	388	cleavage	31	32
2517228435	83	cleavage	29	30
2517228443	174	cleavage	21	22
2517228451	313	cleavage	27	28
2517228454	444	cleavage	24	25
2517228455	169	cleavage	25	26
2517228459	442	cleavage	19	20
2517228480	622	cleavage	24	25
2517228481	327	cleavage	18	19
2517228487	47	cleavage	16	17
2517228489	125	cleavage	29	30
2517228497	193	cleavage	55	56
2517228503	345	cleavage	31	32
2517228504	123	cleavage	19	20
2517228508	152	cleavage	35	36
2517228519	32	cleavage	27	28
2517228523	107	cleavage	29	30
2517228529	457	cleavage	17	18
2517228558	252	cleavage	20	21
2517228565	169	cleavage	23	24
2517228571	828	cleavage	26	27
2517228572	721	cleavage	25	26
2517228573	480	cleavage	26	27
2517228598	265	cleavage	46	47
2517228613	428	cleavage	56	57
2517228619	283	cleavage	23	24
2517228635	276	cleavage	18	19
2517228639	284	cleavage	26	27
2517228651	124	cleavage	23	24
2517228663	308	cleavage	21	22
2517228666	605	cleavage	25	26
2517228667	246	cleavage	24	25
2517228675	705	cleavage	32	33
2517228676	332	cleavage	40	41
2517228679	329	cleavage	32	33
2517228680	120	cleavage	27	28
2517228690	167	cleavage	23	24
2517228691	84	cleavage	33	34
2517228692	124	cleavage	24	25
2517228693	88	cleavage	39	40
2517228694	99	cleavage	26	27
2517228696	117	cleavage	32	33
2517228697	510	cleavage	30	31
2517228698	115	cleavage	21	22
2517228702	321	cleavage	33	34
2517228705	634	cleavage	36	37
2517228711	192	cleavage	30	31
2517228713	38	cleavage	30	31
2517228714	309	cleavage	31	32
2517228715	618	cleavage	29	30
2517228716	493	cleavage	23	24
2517228718	235	cleavage	28	29
2517228719	94	cleavage	30	31
2517228721	84	cleavage	18	19
2517228722	168	cleavage	27	28
2517228733	177	cleavage	12	13
2517228734	273	cleavage	21	22
2517228735	130	cleavage	27	28
2517228737	90	cleavage	24	25
2517228738	426	cleavage	23	24
2517228743	98	cleavage	32	33
2517228776	520	cleavage	22	23
2517228779	698	cleavage	26	27
2517228780	698	cleavage	22	23
2517228783	193	cleavage	24	25
2517228784	145	cleavage	27	28
2517228785	142	cleavage	32	33
2517228787	151	cleavage	27	28
2517228792	346	cleavage	34	35
2517228794	512	cleavage	18	19
2517228797	137	cleavage	26	27
2517228798	102	cleavage	29	30
2517228800	131	cleavage	26	27
2517228805	438	cleavage	26	27
2517228806	445	cleavage	22	23
2517228807	269	cleavage	24	25
2517228825	424	cleavage	29	30
2517228830	119	cleavage	29	30
2517228841	206	cleavage	28	29
2517228846	264	cleavage	19	20
2517228852	197	cleavage	21	22
2517228860	329	cleavage	22	23
2517228862	341	cleavage	22	23
2517228872	119	cleavage	22	23
2517228874	263	cleavage	24	25
2517228880	198	cleavage	18	19
2517228893	159	cleavage	31	32
2517228896	230	cleavage	16	17
2517228897	505	cleavage	32	33
2517228900	171	cleavage	28	29
2517228901	332	cleavage	35	36
2517228904	377	cleavage	28	29
2517228913	349	cleavage	29	30
2517228915	967	cleavage	36	37
2517228922	263	cleavage	33	34
2517228923	190	cleavage	23	24
2517228925	196	cleavage	37	38
2517228927	309	cleavage	29	30
2517228928	387	cleavage	30	31
2517228932	199	cleavage	25	26
2517228937	202	cleavage	32	33
2517228943	303	cleavage	32	33
2517228956	541	cleavage	31	32
2517228957	315	cleavage	33	34
2517228958	289	cleavage	36	37
2517228966	281	cleavage	35	36
2517228969	373	cleavage	18	19
2517228970	375	cleavage	23	24
2517228978	232	cleavage	43	44
2517228982	273	cleavage	26	27
2517228991	249	cleavage	36	37
2517228992	339	cleavage	24	25
2517228996	297	cleavage	25	26
2517229026	222	cleavage	23	24
2517229027	322	cleavage	23	24
2517229028	344	cleavage	22	23
2517229029	461	cleavage	28	29
2517229033	191	cleavage	19	20
2517229039	192	cleavage	21	22
2517229040	98	cleavage	32	33
2517229049	263	cleavage	24	25
2517229051	85	cleavage	18	19
2517229070	257	cleavage	40	41
2517229073	277	cleavage	35	36
2517229074	589	cleavage	30	31
2517229076	584	cleavage	22	23
2517229092	235	cleavage	17	18
2517229099	451	cleavage	19	20
2517229100	291	cleavage	34	35
2517229112	533	cleavage	28	29
2517229113	124	cleavage	34	35
2517229138	496	cleavage	21	22
2517229141	442	cleavage	29	30
2517229142	288	cleavage	20	21
2517229146	235	cleavage	18	19
2517229147	223	cleavage	42	43
2517229159	179	cleavage	24	25
2517229160	995	cleavage	25	26
2517229168	464	cleavage	22	23
2517229171	240	cleavage	28	29
2517229175	277	cleavage	36	37
2517229176	284	cleavage	31	32
2517229177	427	cleavage	33	34
2517229188	281	cleavage	23	24
2517229200	488	cleavage	16	17
2517229205	434	cleavage	37	38
2517229206	298	cleavage	30	31
2517229207	415	cleavage	35	36
2517229208	1355	cleavage	26	27
2517229220	258	cleavage	22	23
2517229235	283	cleavage	22	23
2517229236	174	cleavage	23	24
2517229237	459	cleavage	22	23
2517229238	437	cleavage	21	22
2517229243	199	cleavage	28	29
2517229257	273	cleavage	42	43
2517229260	304	cleavage	21	22
2517229271	182	cleavage	35	36
2517229274	71	cleavage	18	19
2517229289	493	cleavage	31	32
2517229293	350	cleavage	36	37
2517229295	455	cleavage	38	39
2517229300	224	cleavage	19	20
2517229301	109	cleavage	22	23
2517229304	123	cleavage	37	38
2517229309	95	cleavage	22	23
2517229310	201	cleavage	21	22
2517229311	165	cleavage	19	20
2517229320	365	cleavage	20	21
2517229331	141	cleavage	25	26
2517229347	378	cleavage	15	16
2517229357	307	cleavage	22	23
2517229365	275	cleavage	33	34
2517229371	346	cleavage	33	34
2517229372	180	cleavage	26	27
2517229375	171	cleavage	25	26
2517229376	282	cleavage	38	39
2517229381	225	cleavage	34	35
2517229383	357	cleavage	25	26
2517229387	236	cleavage	28	29
2517229394	357	cleavage	27	28
2517229396	541	cleavage	27	28
2517229401	338	cleavage	35	36
2517229403	278	cleavage	35	36
2517229404	297	cleavage	38	39
2517229405	450	cleavage	36	37
2517229408	105	cleavage	22	23
2517229424	303	cleavage	22	23
2517229425	242	cleavage	32	33
2517229430	261	cleavage	20	21
2517229447	302	cleavage	22	23
2517229448	329	cleavage	34	35
2517229450	398	cleavage	30	31
2517229468	171	cleavage	46	47
2517229476	285	cleavage	22	23
2517229477	654	cleavage	23	24
2517229478	576	cleavage	20	21
2517229479	119	cleavage	24	25
2517229492	578	cleavage	40	41
2517229495	166	cleavage	32	33
2517229517	185	cleavage	25	26
2517229519	418	cleavage	22	23
2517229526	175	cleavage	25	26
2517229529	179	cleavage	21	22
2517229539	82	cleavage	26	27
2517229543	63	cleavage	18	19
2517229547	79	cleavage	15	16
2517229549	186	cleavage	18	19
