gene_oid	gene_length	feature_type	start_coord	end_coord
638185348	103	cleavage	26	27
638185361	464	cleavage	23	24
638185364	173	cleavage	25	26
638185365	242	cleavage	21	22
638185370	284	cleavage	29	30
638185371	426	cleavage	21	22
638185385	148	cleavage	23	24
638185430	275	cleavage	21	22
638185449	336	cleavage	21	22
638185451	462	cleavage	32	33
638185458	276	cleavage	22	23
638185471	167	cleavage	17	18
638185495	139	cleavage	26	27
638185510	167	cleavage	33	34
638185515	340	cleavage	22	23
638185523	162	cleavage	20	21
638185554	233	cleavage	23	24
638185568	106	cleavage	21	22
638185570	289	cleavage	39	40
638185572	544	cleavage	23	24
638185586	140	cleavage	19	20
638185593	52	cleavage	23	24
638185621	350	cleavage	20	21
638185623	153	cleavage	23	24
638185625	105	cleavage	21	22
638185631	109	cleavage	74	75
638185647	121	cleavage	20	21
638185666	899	cleavage	22	23
638185668	110	cleavage	41	42
638185672	116	cleavage	37	38
638185674	148	cleavage	28	29
638185675	308	cleavage	22	23
638185681	154	cleavage	22	23
638185693	215	cleavage	19	20
638185696	1155	cleavage	26	27
638185704	99	cleavage	23	24
638185718	1003	cleavage	21	22
638185722	124	cleavage	30	31
638185725	399	cleavage	21	22
638185737	114	cleavage	23	24
638185740	273	cleavage	37	38
638185741	112	cleavage	13	14
638185749	520	cleavage	20	21
638185754	626	cleavage	36	37
638185760	444	cleavage	22	23
638185780	580	cleavage	19	20
638185846	125	cleavage	21	22
638185863	168	cleavage	58	59
638185874	135	cleavage	42	43
638185884	530	cleavage	27	28
638185907	110	cleavage	25	26
638185918	739	cleavage	31	32
638185919	114	cleavage	36	37
638185920	246	cleavage	20	21
638185930	641	cleavage	28	29
638185932	304	cleavage	37	38
638185934	123	cleavage	22	23
638185937	137	cleavage	23	24
638185941	100	cleavage	51	52
638185952	325	cleavage	20	21
638185954	103	cleavage	30	31
638185979	237	cleavage	28	29
638185981	207	cleavage	25	26
638185982	334	cleavage	25	26
638185983	214	cleavage	24	25
638185984	255	cleavage	24	25
638185987	192	cleavage	23	24
638185994	641	cleavage	18	19
638185996	128	cleavage	22	23
638185998	175	cleavage	20	21
638185999	201	cleavage	23	24
638186052	129	cleavage	20	21
638186058	332	cleavage	23	24
638186067	122	cleavage	38	39
638186091	406	cleavage	21	22
638186100	317	cleavage	28	29
638186110	158	cleavage	32	33
638186119	413	cleavage	46	47
638186151	286	cleavage	19	20
638186166	170	cleavage	31	32
638186181	395	cleavage	23	24
638186194	269	cleavage	24	25
638186198	150	cleavage	34	35
638186205	115	cleavage	22	23
638186219	464	cleavage	25	26
638186221	279	cleavage	42	43
638186244	138	cleavage	23	24
638186246	102	cleavage	33	34
638186258	698	cleavage	21	22
638186263	331	cleavage	21	22
638186271	554	cleavage	22	23
638186272	316	cleavage	20	21
638186278	275	cleavage	19	20
638186281	597	cleavage	25	26
638186282	323	cleavage	32	33
638186283	283	cleavage	32	33
638186317	117	cleavage	38	39
638186331	111	cleavage	28	29
638186349	102	cleavage	45	46
638186353	120	cleavage	18	19
638186368	109	cleavage	24	25
638186369	280	cleavage	23	24
638186371	341	cleavage	30	31
638186373	397	cleavage	16	17
638186387	141	cleavage	31	32
638186423	69	cleavage	17	18
638186446	4436	cleavage	24	25
638186466	299	cleavage	27	28
638186492	284	cleavage	24	25
638186493	329	cleavage	26	27
638186503	432	cleavage	29	30
638186505	161	cleavage	22	23
638186516	102	cleavage	15	16
638186520	120	cleavage	21	22
638186538	276	cleavage	30	31
638186541	420	cleavage	25	26
638186544	129	cleavage	34	35
638186547	70	cleavage	20	21
638186574	158	cleavage	30	31
638186576	320	cleavage	19	20
638186583	100	cleavage	23	24
638186601	121	cleavage	22	23
638186603	143	cleavage	22	23
638186620	135	cleavage	24	25
638186630	156	cleavage	19	20
638186643	170	cleavage	25	26
638186645	318	cleavage	26	27
638186675	265	cleavage	46	47
638186676	165	cleavage	21	22
638186690	458	cleavage	28	29
638186696	191	cleavage	24	25
638186710	270	cleavage	22	23
638186711	142	cleavage	24	25
638186713	267	cleavage	21	22
638186718	743	cleavage	51	52
638186720	693	cleavage	20	21
638186725	111	cleavage	42	43
638186736	176	cleavage	29	30
638186739	441	cleavage	23	24
638186740	292	cleavage	28	29
638186741	275	cleavage	28	29
638186745	117	cleavage	42	43
638186753	189	cleavage	27	28
638186763	343	cleavage	29	30
638186764	366	cleavage	22	23
638186766	237	cleavage	24	25
638186784	101	cleavage	47	48
638186787	292	cleavage	31	32
638186794	103	cleavage	36	37
638186801	113	cleavage	28	29
638186816	189	cleavage	29	30
638186824	113	cleavage	47	48
638186827	115	cleavage	41	42
638186842	162	cleavage	35	36
638186846	125	cleavage	25	26
638186876	125	cleavage	46	47
638186880	513	cleavage	21	22
638186886	706	cleavage	33	34
638186887	691	cleavage	20	21
638186889	138	cleavage	17	18
638186894	476	cleavage	23	24
638186895	699	cleavage	23	24
638186896	816	cleavage	22	23
638186900	242	cleavage	27	28
638186904	347	cleavage	25	26
638186906	101	cleavage	20	21
638186920	537	cleavage	23	24
638186927	728	cleavage	23	24
638186931	521	cleavage	25	26
638186940	442	cleavage	37	38
638186950	301	cleavage	20	21
638186953	100	cleavage	29	30
638186956	609	cleavage	30	31
638186957	251	cleavage	23	24
638186970	721	cleavage	22	23
638186993	64	cleavage	22	23
638186994	99	cleavage	19	20
638187009	638	cleavage	25	26
638187019	495	cleavage	23	24
638187021	241	cleavage	25	26
638187026	119	cleavage	20	21
638187036	139	cleavage	20	21
638187067	275	cleavage	18	19
638187073	130	cleavage	23	24
638187090	441	cleavage	20	21
638187091	266	cleavage	24	25
638187098	149	cleavage	26	27
638187146	159	cleavage	44	45
638187159	334	cleavage	25	26
638187166	119	cleavage	16	17
638187206	325	cleavage	20	21
638187214	418	cleavage	23	24
638187216	185	cleavage	22	23
638187234	148	cleavage	34	35
638187239	102	cleavage	33	34
638187244	161	cleavage	20	21
638187247	107	cleavage	15	16
638187258	184	cleavage	19	20
638187260	345	cleavage	22	23
638187266	284	cleavage	38	39
638187268	101	cleavage	25	26
638187270	103	cleavage	31	32
638187272	102	cleavage	24	25
638187276	365	cleavage	22	23
638187277	367	cleavage	25	26
638187279	114	cleavage	33	34
638187282	259	cleavage	24	25
638187285	213	cleavage	28	29
638187296	140	cleavage	28	29
638187312	235	cleavage	26	27
638187317	367	cleavage	31	32
638187321	337	cleavage	74	75
638187323	405	cleavage	28	29
638187336	117	cleavage	13	14
638187340	292	cleavage	23	24
638187348	582	cleavage	41	42
638187350	237	cleavage	35	36
638187353	415	cleavage	20	21
638187355	306	cleavage	22	23
638187397	55	cleavage	26	27
638187399	362	cleavage	20	21
638187413	133	cleavage	57	58
638187416	139	cleavage	24	25
638187418	123	cleavage	25	26
638187421	1179	cleavage	30	31
638187423	133	cleavage	47	48
638187439	329	cleavage	29	30
638187441	398	cleavage	22	23
638187451	115	cleavage	42	43
638187452	72	cleavage	43	44
638187462	292	cleavage	23	24
638187463	178	cleavage	24	25
638187469	310	cleavage	27	28
638187478	507	cleavage	24	25
638187501	320	cleavage	35	36
638187503	174	cleavage	23	24
638187504	288	cleavage	21	22
638187524	533	cleavage	40	41
638187525	116	cleavage	31	32
638187565	77	cleavage	32	33
638187574	174	cleavage	22	23
638187606	177	cleavage	31	32
638187611	841	cleavage	27	28
638187613	109	cleavage	23	24
638187616	130	cleavage	20	21
638187622	107	cleavage	19	20
638187628	182	cleavage	28	29
638187629	162	cleavage	37	38
638187631	115	cleavage	11	12
638187634	507	cleavage	27	28
638187637	239	cleavage	24	25
638187653	147	cleavage	69	70
