gene_oid	gene_length	feature_type	start_coord	end_coord
650941957	81	cleavage	44	45
650941958	195	cleavage	24	25
650941962	426	cleavage	15	16
650941995	560	cleavage	26	27
650941997	67	cleavage	20	21
650942000	314	cleavage	25	26
650942002	348	cleavage	25	26
650942005	277	cleavage	36	37
650942006	282	cleavage	29	30
650942007	426	cleavage	29	30
650942013	97	cleavage	49	50
650942014	62	cleavage	23	24
650942016	282	cleavage	44	45
650942017	57	cleavage	32	33
650942030	324	cleavage	25	26
650942040	71	cleavage	28	29
650942050	329	cleavage	38	39
650942055	525	cleavage	21	22
650942063	453	cleavage	38	39
650942070	536	cleavage	22	23
650942073	104	cleavage	29	30
650942075	157	cleavage	36	37
650942084	359	cleavage	20	21
650942122	317	cleavage	25	26
650942127	382	cleavage	27	28
650942131	213	cleavage	25	26
650942135	70	cleavage	23	24
650942136	131	cleavage	25	26
650942137	153	cleavage	26	27
650942149	45	cleavage	26	27
650942151	229	cleavage	27	28
650942155	444	cleavage	31	32
650942172	336	cleavage	29	30
650942173	182	cleavage	25	26
650942176	171	cleavage	25	26
650942177	283	cleavage	38	39
650942181	276	cleavage	33	34
650942183	509	cleavage	34	35
650942187	328	cleavage	30	31
650942210	320	cleavage	19	20
650942211	183	cleavage	29	30
650942215	339	cleavage	31	32
650942224	278	cleavage	27	28
650942225	136	cleavage	22	23
650942228	137	cleavage	23	24
650942229	398	cleavage	19	20
650942230	87	cleavage	22	23
650942246	119	cleavage	25	26
650942256	117	cleavage	18	19
650942257	326	cleavage	29	30
650942260	333	cleavage	40	41
650942261	706	cleavage	22	23
650942267	286	cleavage	26	27
650942272	250	cleavage	16	17
650942277	198	cleavage	33	34
650942281	443	cleavage	32	33
650942284	255	cleavage	41	42
650942287	204	cleavage	74	75
650942289	214	cleavage	28	29
650942299	339	cleavage	35	36
650942305	418	cleavage	22	23
650942312	269	cleavage	27	28
650942319	243	cleavage	20	21
650942320	136	cleavage	23	24
650942325	257	cleavage	19	20
650942330	206	cleavage	33	34
650942350	336	cleavage	51	52
650942351	437	cleavage	24	25
650942352	91	cleavage	19	20
650942353	156	cleavage	28	29
650942355	121	cleavage	20	21
650942357	420	cleavage	37	38
650942366	479	cleavage	29	30
650942367	226	cleavage	24	25
650942376	220	cleavage	38	39
650942378	134	cleavage	30	31
650942381	305	cleavage	25	26
650942383	287	cleavage	21	22
650942384	128	cleavage	36	37
650942399	344	cleavage	31	32
650942405	326	cleavage	39	40
650942408	485	cleavage	33	34
650942421	269	cleavage	18	19
650942426	81	cleavage	26	27
650942429	314	cleavage	30	31
650942432	75	cleavage	15	16
650942434	432	cleavage	22	23
650942440	265	cleavage	34	35
650942447	64	cleavage	34	35
650942458	580	cleavage	24	25
650942461	215	cleavage	18	19
650942467	929	cleavage	20	21
650942468	372	cleavage	24	25
650942471	261	cleavage	26	27
650942474	192	cleavage	22	23
650942475	89	cleavage	34	35
650942478	113	cleavage	36	37
650942496	127	cleavage	27	28
650942503	1159	cleavage	26	27
650942507	263	cleavage	25	26
650942508	358	cleavage	29	30
650942509	37	cleavage	15	16
650942510	113	cleavage	19	20
650942511	124	cleavage	26	27
650942514	99	cleavage	34	35
650942522	38	cleavage	28	29
650942528	54	cleavage	26	27
650942529	250	cleavage	26	27
650942533	117	cleavage	33	34
650942556	158	cleavage	26	27
650942562	200	cleavage	30	31
650942564	81	cleavage	32	33
650942565	391	cleavage	14	15
650942578	267	cleavage	23	24
650942579	438	cleavage	19	20
650942583	127	cleavage	24	25
650942584	153	cleavage	52	53
650942585	104	cleavage	20	21
650942586	90	cleavage	21	22
650942588	250	cleavage	27	28
650942592	245	cleavage	46	47
650942602	107	cleavage	17	18
650942605	542	cleavage	28	29
650942607	47	cleavage	24	25
650942609	331	cleavage	22	23
650942610	395	cleavage	26	27
650942613	394	cleavage	30	31
650942615	185	cleavage	34	35
650942616	318	cleavage	20	21
650942621	226	cleavage	16	17
650942625	347	cleavage	40	41
650942633	283	cleavage	35	36
650942648	127	cleavage	32	33
650942653	52	cleavage	34	35
650942654	50	cleavage	40	41
650942655	151	cleavage	82	83
650942657	644	cleavage	26	27
650942662	426	cleavage	34	35
650942665	405	cleavage	20	21
650942668	428	cleavage	39	40
650942680	195	cleavage	17	18
650942684	228	cleavage	39	40
650942685	687	cleavage	25	26
650942688	327	cleavage	38	39
650942700	384	cleavage	21	22
650942703	1405	cleavage	27	28
650942708	318	cleavage	16	17
650942724	400	cleavage	18	19
650942738	442	cleavage	19	20
650942740	83	cleavage	35	36
650942746	494	cleavage	24	25
650942748	359	cleavage	43	44
650942752	301	cleavage	18	19
650942755	337	cleavage	19	20
650942756	288	cleavage	18	19
650942759	369	cleavage	27	28
650942766	400	cleavage	30	31
650942768	90	cleavage	13	14
650942769	380	cleavage	18	19
650942785	143	cleavage	36	37
650942795	160	cleavage	33	34
650942796	41	cleavage	32	33
650942797	492	cleavage	33	34
650942798	165	cleavage	23	24
650942801	204	cleavage	24	25
650942811	80	cleavage	33	34
650942812	281	cleavage	24	25
650942816	74	cleavage	27	28
650942821	112	cleavage	23	24
650942822	117	cleavage	24	25
650942829	298	cleavage	19	20
650942830	262	cleavage	54	55
650942833	189	cleavage	20	21
650942834	271	cleavage	23	24
650942843	285	cleavage	16	17
650942848	299	cleavage	24	25
650942853	37	cleavage	30	31
650942856	73	cleavage	24	25
650942861	114	cleavage	23	24
650942871	174	cleavage	21	22
650942876	436	cleavage	22	23
650942877	251	cleavage	20	21
650942900	289	cleavage	36	37
650942914	397	cleavage	42	43
650942921	45	cleavage	25	26
650942931	423	cleavage	38	39
650942944	519	cleavage	23	24
650942948	107	cleavage	29	30
650942952	459	cleavage	49	50
650942955	149	cleavage	21	22
650942957	45	cleavage	26	27
650942960	181	cleavage	21	22
650942961	439	cleavage	26	27
650942962	416	cleavage	22	23
650942964	443	cleavage	24	25
650942967	418	cleavage	43	44
650942981	338	cleavage	22	23
650942985	127	cleavage	20	21
650942990	405	cleavage	29	30
650942991	224	cleavage	96	97
650942998	279	cleavage	19	20
650942999	366	cleavage	22	23
650943006	515	cleavage	22	23
650943009	689	cleavage	25	26
650943010	696	cleavage	28	29
650943013	179	cleavage	32	33
650943014	144	cleavage	34	35
650943015	140	cleavage	16	17
650943016	496	cleavage	29	30
650943017	855	cleavage	32	33
650943018	367	cleavage	42	43
650943024	347	cleavage	25	26
650943026	531	cleavage	29	30
650943035	275	cleavage	25	26
650943037	186	cleavage	32	33
650943038	155	cleavage	20	21
650943054	480	cleavage	27	28
650943055	404	cleavage	27	28
650943056	684	cleavage	18	19
650943057	308	cleavage	24	25
650943060	271	cleavage	20	21
650943063	93	cleavage	28	29
650943064	119	cleavage	19	20
650943065	84	cleavage	20	21
650943066	246	cleavage	33	34
650943067	133	cleavage	23	24
650943068	121	cleavage	36	37
650943069	521	cleavage	27	28
650943072	167	cleavage	23	24
650943073	84	cleavage	33	34
650943074	121	cleavage	15	16
650943075	88	cleavage	39	40
650943076	99	cleavage	20	21
650943078	117	cleavage	19	20
650943079	509	cleavage	29	30
650943080	115	cleavage	31	32
650943084	319	cleavage	23	24
650943087	629	cleavage	19	20
650943089	407	cleavage	30	31
650943093	192	cleavage	30	31
650943094	309	cleavage	31	32
650943095	618	cleavage	18	19
650943096	495	cleavage	24	25
650943098	235	cleavage	28	29
650943099	94	cleavage	30	31
650943100	126	cleavage	25	26
650943101	84	cleavage	18	19
650943102	168	cleavage	27	28
650943108	424	cleavage	38	39
650943113	102	cleavage	31	32
650943121	229	cleavage	31	32
650943135	404	cleavage	30	31
650943138	372	cleavage	31	32
650943139	344	cleavage	33	34
650943143	75	cleavage	24	25
650943144	260	cleavage	31	32
650943145	175	cleavage	30	31
650943152	287	cleavage	19	20
650943154	93	cleavage	17	18
650943160	302	cleavage	22	23
650943161	336	cleavage	40	41
650943163	406	cleavage	26	27
650943167	245	cleavage	36	37
650943168	285	cleavage	34	35
650943169	333	cleavage	25	26
650943177	153	cleavage	20	21
650943178	199	cleavage	23	24
650943179	176	cleavage	22	23
650943180	334	cleavage	26	27
650943181	136	cleavage	25	26
650943182	311	cleavage	29	30
650943185	669	cleavage	19	20
650943189	157	cleavage	25	26
650943193	259	cleavage	24	25
650943194	218	cleavage	24	25
650943195	222	cleavage	26	27
650943200	418	cleavage	17	18
650943207	351	cleavage	20	21
650943213	511	cleavage	28	29
650943215	158	cleavage	36	37
650943219	86	cleavage	32	33
650943220	399	cleavage	35	36
650943221	56	cleavage	36	37
650943223	173	cleavage	24	25
650943224	286	cleavage	23	24
650943226	138	cleavage	27	28
650943233	321	cleavage	22	23
650943251	214	cleavage	29	30
650943261	354	cleavage	22	23
650943265	231	cleavage	35	36
650943268	357	cleavage	21	22
650943278	421	cleavage	30	31
650943280	50	cleavage	32	33
650943289	899	cleavage	22	23
650943290	747	cleavage	50	51
650943295	249	cleavage	29	30
650943302	245	cleavage	31	32
650943305	267	cleavage	91	92
650943306	219	cleavage	25	26
650943309	476	cleavage	27	28
650943314	158	cleavage	19	20
650943316	754	cleavage	33	34
650943319	164	cleavage	43	44
650943325	384	cleavage	40	41
650943334	293	cleavage	18	19
650943347	218	cleavage	31	32
650943355	395	cleavage	39	40
650943359	47	cleavage	25	26
650943362	119	cleavage	25	26
650943364	732	cleavage	46	47
650943365	162	cleavage	29	30
650943366	171	cleavage	30	31
650943367	111	cleavage	25	26
650943368	85	cleavage	27	28
650943369	269	cleavage	23	24
650943370	159	cleavage	26	27
650943373	269	cleavage	23	24
650943387	474	cleavage	22	23
650943395	290	cleavage	20	21
650943403	50	cleavage	26	27
650943404	45	cleavage	33	34
650943409	44	cleavage	24	25
650943411	136	cleavage	26	27
650943414	272	cleavage	24	25
650943418	102	cleavage	20	21
650943420	407	cleavage	32	33
650943421	465	cleavage	30	31
650943424	106	cleavage	28	29
650943426	151	cleavage	23	24
650943428	449	cleavage	22	23
650943429	353	cleavage	18	19
650943430	326	cleavage	20	21
650943431	221	cleavage	24	25
650943432	239	cleavage	17	18
650943438	237	cleavage	17	18
650943441	93	cleavage	25	26
650943468	50	cleavage	37	38
650943469	311	cleavage	20	21
650943481	314	cleavage	26	27
650943482	142	cleavage	24	25
650943484	307	cleavage	19	20
650943485	359	cleavage	19	20
650943487	408	cleavage	23	24
650943493	203	cleavage	38	39
650943495	739	cleavage	23	24
650943496	244	cleavage	29	30
650943497	341	cleavage	22	23
650943505	371	cleavage	20	21
650943508	330	cleavage	32	33
650943509	240	cleavage	47	48
650943511	291	cleavage	33	34
650943512	505	cleavage	28	29
650943513	229	cleavage	16	17
650943516	159	cleavage	31	32
650943527	199	cleavage	25	26
650943532	822	cleavage	28	29
650943533	349	cleavage	26	27
650943534	476	cleavage	39	40
650943536	335	cleavage	35	36
650943537	167	cleavage	29	30
650943577	227	cleavage	43	44
650943579	393	cleavage	24	25
650943582	246	cleavage	26	27
650943587	388	cleavage	33	34
650943590	187	cleavage	98	99
650943591	55	cleavage	23	24
650943602	371	cleavage	23	24
650943605	289	cleavage	29	30
650943606	312	cleavage	34	35
650943607	540	cleavage	31	32
650943618	498	cleavage	15	16
650943620	202	cleavage	25	26
650943622	610	cleavage	23	24
650943630	318	cleavage	29	30
650943631	625	cleavage	36	37
650943637	270	cleavage	27	28
650943644	488	cleavage	16	17
650943648	280	cleavage	36	37
650943650	76	cleavage	31	32
650943652	313	cleavage	32	33
650943653	413	cleavage	42	43
650943654	1098	cleavage	26	27
650943665	333	cleavage	35	36
650943675	275	cleavage	22	23
650943679	328	cleavage	17	18
650943686	229	cleavage	38	39
650943692	467	cleavage	21	22
650943699	243	cleavage	42	43
650943700	509	cleavage	36	37
650943727	601	cleavage	22	23
650943732	771	cleavage	28	29
650943734	430	cleavage	29	30
650943736	356	cleavage	30	31
650943737	556	cleavage	21	22
650943739	80	cleavage	22	23
650943740	334	cleavage	30	31
650943741	191	cleavage	30	31
650943742	331	cleavage	16	17
650943746	166	cleavage	17	18
650943767	288	cleavage	18	19
650943768	436	cleavage	26	27
650943769	441	cleavage	24	25
650943771	385	cleavage	29	30
650943773	495	cleavage	19	20
650943776	85	cleavage	26	27
650943780	116	cleavage	34	35
650943796	705	cleavage	20	21
650943797	458	cleavage	26	27
650943801	427	cleavage	29	30
650943803	54	cleavage	29	30
650943804	398	cleavage	19	20
650943813	187	cleavage	44	45
650943815	529	cleavage	25	26
650943830	535	cleavage	19	20
650943832	90	cleavage	37	38
650943839	254	cleavage	49	50
650943844	322	cleavage	22	23
650943852	273	cleavage	22	23
650943859	351	cleavage	21	22
650943860	474	cleavage	27	28
650943862	972	cleavage	55	56
