gene_oid	gene_length	feature_type	start_coord	end_coord
644842053	339	cleavage	27	28
644842054	587	cleavage	22	23
644842055	246	cleavage	26	27
644842061	399	cleavage	25	26
644842062	383	cleavage	23	24
644842072	55	cleavage	37	38
644842080	140	cleavage	34	35
644842083	756	cleavage	28	29
644842084	1096	cleavage	24	25
644842103	350	cleavage	23	24
644842110	362	cleavage	24	25
644842116	369	cleavage	23	24
644842161	145	cleavage	16	17
644842178	281	cleavage	18	19
644842179	384	cleavage	24	25
644842197	278	cleavage	35	36
644842205	352	cleavage	23	24
644842222	323	cleavage	21	22
644842223	301	cleavage	25	26
644842226	414	cleavage	25	26
644842235	194	cleavage	17	18
644842236	404	cleavage	29	30
644842239	194	cleavage	21	22
644842240	371	cleavage	20	21
644842241	512	cleavage	21	22
644842261	685	cleavage	24	25
644842265	489	cleavage	24	25
644842266	380	cleavage	22	23
644842271	361	cleavage	20	21
644842276	577	cleavage	24	25
644842277	95	cleavage	18	19
644842307	442	cleavage	19	20
644842311	1870	cleavage	26	27
644842313	347	cleavage	21	22
644842331	359	cleavage	20	21
644842359	193	cleavage	16	17
644842368	491	cleavage	26	27
644842369	378	cleavage	24	25
644842371	507	cleavage	26	27
644842372	682	cleavage	29	30
644842398	178	cleavage	20	21
644842406	281	cleavage	35	36
644842413	543	cleavage	29	30
644842415	357	cleavage	21	22
644842422	149	cleavage	25	26
644842423	328	cleavage	24	25
644842448	139	cleavage	26	27
644842461	440	cleavage	30	31
644842470	524	cleavage	33	34
644842492	723	cleavage	34	35
644842515	73	cleavage	24	25
644842531	50	cleavage	29	30
644842535	45	cleavage	25	26
644842540	128	cleavage	29	30
644842548	46	cleavage	35	36
644842554	335	cleavage	27	28
644842603	194	cleavage	24	25
644842656	518	cleavage	42	43
644842679	260	cleavage	20	21
644842700	491	cleavage	51	52
644842701	41	cleavage	24	25
644842711	107	cleavage	24	25
644842712	240	cleavage	24	25
644842734	451	cleavage	22	23
644842754	356	cleavage	16	17
644842767	279	cleavage	31	32
644842774	463	cleavage	34	35
644842798	620	cleavage	25	26
644842835	645	cleavage	19	20
644842842	218	cleavage	30	31
644842868	717	cleavage	19	20
644842885	332	cleavage	22	23
644842900	81	cleavage	23	24
644842903	509	cleavage	23	24
644842906	158	cleavage	24	25
644842911	310	cleavage	23	24
644842917	341	cleavage	30	31
644842920	179	cleavage	23	24
644842957	403	cleavage	24	25
644842959	198	cleavage	39	40
644842962	431	cleavage	22	23
644842974	355	cleavage	24	25
644842997	241	cleavage	26	27
644843000	170	cleavage	24	25
644843001	295	cleavage	22	23
644843002	271	cleavage	26	27
644843005	575	cleavage	32	33
644843029	335	cleavage	21	22
644843030	292	cleavage	28	29
644843037	174	cleavage	33	34
644843039	490	cleavage	21	22
644843041	289	cleavage	22	23
644843044	459	cleavage	25	26
644843076	300	cleavage	22	23
644843085	63	cleavage	21	22
644843094	233	cleavage	33	34
644843100	576	cleavage	21	22
644843101	411	cleavage	26	27
644843106	102	cleavage	23	24
644843110	523	cleavage	22	23
644843122	265	cleavage	25	26
644843135	581	cleavage	40	41
644843140	536	cleavage	22	23
644843155	444	cleavage	30	31
644843168	522	cleavage	34	35
644843169	37	cleavage	26	27
644843209	177	cleavage	28	29
644843214	114	cleavage	20	21
644843228	224	cleavage	25	26
644843230	290	cleavage	25	26
644843245	498	cleavage	20	21
644843285	251	cleavage	23	24
644843286	644	cleavage	16	17
644843292	631	cleavage	20	21
644843294	232	cleavage	21	22
644843305	343	cleavage	41	42
644843306	306	cleavage	20	21
644843307	356	cleavage	23	24
644843308	168	cleavage	22	23
644843309	184	cleavage	31	32
644843310	221	cleavage	73	74
644843316	171	cleavage	20	21
644843346	148	cleavage	23	24
644843350	155	cleavage	28	29
644843351	91	cleavage	19	20
644843353	116	cleavage	20	21
644843355	167	cleavage	26	27
644843365	97	cleavage	21	22
644843369	169	cleavage	22	23
644843376	82	cleavage	22	23
644843377	218	cleavage	20	21
644843434	459	cleavage	19	20
644843467	387	cleavage	25	26
644843477	502	cleavage	29	30
644843508	974	cleavage	38	39
644843510	689	cleavage	25	26
644843512	129	cleavage	23	24
644843514	309	cleavage	27	28
644843520	332	cleavage	20	21
644843524	154	cleavage	37	38
644843531	287	cleavage	38	39
644843535	194	cleavage	28	29
644843551	294	cleavage	18	19
644843559	156	cleavage	26	27
644843560	138	cleavage	30	31
644843574	520	cleavage	24	25
644843612	323	cleavage	33	34
644843614	717	cleavage	21	22
644843638	465	cleavage	34	35
644843643	55	cleavage	27	28
644843683	395	cleavage	19	20
644843742	331	cleavage	16	17
644843766	364	cleavage	37	38
644843768	117	cleavage	23	24
644843773	117	cleavage	22	23
644843774	117	cleavage	23	24
644843798	420	cleavage	24	25
644843818	813	cleavage	28	29
644843820	349	cleavage	32	33
644843821	473	cleavage	40	41
644843824	169	cleavage	34	35
644843826	279	cleavage	22	23
644843830	560	cleavage	29	30
644843840	631	cleavage	39	40
644843862	161	cleavage	34	35
644843866	506	cleavage	27	28
644843875	450	cleavage	24	25
644843880	406	cleavage	23	24
644843929	368	cleavage	22	23
644843930	344	cleavage	28	29
644843946	377	cleavage	26	27
644843956	300	cleavage	24	25
644843976	617	cleavage	18	19
644843979	241	cleavage	23	24
644843980	91	cleavage	20	21
644843989	188	cleavage	34	35
644844006	142	cleavage	39	40
644844017	39	cleavage	26	27
644844025	301	cleavage	21	22
644844037	464	cleavage	21	22
644844040	206	cleavage	21	22
644844053	608	cleavage	25	26
644844058	333	cleavage	37	38
644844062	153	cleavage	31	32
644844064	178	cleavage	20	21
644844078	102	cleavage	20	21
644844079	169	cleavage	17	18
644844105	46	cleavage	19	20
644844127	564	cleavage	30	31
