gene_oid	gene_length	feature_type	start_coord	end_coord
644807281	641	cleavage	28	29
644807285	585	cleavage	27	28
644807288	426	cleavage	27	28
644807290	279	cleavage	34	35
644807292	323	cleavage	37	38
644807297	382	cleavage	24	25
644807302	207	cleavage	22	23
644807306	205	cleavage	29	30
644807321	98	cleavage	21	22
644807326	525	cleavage	20	21
644807328	134	cleavage	23	24
644807329	252	cleavage	22	23
644807330	84	cleavage	23	24
644807332	95	cleavage	22	23
644807341	483	cleavage	18	19
644807356	213	cleavage	47	48
644807360	332	cleavage	29	30
644807361	325	cleavage	26	27
644807362	317	cleavage	20	21
644807370	257	cleavage	26	27
644807393	470	cleavage	23	24
644807395	111	cleavage	30	31
644807411	339	cleavage	39	40
644807416	429	cleavage	24	25
644807418	156	cleavage	26	27
644807424	161	cleavage	34	35
644807433	220	cleavage	25	26
644807434	456	cleavage	38	39
644807435	341	cleavage	28	29
644807455	292	cleavage	26	27
644807470	142	cleavage	51	52
644807473	146	cleavage	22	23
644807474	289	cleavage	34	35
644807480	352	cleavage	33	34
644807485	143	cleavage	40	41
644807486	399	cleavage	30	31
644807488	304	cleavage	31	32
644807489	277	cleavage	38	39
644807492	317	cleavage	33	34
644807493	311	cleavage	29	30
644807504	476	cleavage	40	41
644807505	394	cleavage	23	24
644807510	353	cleavage	28	29
644807517	306	cleavage	23	24
644807552	314	cleavage	24	25
644807566	525	cleavage	31	32
644807569	335	cleavage	29	30
644807571	335	cleavage	23	24
644807575	487	cleavage	25	26
644807576	115	cleavage	39	40
644807581	182	cleavage	26	27
644807605	309	cleavage	22	23
644807614	845	cleavage	49	50
644807616	492	cleavage	39	40
644807624	563	cleavage	28	29
644807634	273	cleavage	19	20
644807650	584	cleavage	30	31
644807652	411	cleavage	43	44
644807653	669	cleavage	22	23
644807654	581	cleavage	25	26
644807660	970	cleavage	34	35
644807661	143	cleavage	30	31
644807670	591	cleavage	26	27
644807681	909	cleavage	27	28
644807692	380	cleavage	32	33
644807694	271	cleavage	28	29
644807696	424	cleavage	40	41
644807697	2367	cleavage	33	34
644807731	627	cleavage	31	32
644807753	241	cleavage	27	28
644807769	631	cleavage	47	48
644807784	198	cleavage	21	22
644807785	178	cleavage	19	20
644807786	352	cleavage	22	23
644807787	309	cleavage	28	29
644807788	323	cleavage	35	36
644807794	56	cleavage	38	39
644807797	274	cleavage	18	19
644807800	145	cleavage	28	29
644807802	441	cleavage	28	29
644807806	62	cleavage	27	28
644807814	243	cleavage	20	21
644807816	204	cleavage	23	24
644807824	59	cleavage	29	30
644807828	397	cleavage	30	31
644807837	238	cleavage	21	22
644807863	336	cleavage	23	24
644807864	336	cleavage	24	25
644807891	473	cleavage	25	26
644807892	299	cleavage	17	18
644807894	1379	cleavage	24	25
644807900	415	cleavage	24	25
644807906	399	cleavage	25	26
644807913	185	cleavage	41	42
644807916	298	cleavage	29	30
644807917	259	cleavage	34	35
644807918	133	cleavage	26	27
644807934	244	cleavage	24	25
644807945	119	cleavage	23	24
644807946	683	cleavage	24	25
644807947	741	cleavage	45	46
644807948	159	cleavage	40	41
644807952	265	cleavage	21	22
644807983	352	cleavage	56	57
644807986	975	cleavage	40	41
644807996	222	cleavage	23	24
644808003	237	cleavage	25	26
644808007	297	cleavage	33	34
644808012	526	cleavage	22	23
644808028	168	cleavage	24	25
644808048	229	cleavage	24	25
644808049	398	cleavage	24	25
644808054	354	cleavage	30	31
644808062	796	cleavage	22	23
644808063	702	cleavage	27	28
644808064	331	cleavage	23	24
644808066	149	cleavage	34	35
644808070	753	cleavage	24	25
644808092	338	cleavage	24	25
644808094	105	cleavage	27	28
644808095	1292	cleavage	26	27
644808108	593	cleavage	23	24
644808116	344	cleavage	30	31
644808117	386	cleavage	30	31
644808134	335	cleavage	28	29
644808136	279	cleavage	23	24
644808139	334	cleavage	30	31
644808143	245	cleavage	27	28
644808144	337	cleavage	28	29
644808166	119	cleavage	35	36
644808169	327	cleavage	31	32
644808173	715	cleavage	22	23
644808197	298	cleavage	20	21
644808205	510	cleavage	32	33
644808208	449	cleavage	23	24
644808210	172	cleavage	27	28
644808226	218	cleavage	19	20
644808229	366	cleavage	21	22
644808230	387	cleavage	21	22
644808233	630	cleavage	24	25
644808245	217	cleavage	18	19
644808249	314	cleavage	47	48
644808252	479	cleavage	23	24
644808261	538	cleavage	23	24
644808267	518	cleavage	26	27
644808268	3037	cleavage	25	26
644808269	264	cleavage	27	28
644808278	864	cleavage	38	39
644808280	1365	cleavage	22	23
644808311	291	cleavage	28	29
644808314	357	cleavage	41	42
644808330	435	cleavage	33	34
644808334	463	cleavage	18	19
644808342	1313	cleavage	34	35
644808360	296	cleavage	23	24
644808361	247	cleavage	24	25
644808365	146	cleavage	30	31
644808374	262	cleavage	26	27
644808391	601	cleavage	27	28
644808415	61	cleavage	25	26
644808459	549	cleavage	21	22
644808469	118	cleavage	18	19
644808471	160	cleavage	50	51
644808474	562	cleavage	31	32
644808488	326	cleavage	29	30
644808507	682	cleavage	34	35
644808525	247	cleavage	32	33
644808530	320	cleavage	21	22
644808536	382	cleavage	22	23
644808540	333	cleavage	24	25
644808543	628	cleavage	22	23
644808547	255	cleavage	23	24
644808549	165	cleavage	26	27
644808561	445	cleavage	26	27
644808563	386	cleavage	20	21
644808565	237	cleavage	25	26
644808580	634	cleavage	27	28
644808583	303	cleavage	24	25
644808584	256	cleavage	20	21
644808588	439	cleavage	23	24
644808593	334	cleavage	18	19
644808601	1215	cleavage	30	31
644808645	523	cleavage	35	36
644808650	205	cleavage	22	23
644808665	819	cleavage	26	27
644808668	486	cleavage	21	22
644808673	342	cleavage	27	28
644808674	153	cleavage	37	38
644808682	283	cleavage	37	38
644808692	773	cleavage	25	26
644808717	289	cleavage	19	20
644808731	249	cleavage	21	22
644808737	340	cleavage	20	21
644808755	161	cleavage	33	34
644808765	394	cleavage	28	29
644808770	385	cleavage	75	76
644808771	327	cleavage	24	25
644808773	329	cleavage	31	32
644808774	327	cleavage	20	21
644808775	284	cleavage	18	19
644808776	300	cleavage	21	22
644808778	299	cleavage	19	20
644808779	323	cleavage	22	23
644808780	332	cleavage	20	21
644808788	431	cleavage	24	25
644808818	642	cleavage	29	30
644808820	415	cleavage	29	30
644808821	303	cleavage	31	32
644808829	431	cleavage	22	23
644808836	221	cleavage	28	29
644808837	219	cleavage	28	29
644808838	218	cleavage	24	25
644808839	216	cleavage	26	27
644808842	175	cleavage	20	21
644808864	283	cleavage	17	18
644808865	428	cleavage	19	20
644808884	174	cleavage	25	26
644808889	324	cleavage	20	21
644808940	216	cleavage	25	26
644808944	430	cleavage	23	24
644808946	345	cleavage	35	36
644808948	327	cleavage	23	24
644808967	734	cleavage	27	28
644808968	183	cleavage	20	21
644808978	123	cleavage	16	17
644809000	453	cleavage	23	24
644809001	446	cleavage	25	26
644809002	288	cleavage	21	22
644809007	444	cleavage	35	36
644809011	373	cleavage	29	30
644809013	40	cleavage	21	22
644809022	74	cleavage	19	20
644809051	268	cleavage	26	27
644809052	4610	cleavage	37	38
644809054	4481	cleavage	12	13
644809057	790	cleavage	36	37
644809062	479	cleavage	23	24
644809063	380	cleavage	23	24
644809069	276	cleavage	31	32
644809084	112	cleavage	21	22
644809100	495	cleavage	18	19
644809103	261	cleavage	25	26
644809104	269	cleavage	24	25
644809113	170	cleavage	22	23
644809122	153	cleavage	26	27
644809134	195	cleavage	21	22
644809139	396	cleavage	21	22
644809143	394	cleavage	38	39
644809145	223	cleavage	30	31
644809148	114	cleavage	29	30
644809161	544	cleavage	20	21
644809163	289	cleavage	28	29
644809167	725	cleavage	24	25
644809169	849	cleavage	30	31
644809174	188	cleavage	22	23
644809191	713	cleavage	25	26
644809204	328	cleavage	20	21
644809208	325	cleavage	26	27
644809213	267	cleavage	23	24
644809214	454	cleavage	26	27
644809217	321	cleavage	24	25
644809218	305	cleavage	25	26
644809308	150	cleavage	11	12
644809327	346	cleavage	20	21
644809332	206	cleavage	22	23
644809333	536	cleavage	25	26
644809335	386	cleavage	26	27
644809337	251	cleavage	25	26
644809370	213	cleavage	31	32
644809377	233	cleavage	35	36
644809381	334	cleavage	22	23
644809385	167	cleavage	27	28
644809403	392	cleavage	26	27
644809405	414	cleavage	27	28
644809423	568	cleavage	29	30
644809425	130	cleavage	27	28
644809438	640	cleavage	22	23
644809442	145	cleavage	22	23
644809451	611	cleavage	25	26
644809453	191	cleavage	30	31
644809454	137	cleavage	25	26
644809456	171	cleavage	22	23
644809462	83	cleavage	32	33
644809465	203	cleavage	30	31
644809466	514	cleavage	36	37
