gene_oid	gene_length	feature_type	start_coord	end_coord
638172469	277	outside	1	277
638172470	434	outside	1	434
638172471	366	outside	1	366
638172472	257	outside	1	14
638172472	257	TMhelix	15	37
638172472	257	inside	38	53
638172472	257	TMhelix	54	76
638172472	257	outside	77	99
638172472	257	TMhelix	100	122
638172472	257	inside	123	134
638172472	257	TMhelix	135	157
638172472	257	outside	158	166
638172472	257	TMhelix	167	189
638172472	257	inside	190	195
638172472	257	TMhelix	196	218
638172472	257	outside	219	221
638172472	257	TMhelix	222	244
638172472	257	inside	245	257
638172473	267	outside	1	267
638172474	330	outside	1	330
638172475	495	outside	1	495
638172476	164	outside	1	164
638172477	230	outside	1	230
638172479	329	outside	1	329
638172481	264	outside	1	23
638172481	264	TMhelix	24	46
638172481	264	inside	47	57
638172481	264	TMhelix	58	75
638172481	264	outside	76	84
638172481	264	TMhelix	85	104
638172481	264	inside	105	110
638172481	264	TMhelix	111	133
638172481	264	outside	134	142
638172481	264	TMhelix	143	160
638172481	264	inside	161	166
638172481	264	TMhelix	167	189
638172481	264	outside	190	203
638172481	264	TMhelix	204	225
638172481	264	inside	226	264
638172482	267	outside	1	267
638172483	249	outside	1	249
638172484	128	outside	1	128
638172485	242	outside	1	242
638172486	257	outside	1	257
638172487	420	outside	1	420
638172488	613	outside	1	613
638172489	1263	outside	1	1263
638172490	210	outside	1	210
638172491	235	outside	1	235
638172492	469	outside	1	469
638172493	258	outside	1	258
638172494	450	outside	1	450
638172495	263	outside	1	263
638172496	453	outside	1	453
638172497	184	outside	1	184
638172498	150	outside	1	150
638172499	477	outside	1	477
638172500	365	outside	1	365
638172501	304	outside	1	304
638172502	94	inside	1	94
638172503	86	outside	1	86
638172504	192	outside	1	192
638172505	322	outside	1	322
638172506	263	inside	1	20
638172506	263	TMhelix	21	43
638172506	263	outside	44	57
638172506	263	TMhelix	58	80
638172506	263	inside	81	114
638172506	263	TMhelix	115	134
638172506	263	outside	135	143
638172506	263	TMhelix	144	166
638172506	263	inside	167	172
638172506	263	TMhelix	173	195
638172506	263	outside	196	234
638172506	263	TMhelix	235	257
638172506	263	inside	258	263
638172507	564	outside	1	564
638172508	196	outside	1	196
638172509	153	outside	1	153
638172510	191	inside	1	1
638172510	191	TMhelix	2	21
638172510	191	outside	22	40
638172510	191	TMhelix	41	63
638172510	191	inside	64	74
638172510	191	TMhelix	75	97
638172510	191	outside	98	143
638172510	191	TMhelix	144	161
638172510	191	inside	162	167
638172510	191	TMhelix	168	187
638172510	191	outside	188	191
638172511	580	outside	1	580
638172512	247	outside	1	247
638172513	817	outside	1	817
638172514	461	inside	1	6
638172514	461	TMhelix	7	29
638172514	461	outside	30	77
638172514	461	TMhelix	78	100
638172514	461	inside	101	130
638172514	461	TMhelix	131	150
638172514	461	outside	151	169
638172514	461	TMhelix	170	189
638172514	461	inside	190	200
638172514	461	TMhelix	201	223
638172514	461	outside	224	247
638172514	461	TMhelix	248	270
638172514	461	inside	271	276
638172514	461	TMhelix	277	296
638172514	461	outside	297	330
638172514	461	TMhelix	331	350
638172514	461	inside	351	461
638172515	344	inside	1	6
638172515	344	TMhelix	7	29
638172515	344	outside	30	32
638172515	344	TMhelix	33	50
638172515	344	inside	51	58
638172515	344	TMhelix	59	81
638172515	344	outside	82	100
638172515	344	TMhelix	101	123
638172515	344	inside	124	134
638172515	344	TMhelix	135	157
638172515	344	outside	158	160
638172515	344	TMhelix	161	183
638172515	344	inside	184	194
638172515	344	TMhelix	195	212
638172515	344	outside	213	238
638172515	344	TMhelix	239	261
638172515	344	inside	262	273
638172515	344	TMhelix	274	296
638172515	344	outside	297	310
638172515	344	TMhelix	311	333
638172515	344	inside	334	344
638172516	322	outside	1	19
638172516	322	TMhelix	20	42
638172516	322	inside	43	58
638172516	322	TMhelix	59	78
638172516	322	outside	79	97
638172516	322	TMhelix	98	115
638172516	322	inside	116	127
638172516	322	TMhelix	128	150
638172516	322	outside	151	159
638172516	322	TMhelix	160	177
638172516	322	inside	178	233
638172516	322	TMhelix	234	256
638172516	322	outside	257	292
638172516	322	TMhelix	293	315
638172516	322	inside	316	322
638172517	222	inside	1	6
638172517	222	TMhelix	7	26
638172517	222	outside	27	222
638172518	240	outside	1	240
638172519	301	outside	1	301
638172520	95	outside	1	95
638172521	219	outside	1	219
638172522	197	outside	1	197
638172523	836	outside	1	836
638172524	155	outside	1	155
638172525	111	outside	1	111
638172526	122	outside	1	122
638172527	551	outside	1	551
638172528	352	outside	1	233
638172528	352	TMhelix	234	256
638172528	352	inside	257	297
638172528	352	TMhelix	298	320
638172528	352	outside	321	324
638172528	352	TMhelix	325	344
638172528	352	inside	345	352
638172529	227	outside	1	227
638172530	402	outside	1	402
638172531	183	outside	1	183
638172532	354	outside	1	354
638172533	157	outside	1	157
638172534	390	outside	1	390
638172535	210	outside	1	210
638172538	243	outside	1	38
638172538	243	TMhelix	39	56
638172538	243	inside	57	62
638172538	243	TMhelix	63	85
638172538	243	outside	86	90
638172538	243	TMhelix	91	113
638172538	243	inside	114	129
638172538	243	TMhelix	130	152
638172538	243	outside	153	177
638172538	243	TMhelix	178	200
638172538	243	inside	201	220
638172538	243	TMhelix	221	240
638172538	243	outside	241	243
638172539	260	outside	1	260
638172540	233	outside	1	233
638172541	300	outside	1	300
638172542	570	outside	1	570
638172543	380	outside	1	380
638172546	472	outside	1	472
638172547	251	outside	1	251
638172548	390	outside	1	390
638172549	297	outside	1	297
638172550	235	outside	1	235
638172551	302	outside	1	302
638172552	431	outside	1	431
638172553	345	outside	1	345
638172554	263	inside	1	20
638172554	263	TMhelix	21	43
638172554	263	outside	44	70
638172554	263	TMhelix	71	93
638172554	263	inside	94	201
638172554	263	TMhelix	202	224
638172554	263	outside	225	238
638172554	263	TMhelix	239	258
638172554	263	inside	259	263
638172555	344	outside	1	344
638172556	170	outside	1	170
638172559	1355	outside	1	1355
638172560	214	outside	1	214
638172561	134	outside	1	134
638172562	501	outside	1	501
638172563	333	outside	1	333
638172564	307	outside	1	307
638172565	273	outside	1	3
638172565	273	TMhelix	4	26
638172565	273	inside	27	38
638172565	273	TMhelix	39	61
638172565	273	outside	62	65
638172565	273	TMhelix	66	88
638172565	273	inside	89	273
638172566	479	outside	1	479
638172567	852	outside	1	852
638172568	226	outside	1	226
638172569	232	outside	1	232
638172570	63	inside	1	63
638172571	393	outside	1	393
638172572	257	outside	1	257
638172573	316	outside	1	316
638172574	145	outside	1	145
638172575	327	outside	1	327
638172576	248	outside	1	248
638172579	254	outside	1	254
638172580	384	inside	1	4
638172580	384	TMhelix	5	22
638172580	384	outside	23	384
638172581	373	inside	1	85
638172581	373	TMhelix	86	108
638172581	373	outside	109	111
638172581	373	TMhelix	112	131
638172581	373	inside	132	135
638172581	373	TMhelix	136	158
638172581	373	outside	159	203
638172581	373	TMhelix	204	226
638172581	373	inside	227	238
638172581	373	TMhelix	239	261
638172581	373	outside	262	280
638172581	373	TMhelix	281	303
638172581	373	inside	304	315
638172581	373	TMhelix	316	338
638172581	373	outside	339	373
638172582	195	outside	1	195
638172583	189	outside	1	189
638172584	281	inside	1	4
638172584	281	TMhelix	5	27
638172584	281	outside	28	31
638172584	281	TMhelix	32	49
638172584	281	inside	50	60
638172584	281	TMhelix	61	83
638172584	281	outside	84	87
638172584	281	TMhelix	88	110
638172584	281	inside	111	121
638172584	281	TMhelix	122	139
638172584	281	outside	140	148
638172584	281	TMhelix	149	171
638172584	281	inside	172	177
638172584	281	TMhelix	178	200
638172584	281	outside	201	203
638172584	281	TMhelix	204	223
638172584	281	inside	224	235
638172584	281	TMhelix	236	255
638172584	281	outside	256	258
638172584	281	TMhelix	259	278
638172584	281	inside	279	281
638172585	347	outside	1	347
638172586	396	outside	1	396
638172587	354	outside	1	354
638172588	155	outside	1	155
638172589	190	outside	1	190
638172590	396	outside	1	396
638172591	364	outside	1	364
638172592	289	inside	1	12
638172592	289	TMhelix	13	35
638172592	289	outside	36	79
638172592	289	TMhelix	80	102
638172592	289	inside	103	114
638172592	289	TMhelix	115	137
638172592	289	outside	138	151
638172592	289	TMhelix	152	174
638172592	289	inside	175	202
638172592	289	TMhelix	203	225
638172592	289	outside	226	250
638172592	289	TMhelix	251	273
638172592	289	inside	274	289
638172593	315	inside	1	12
638172593	315	TMhelix	13	35
638172593	315	outside	36	73
638172593	315	TMhelix	74	96
638172593	315	inside	97	115
638172593	315	TMhelix	116	135
638172593	315	outside	136	164
638172593	315	TMhelix	165	187
638172593	315	inside	188	222
638172593	315	TMhelix	223	245
638172593	315	outside	246	278
638172593	315	TMhelix	279	301
638172593	315	inside	302	315
638172594	541	inside	1	4
638172594	541	TMhelix	5	24
638172594	541	outside	25	541
638172595	53	outside	1	53
638172596	344	outside	1	344
638172597	413	outside	1	413
638172598	321	outside	1	321
638172599	132	outside	1	132
638172600	341	outside	1	341
638172601	77	outside	1	77
638172602	444	outside	1	444
638172603	281	outside	1	281
638172604	399	outside	1	399
638172605	170	inside	1	6
638172605	170	TMhelix	7	24
638172605	170	outside	25	27
638172605	170	TMhelix	28	45
638172605	170	inside	46	84
638172605	170	TMhelix	85	107
638172605	170	outside	108	116
638172605	170	TMhelix	117	139
638172605	170	inside	140	145
638172605	170	TMhelix	146	163
638172605	170	outside	164	170
638172606	202	outside	1	40
638172606	202	TMhelix	41	63
638172606	202	inside	64	75
638172606	202	TMhelix	76	98
638172606	202	outside	99	107
638172606	202	TMhelix	108	130
638172606	202	inside	131	136
638172606	202	TMhelix	137	159
638172606	202	outside	160	173
638172606	202	TMhelix	174	196
638172606	202	inside	197	202
638172607	314	inside	1	12
638172607	314	TMhelix	13	35
638172607	314	outside	36	314
638172611	487	outside	1	487
638172612	188	outside	1	188
638172613	202	outside	1	3
638172613	202	TMhelix	4	23
638172613	202	inside	24	35
638172613	202	TMhelix	36	53
638172613	202	outside	54	56
638172613	202	TMhelix	57	74
638172613	202	inside	75	86
638172613	202	TMhelix	87	104
638172613	202	outside	105	108
638172613	202	TMhelix	109	131
638172613	202	inside	132	143
638172613	202	TMhelix	144	166
638172613	202	outside	167	202
638172614	523	outside	1	523
638172615	300	outside	1	300
638172616	228	outside	1	228
638172617	323	outside	1	323
638172618	199	outside	1	199
638172619	387	inside	1	6
638172619	387	TMhelix	7	26
638172619	387	outside	27	40
638172619	387	TMhelix	41	63
638172619	387	inside	64	83
638172619	387	TMhelix	84	106
638172619	387	outside	107	128
638172619	387	TMhelix	129	151
638172619	387	inside	152	163
638172619	387	TMhelix	164	186
638172619	387	outside	187	213
638172619	387	TMhelix	214	236
638172619	387	inside	237	242
638172619	387	TMhelix	243	265
638172619	387	outside	266	279
638172619	387	TMhelix	280	302
638172619	387	inside	303	340
638172619	387	TMhelix	341	358
638172619	387	outside	359	361
638172619	387	TMhelix	362	381
638172619	387	inside	382	387
638172620	305	outside	1	305
638172621	306	outside	1	306
638172622	387	inside	1	4
638172622	387	TMhelix	5	27
638172622	387	outside	28	30
638172622	387	TMhelix	31	53
638172622	387	inside	54	64
638172622	387	TMhelix	65	87
638172622	387	outside	88	96
638172622	387	TMhelix	97	119
638172622	387	inside	120	131
638172622	387	TMhelix	132	154
638172622	387	outside	155	158
638172622	387	TMhelix	159	181
638172622	387	inside	182	205
638172622	387	TMhelix	206	228
638172622	387	outside	229	237
638172622	387	TMhelix	238	260
638172622	387	inside	261	268
638172622	387	TMhelix	269	291
638172622	387	outside	292	295
638172622	387	TMhelix	296	318
638172622	387	inside	319	329
638172622	387	TMhelix	330	352
638172622	387	outside	353	356
638172622	387	TMhelix	357	379
638172622	387	inside	380	387
638172623	309	outside	1	309
638172624	204	outside	1	204
638172625	196	outside	1	196
638172626	205	outside	1	205
638172627	190	inside	1	6
638172627	190	TMhelix	7	26
638172627	190	outside	27	45
638172627	190	TMhelix	46	68
638172627	190	inside	69	80
638172627	190	TMhelix	81	98
638172627	190	outside	99	107
638172627	190	TMhelix	108	130
638172627	190	inside	131	134
638172627	190	TMhelix	135	152
638172627	190	outside	153	161
638172627	190	TMhelix	162	181
638172627	190	inside	182	190
638172628	263	outside	1	263
638172629	204	outside	1	45
638172629	204	TMhelix	46	65
638172629	204	inside	66	76
638172629	204	TMhelix	77	99
638172629	204	outside	100	204
638172630	263	outside	1	263
638172631	219	outside	1	219
638172632	234	outside	1	234
638172633	449	outside	1	449
638172634	437	outside	1	437
638172636	967	inside	1	24
638172636	967	TMhelix	25	47
638172636	967	outside	48	84
638172636	967	TMhelix	85	107
638172636	967	inside	108	113
638172636	967	TMhelix	114	133
638172636	967	outside	134	169
638172636	967	TMhelix	170	187
638172636	967	inside	188	193
638172636	967	TMhelix	194	211
638172636	967	outside	212	215
638172636	967	TMhelix	216	235
638172636	967	inside	236	247
638172636	967	TMhelix	248	267
638172636	967	outside	268	271
638172636	967	TMhelix	272	294
638172636	967	inside	295	306
638172636	967	TMhelix	307	326
638172636	967	outside	327	367
638172636	967	TMhelix	368	387
638172636	967	inside	388	399
638172636	967	TMhelix	400	417
638172636	967	outside	418	420
638172636	967	TMhelix	421	440
638172636	967	inside	441	452
638172636	967	TMhelix	453	475
638172636	967	outside	476	967
638172638	598	outside	1	598
638172639	349	outside	1	349
638172640	196	outside	1	196
638172641	457	outside	1	457
638172642	420	outside	1	420
638172643	188	outside	1	188
638172644	193	inside	1	6
638172644	193	TMhelix	7	26
638172644	193	outside	27	29
638172644	193	TMhelix	30	52
638172644	193	inside	53	53
638172644	193	TMhelix	54	71
638172644	193	outside	72	75
638172644	193	TMhelix	76	95
638172644	193	inside	96	107
638172644	193	TMhelix	108	130
638172644	193	outside	131	162
638172644	193	TMhelix	163	185
638172644	193	inside	186	193
638172645	401	outside	1	401
638172646	230	outside	1	230
638172647	172	outside	1	172
638172648	369	inside	1	59
638172648	369	TMhelix	60	82
638172648	369	outside	83	96
638172648	369	TMhelix	97	119
638172648	369	inside	120	131
638172648	369	TMhelix	132	151
638172648	369	outside	152	183
638172648	369	TMhelix	184	206
638172648	369	inside	207	295
638172648	369	TMhelix	296	318
638172648	369	outside	319	343
638172648	369	TMhelix	344	366
638172648	369	inside	367	369
638172649	167	outside	1	167
638172650	386	outside	1	386
638172651	332	inside	1	6
638172651	332	TMhelix	7	26
638172651	332	outside	27	40
638172651	332	TMhelix	41	63
638172651	332	inside	64	69
638172651	332	TMhelix	70	92
638172651	332	outside	93	120
638172651	332	TMhelix	121	143
638172651	332	inside	144	149
638172651	332	TMhelix	150	172
638172651	332	outside	173	233
638172651	332	TMhelix	234	256
638172651	332	inside	257	262
638172651	332	TMhelix	263	285
638172651	332	outside	286	304
638172651	332	TMhelix	305	327
638172651	332	inside	328	332
638172652	242	outside	1	3
638172652	242	TMhelix	4	26
638172652	242	inside	27	38
638172652	242	TMhelix	39	61
638172652	242	outside	62	70
638172652	242	TMhelix	71	93
638172652	242	inside	94	242
638172653	324	outside	1	324
638172654	296	outside	1	22
638172654	296	TMhelix	23	45
638172654	296	inside	46	143
638172654	296	TMhelix	144	163
638172654	296	outside	164	177
638172654	296	TMhelix	178	200
638172654	296	inside	201	229
638172654	296	TMhelix	230	252
638172654	296	outside	253	261
638172654	296	TMhelix	262	284
638172654	296	inside	285	296
638172655	505	inside	1	6
638172655	505	TMhelix	7	29
638172655	505	outside	30	346
638172655	505	TMhelix	347	364
638172655	505	inside	365	370
638172655	505	TMhelix	371	393
638172655	505	outside	394	402
638172655	505	TMhelix	403	425
638172655	505	inside	426	445
638172655	505	TMhelix	446	468
638172655	505	outside	469	471
638172655	505	TMhelix	472	494
638172655	505	inside	495	505
638172656	230	outside	1	230
638172657	103	outside	1	103
638172658	663	outside	1	376
638172658	663	TMhelix	377	399
638172658	663	inside	400	411
638172658	663	TMhelix	412	434
638172658	663	outside	435	457
638172658	663	TMhelix	458	480
638172658	663	inside	481	486
638172658	663	TMhelix	487	509
638172658	663	outside	510	518
638172658	663	TMhelix	519	536
638172658	663	inside	537	542
638172658	663	TMhelix	543	562
638172658	663	outside	563	565
638172658	663	TMhelix	566	588
638172658	663	inside	589	594
638172658	663	TMhelix	595	617
638172658	663	outside	618	663
638172659	159	outside	1	14
638172659	159	TMhelix	15	37
638172659	159	inside	38	57
638172659	159	TMhelix	58	80
638172659	159	outside	81	99
638172659	159	TMhelix	100	122
638172659	159	inside	123	134
638172659	159	TMhelix	135	157
638172659	159	outside	158	159
638172660	198	outside	1	198
638172661	370	outside	1	370
638172662	103	outside	1	103
638172663	1013	outside	1	1013
638172664	462	outside	1	462
638172665	214	outside	1	214
638172666	404	outside	1	404
638172667	275	outside	1	275
638172668	302	outside	1	302
638172669	247	outside	1	247
638172670	414	outside	1	414
638172671	829	inside	1	4
638172671	829	TMhelix	5	27
638172671	829	outside	28	829
638172672	349	inside	1	6
638172672	349	TMhelix	7	29
638172672	349	outside	30	124
638172672	349	TMhelix	125	147
638172672	349	inside	148	159
638172672	349	TMhelix	160	182
638172672	349	outside	183	206
638172672	349	TMhelix	207	229
638172672	349	inside	230	263
638172672	349	TMhelix	264	286
638172672	349	outside	287	314
638172672	349	TMhelix	315	337
638172672	349	inside	338	349
638172673	474	inside	1	21
638172673	474	TMhelix	22	44
638172673	474	outside	45	274
638172673	474	TMhelix	275	297
638172673	474	inside	298	308
638172673	474	TMhelix	309	328
638172673	474	outside	329	331
638172673	474	TMhelix	332	351
638172673	474	inside	352	385
638172673	474	TMhelix	386	408
638172673	474	outside	409	437
638172673	474	TMhelix	438	460
638172673	474	inside	461	474
638172674	319	outside	1	319
638172675	335	outside	1	335
638172676	180	inside	1	20
638172676	180	TMhelix	21	43
638172676	180	outside	44	135
638172676	180	TMhelix	136	158
638172676	180	inside	159	180
638172677	189	outside	1	189
638172678	79	inside	1	79
638172679	227	outside	1	227
638172680	704	outside	1	704
638172681	56	inside	1	6
638172681	56	TMhelix	7	29
638172681	56	outside	30	32
638172681	56	TMhelix	33	50
638172681	56	inside	51	56
638172682	480	outside	1	480
638172683	831	outside	1	831
638172684	400	outside	1	400
638172685	377	outside	1	377
638172686	369	outside	1	369
638172687	502	outside	1	502
638172688	275	outside	1	275
638172689	410	outside	1	410
638172690	459	outside	1	459
638172691	273	outside	1	273
638172692	537	outside	1	537
638172693	204	outside	1	204
638172694	775	outside	1	775
638172695	270	outside	1	270
638172696	246	outside	1	246
638172697	430	outside	1	430
638172698	190	outside	1	190
638172699	94	inside	1	94
638172700	63	outside	1	63
638172701	151	inside	1	151
638172702	386	outside	1	386
638172703	229	outside	1	229
638172704	219	outside	1	219
638172705	60	outside	1	60
638172706	262	outside	1	262
638172707	204	outside	1	204
638172710	160	outside	1	160
638172714	170	outside	1	58
638172714	170	TMhelix	59	81
638172714	170	inside	82	170
638172715	522	inside	1	12
638172715	522	TMhelix	13	35
638172715	522	outside	36	49
638172715	522	TMhelix	50	67
638172715	522	inside	68	73
638172715	522	TMhelix	74	93
638172715	522	outside	94	96
638172715	522	TMhelix	97	119
638172715	522	inside	120	125
638172715	522	TMhelix	126	148
638172715	522	outside	149	151
638172715	522	TMhelix	152	174
638172715	522	inside	175	178
638172715	522	TMhelix	179	201
638172715	522	outside	202	223
638172715	522	TMhelix	224	245
638172715	522	inside	246	251
638172715	522	TMhelix	252	269
638172715	522	outside	270	278
638172715	522	TMhelix	279	301
638172715	522	inside	302	312
638172715	522	TMhelix	313	331
638172715	522	outside	332	485
638172715	522	TMhelix	486	503
638172715	522	inside	504	522
638172716	192	inside	1	192
638172717	101	outside	1	101
638172718	187	outside	1	187
638172719	465	outside	1	465
638172720	357	outside	1	60
638172720	357	TMhelix	61	83
638172720	357	inside	84	94
638172720	357	TMhelix	95	117
638172720	357	outside	118	121
638172720	357	TMhelix	122	144
638172720	357	inside	145	150
638172720	357	TMhelix	151	169
638172720	357	outside	170	178
638172720	357	TMhelix	179	201
638172720	357	inside	202	357
638172721	420	outside	1	420
638172722	279	outside	1	279
638172723	205	inside	1	12
638172723	205	TMhelix	13	35
638172723	205	outside	36	69
638172723	205	TMhelix	70	92
638172723	205	inside	93	98
638172723	205	TMhelix	99	117
638172723	205	outside	118	126
638172723	205	TMhelix	127	146
638172723	205	inside	147	152
638172723	205	TMhelix	153	172
638172723	205	outside	173	181
638172723	205	TMhelix	182	204
638172723	205	inside	205	205
638172724	117	outside	1	117
638172725	86	inside	1	86
638172726	177	outside	1	177
638172727	280	inside	1	6
638172727	280	TMhelix	7	26
638172727	280	outside	27	280
638172728	385	outside	1	385
638172729	217	outside	1	217
638172730	408	outside	1	408
638172731	84	outside	1	84
638172732	66	outside	1	66
638172733	100	inside	1	29
638172733	100	TMhelix	30	47
638172733	100	outside	48	61
638172733	100	TMhelix	62	84
638172733	100	inside	85	100
638172734	103	outside	1	103
638172735	309	outside	1	309
638172736	162	outside	1	162
638172737	185	outside	1	185
638172738	159	outside	1	159
638172739	398	outside	1	398
638172740	50	inside	1	50
638172741	99	outside	1	99
638172742	177	outside	1	177
638172743	61	inside	1	61
638172744	189	outside	1	189
638172745	178	outside	1	178
638172746	281	outside	1	281
638172747	100	outside	1	100
638172748	376	inside	1	162
638172748	376	TMhelix	163	181
638172748	376	outside	182	190
638172748	376	TMhelix	191	213
638172748	376	inside	214	224
638172748	376	TMhelix	225	247
638172748	376	outside	248	268
638172748	376	TMhelix	269	291
638172748	376	inside	292	303
638172748	376	TMhelix	304	323
638172748	376	outside	324	337
638172748	376	TMhelix	338	360
638172748	376	inside	361	376
638172749	923	outside	1	900
638172749	923	TMhelix	901	918
638172749	923	inside	919	923
638172750	748	inside	1	8
638172750	748	TMhelix	9	31
638172750	748	outside	32	210
638172750	748	TMhelix	211	227
638172750	748	inside	228	233
638172750	748	TMhelix	234	256
638172750	748	outside	257	259
638172750	748	TMhelix	260	282
638172750	748	inside	283	307
638172750	748	TMhelix	308	327
638172750	748	outside	328	336
638172750	748	TMhelix	337	359
638172750	748	inside	360	396
638172750	748	TMhelix	397	419
638172750	748	outside	420	584
638172750	748	TMhelix	585	604
638172750	748	inside	605	608
638172750	748	TMhelix	609	631
638172750	748	outside	632	634
638172750	748	TMhelix	635	657
638172750	748	inside	658	676
638172750	748	TMhelix	677	699
638172750	748	outside	700	711
638172750	748	TMhelix	712	734
638172750	748	inside	735	748
638172751	172	outside	1	172
638172753	432	outside	1	432
638172754	395	outside	1	395
638172755	170	outside	1	170
638172756	170	outside	1	170
638172757	377	inside	1	4
638172757	377	TMhelix	5	23
638172757	377	outside	24	42
638172757	377	TMhelix	43	65
638172757	377	inside	66	84
638172757	377	TMhelix	85	107
638172757	377	outside	108	110
638172757	377	TMhelix	111	130
638172757	377	inside	131	142
638172757	377	TMhelix	143	165
638172757	377	outside	166	174
638172757	377	TMhelix	175	197
638172757	377	inside	198	217
638172757	377	TMhelix	218	240
638172757	377	outside	241	254
638172757	377	TMhelix	255	277
638172757	377	inside	278	289
638172757	377	TMhelix	290	312
638172757	377	outside	313	351
638172757	377	TMhelix	352	374
638172757	377	inside	375	377
638172759	88	inside	1	88
638172760	914	outside	1	914
638172761	153	inside	1	4
638172761	153	TMhelix	5	23
638172761	153	outside	24	153
638172762	656	outside	1	656
638172763	303	outside	1	303
638172764	233	outside	1	233
638172765	379	inside	1	20
638172765	379	TMhelix	21	43
638172765	379	outside	44	52
638172765	379	TMhelix	53	70
638172765	379	inside	71	81
638172765	379	TMhelix	82	104
638172765	379	outside	105	113
638172765	379	TMhelix	114	133
638172765	379	inside	134	145
638172765	379	TMhelix	146	168
638172765	379	outside	169	177
638172765	379	TMhelix	178	200
638172765	379	inside	201	211
638172765	379	TMhelix	212	231
638172765	379	outside	232	234
638172765	379	TMhelix	235	252
638172765	379	inside	253	264
638172765	379	TMhelix	265	284
638172765	379	outside	285	293
638172765	379	TMhelix	294	316
638172765	379	inside	317	322
638172765	379	TMhelix	323	345
638172765	379	outside	346	354
638172765	379	TMhelix	355	377
638172765	379	inside	378	379
638172766	483	outside	1	483
638172767	718	outside	1	695
638172767	718	TMhelix	696	713
638172767	718	inside	714	718
638172768	262	inside	1	20
638172768	262	TMhelix	21	40
638172768	262	outside	41	59
638172768	262	TMhelix	60	82
638172768	262	inside	83	102
638172768	262	TMhelix	103	125
638172768	262	outside	126	147
638172768	262	TMhelix	148	170
638172768	262	inside	171	176
638172768	262	TMhelix	177	199
638172768	262	outside	200	233
638172768	262	TMhelix	234	256
638172768	262	inside	257	262
638172769	312	outside	1	312
638172770	104	outside	1	104
638172771	128	outside	1	9
638172771	128	TMhelix	10	32
638172771	128	inside	33	43
638172771	128	TMhelix	44	66
638172771	128	outside	67	69
638172771	128	TMhelix	70	87
638172771	128	inside	88	99
638172771	128	TMhelix	100	122
638172771	128	outside	123	128
638172772	213	outside	1	213
638172773	91	outside	1	91
638172774	193	outside	1	193
638172775	485	outside	1	485
638172776	272	outside	1	272
638172778	1398	inside	1	4
638172778	1398	TMhelix	5	24
638172778	1398	outside	25	1398
638172779	173	outside	1	173
638172780	624	outside	1	624
638172781	891	outside	1	891
638172782	266	outside	1	266
638172783	329	outside	1	329
638172784	318	outside	1	318
638172785	141	outside	1	141
638172786	231	outside	1	231
638172787	285	outside	1	9
638172787	285	TMhelix	10	32
638172787	285	inside	33	44
638172787	285	TMhelix	45	67
638172787	285	outside	68	144
638172787	285	TMhelix	145	167
638172787	285	inside	168	265
638172787	285	TMhelix	266	283
638172787	285	outside	284	285
638172788	140	outside	1	140
638172789	156	outside	1	156
638172790	86	outside	1	3
638172790	86	TMhelix	4	26
638172790	86	inside	27	86
638172791	228	outside	1	23
638172791	228	TMhelix	24	46
638172791	228	inside	47	50
638172791	228	TMhelix	51	70
638172791	228	outside	71	99
638172791	228	TMhelix	100	122
638172791	228	inside	123	158
638172791	228	TMhelix	159	176
638172791	228	outside	177	180
638172791	228	TMhelix	181	198
638172791	228	inside	199	228
638172792	183	outside	1	183
638172793	483	outside	1	483
638172794	239	outside	1	239
638172795	331	outside	1	331
638172796	442	outside	1	442
638172797	193	outside	1	193
638172798	341	outside	1	341
638172799	336	outside	1	336
638172800	339	outside	1	339
638172802	425	inside	1	19
638172802	425	TMhelix	20	42
638172802	425	outside	43	202
638172802	425	TMhelix	203	225
638172802	425	inside	226	245
638172802	425	TMhelix	246	268
638172802	425	outside	269	299
638172802	425	TMhelix	300	322
638172802	425	inside	323	328
638172802	425	TMhelix	329	351
638172802	425	outside	352	382
638172802	425	TMhelix	383	405
638172802	425	inside	406	425
638172803	245	outside	1	245
638172804	116	inside	1	6
638172804	116	TMhelix	7	24
638172804	116	outside	25	43
638172804	116	TMhelix	44	66
638172804	116	inside	67	77
638172804	116	TMhelix	78	97
638172804	116	outside	98	116
638172805	455	outside	1	455
638172809	154	inside	1	6
638172809	154	TMhelix	7	29
638172809	154	outside	30	154
638172810	181	outside	1	181
638172811	350	outside	1	350
638172812	280	inside	1	6
638172812	280	TMhelix	7	25
638172812	280	outside	26	34
638172812	280	TMhelix	35	54
638172812	280	inside	55	60
638172812	280	TMhelix	61	83
638172812	280	outside	84	92
638172812	280	TMhelix	93	110
638172812	280	inside	111	116
638172812	280	TMhelix	117	134
638172812	280	outside	135	143
638172812	280	TMhelix	144	166
638172812	280	inside	167	172
638172812	280	TMhelix	173	195
638172812	280	outside	196	199
638172812	280	TMhelix	200	218
638172812	280	inside	219	230
638172812	280	TMhelix	231	250
638172812	280	outside	251	259
638172812	280	TMhelix	260	274
638172812	280	inside	275	280
638172813	620	outside	1	620
638172815	336	outside	1	336
638172816	325	outside	1	325
638172817	392	outside	1	392
638172818	138	outside	1	138
638172821	146	outside	1	100
638172821	146	TMhelix	101	123
638172821	146	inside	124	124
638172821	146	TMhelix	125	144
638172821	146	outside	145	146
638172822	201	inside	1	6
638172822	201	TMhelix	7	26
638172822	201	outside	27	201
638172823	177	outside	1	4
638172823	177	TMhelix	5	27
638172823	177	inside	28	177
638172824	331	inside	1	10
638172824	331	TMhelix	11	33
638172824	331	outside	34	130
638172824	331	TMhelix	131	153
638172824	331	inside	154	172
638172824	331	TMhelix	173	195
638172824	331	outside	196	295
638172824	331	TMhelix	296	318
638172824	331	inside	319	331
638172825	127	outside	1	4
638172825	127	TMhelix	5	24
638172825	127	inside	25	127
638172826	307	inside	1	6
638172826	307	TMhelix	7	29
638172826	307	outside	30	214
638172826	307	TMhelix	215	237
638172826	307	inside	238	307
638172827	654	outside	1	617
638172827	654	TMhelix	618	640
638172827	654	inside	641	654
638172828	568	inside	1	22
638172828	568	TMhelix	23	45
638172828	568	outside	46	54
638172828	568	TMhelix	55	74
638172828	568	inside	75	200
638172828	568	TMhelix	201	223
638172828	568	outside	224	226
638172828	568	TMhelix	227	249
638172828	568	inside	250	274
638172828	568	TMhelix	275	294
638172828	568	outside	295	297
638172828	568	TMhelix	298	320
638172828	568	inside	321	441
638172828	568	TMhelix	442	464
638172828	568	outside	465	495
638172828	568	TMhelix	496	518
638172828	568	inside	519	529
638172828	568	TMhelix	530	552
638172828	568	outside	553	568
638172829	537	outside	1	537
638172830	232	outside	1	232
638172831	160	outside	1	9
638172831	160	TMhelix	10	32
638172831	160	inside	33	160
638172832	185	inside	1	20
638172832	185	TMhelix	21	40
638172832	185	outside	41	74
638172832	185	TMhelix	75	97
638172832	185	inside	98	185
638172833	402	outside	1	402
638172834	158	outside	1	158
638172835	264	inside	1	6
638172835	264	TMhelix	7	29
638172835	264	outside	30	264
638172836	197	outside	1	197
638172837	316	outside	1	316
638172838	108	outside	1	108
638172839	322	outside	1	322
638172840	227	outside	1	227
638172841	421	outside	1	421
638172842	377	outside	1	377
638172843	82	outside	1	82
638172844	605	outside	1	605
638172845	325	outside	1	325
638172849	233	outside	1	233
638172850	224	outside	1	224
638172852	314	inside	1	6
638172852	314	TMhelix	7	25
638172852	314	outside	26	39
638172852	314	TMhelix	40	62
638172852	314	inside	63	73
638172852	314	TMhelix	74	96
638172852	314	outside	97	122
638172852	314	TMhelix	123	145
638172852	314	inside	146	165
638172852	314	TMhelix	166	184
638172852	314	outside	185	198
638172852	314	TMhelix	199	221
638172852	314	inside	222	233
638172852	314	TMhelix	234	256
638172852	314	outside	257	260
638172852	314	TMhelix	261	283
638172852	314	inside	284	289
638172852	314	TMhelix	290	312
638172852	314	outside	313	314
638172853	226	outside	1	226
638172854	187	outside	1	187
638172855	379	outside	1	379
638172856	267	outside	1	267
638172857	149	outside	1	149
638172858	69	inside	1	69
638172859	483	outside	1	483
638172860	631	inside	1	4
638172860	631	TMhelix	5	24
638172860	631	outside	25	631
638172861	330	inside	1	11
638172861	330	TMhelix	12	34
638172861	330	outside	35	106
638172861	330	TMhelix	107	129
638172861	330	inside	130	140
638172861	330	TMhelix	141	163
638172861	330	outside	164	193
638172861	330	TMhelix	194	213
638172861	330	inside	214	246
638172861	330	TMhelix	247	269
638172861	330	outside	270	296
638172861	330	TMhelix	297	319
638172861	330	inside	320	330
638172862	304	outside	1	14
638172862	304	TMhelix	15	37
638172862	304	inside	38	100
638172862	304	TMhelix	101	123
638172862	304	outside	124	132
638172862	304	TMhelix	133	155
638172862	304	inside	156	215
638172862	304	TMhelix	216	238
638172862	304	outside	239	270
638172862	304	TMhelix	271	293
638172862	304	inside	294	304
638172863	324	outside	1	324
638172864	321	outside	1	321
638172865	325	outside	1	325
638172866	772	outside	1	772
638172867	311	outside	1	311
638172868	304	outside	1	19
638172868	304	TMhelix	20	42
638172868	304	inside	43	53
638172868	304	TMhelix	54	71
638172868	304	outside	72	75
638172868	304	TMhelix	76	98
638172868	304	inside	99	104
638172868	304	TMhelix	105	122
638172868	304	outside	123	131
638172868	304	TMhelix	132	154
638172868	304	inside	155	304
638172869	196	outside	1	196
638172870	266	outside	1	266
638172871	251	inside	1	4
638172871	251	TMhelix	5	27
638172871	251	outside	28	36
638172871	251	TMhelix	37	59
638172871	251	inside	60	65
638172871	251	TMhelix	66	88
638172871	251	outside	89	97
638172871	251	TMhelix	98	112
638172871	251	inside	113	132
638172871	251	TMhelix	133	155
638172871	251	outside	156	164
638172871	251	TMhelix	165	187
638172871	251	inside	188	191
638172871	251	TMhelix	192	214
638172871	251	outside	215	228
638172871	251	TMhelix	229	248
638172871	251	inside	249	251
638172872	332	outside	1	332
638172873	333	outside	1	333
638172874	430	inside	1	11
638172874	430	TMhelix	12	34
638172874	430	outside	35	43
638172874	430	TMhelix	44	66
638172874	430	inside	67	86
638172874	430	TMhelix	87	109
638172874	430	outside	110	139
638172874	430	TMhelix	140	159
638172874	430	inside	160	171
638172874	430	TMhelix	172	194
638172874	430	outside	195	213
638172874	430	TMhelix	214	236
638172874	430	inside	237	247
638172874	430	TMhelix	248	270
638172874	430	outside	271	295
638172874	430	TMhelix	296	318
638172874	430	inside	319	337
638172874	430	TMhelix	338	360
638172874	430	outside	361	365
638172874	430	TMhelix	366	388
638172874	430	inside	389	408
638172874	430	TMhelix	409	428
638172874	430	outside	429	430
638172875	169	outside	1	169
638172876	325	outside	1	299
638172876	325	TMhelix	300	319
638172876	325	inside	320	325
638172877	397	outside	1	397
638172878	146	outside	1	146
638172879	77	outside	1	77
638172880	227	outside	1	227
638172881	95	outside	1	95
638172882	51	inside	1	51
638172883	242	outside	1	242
638172884	306	outside	1	306
638172885	117	outside	1	117
638172886	111	outside	1	111
638172887	330	outside	1	330
638172888	108	outside	1	108
638172889	241	outside	1	241
638172890	112	outside	1	112
638172891	302	inside	1	16
638172891	302	TMhelix	17	48
638172891	302	outside	49	62
638172891	302	TMhelix	63	85
638172891	302	inside	86	96
638172891	302	TMhelix	97	119
638172891	302	outside	120	138
638172891	302	TMhelix	139	161
638172891	302	inside	162	188
638172891	302	TMhelix	189	208
638172891	302	outside	209	302
638172892	233	outside	1	233
638172894	385	outside	1	385
638172895	134	outside	1	134
638172896	408	outside	1	127
638172896	408	TMhelix	128	150
638172896	408	inside	151	162
638172896	408	TMhelix	163	182
638172896	408	outside	183	196
638172896	408	TMhelix	197	216
638172896	408	inside	217	228
638172896	408	TMhelix	229	251
638172896	408	outside	252	265
638172896	408	TMhelix	266	285
638172896	408	inside	286	291
638172896	408	TMhelix	292	314
638172896	408	outside	315	342
638172896	408	TMhelix	343	365
638172896	408	inside	366	385
638172896	408	TMhelix	386	405
638172896	408	outside	406	408
638172897	241	outside	1	241
638172898	298	outside	1	4
638172898	298	TMhelix	5	22
638172898	298	inside	23	53
638172898	298	TMhelix	54	76
638172898	298	outside	77	90
638172898	298	TMhelix	91	110
638172898	298	inside	111	116
638172898	298	TMhelix	117	135
638172898	298	outside	136	139
638172898	298	TMhelix	140	162
638172898	298	inside	163	168
638172898	298	TMhelix	169	186
638172898	298	outside	187	200
638172898	298	TMhelix	201	223
638172898	298	inside	224	278
638172898	298	TMhelix	279	297
638172898	298	outside	298	298
638172899	176	outside	1	176
638172900	103	outside	1	103
638172901	186	outside	1	186
638172902	167	outside	1	4
638172902	167	TMhelix	5	27
638172902	167	inside	28	47
638172902	167	TMhelix	48	70
638172902	167	outside	71	79
638172902	167	TMhelix	80	99
638172902	167	inside	100	111
638172902	167	TMhelix	112	134
638172902	167	outside	135	138
638172902	167	TMhelix	139	158
638172902	167	inside	159	167
638172903	740	outside	1	740
638172904	329	outside	1	329
638172905	192	inside	1	6
638172905	192	TMhelix	7	29
638172905	192	outside	30	192
638172906	316	outside	1	316
638172907	171	outside	1	9
638172907	171	TMhelix	10	29
638172907	171	inside	30	35
638172907	171	TMhelix	36	53
638172907	171	outside	54	91
638172907	171	TMhelix	92	114
638172907	171	inside	115	120
638172907	171	TMhelix	121	140
638172907	171	outside	141	149
638172907	171	TMhelix	150	167
638172907	171	inside	168	171
638172908	418	inside	1	12
638172908	418	TMhelix	13	35
638172908	418	outside	36	418
638172909	310	outside	1	310
638172910	354	inside	1	4
638172910	354	TMhelix	5	27
638172910	354	outside	28	354
638172911	587	inside	1	4
638172911	587	TMhelix	5	22
638172911	587	outside	23	452
638172911	587	TMhelix	453	475
638172911	587	inside	476	587
638172912	257	outside	1	257
638172913	256	inside	1	6
638172913	256	TMhelix	7	29
638172913	256	outside	30	32
638172913	256	TMhelix	33	50
638172913	256	inside	51	256
638172914	87	inside	1	12
638172914	87	TMhelix	13	28
638172914	87	outside	29	31
638172914	87	TMhelix	32	54
638172914	87	inside	55	87
638172915	743	inside	1	6
638172915	743	TMhelix	7	24
638172915	743	outside	25	89
638172915	743	TMhelix	90	112
638172915	743	inside	113	118
638172915	743	TMhelix	119	138
638172915	743	outside	139	147
638172915	743	TMhelix	148	165
638172915	743	inside	166	171
638172915	743	TMhelix	172	189
638172915	743	outside	190	192
638172915	743	TMhelix	193	212
638172915	743	inside	213	216
638172915	743	TMhelix	217	239
638172915	743	outside	240	270
638172915	743	TMhelix	271	293
638172915	743	inside	294	304
638172915	743	TMhelix	305	324
638172915	743	outside	325	349
638172915	743	TMhelix	350	367
638172915	743	inside	368	373
638172915	743	TMhelix	374	391
638172915	743	outside	392	394
638172915	743	TMhelix	395	414
638172915	743	inside	415	426
638172915	743	TMhelix	427	446
638172915	743	outside	447	743
638172916	334	outside	1	9
638172916	334	TMhelix	10	32
638172916	334	inside	33	51
638172916	334	TMhelix	52	74
638172916	334	outside	75	77
638172916	334	TMhelix	78	95
638172916	334	inside	96	115
638172916	334	TMhelix	116	138
638172916	334	outside	139	141
638172916	334	TMhelix	142	164
638172916	334	inside	165	334
638172917	208	outside	1	208
638172918	161	outside	1	161
638172919	395	outside	1	366
638172919	395	TMhelix	367	389
638172919	395	inside	390	395
638172920	271	inside	1	4
638172920	271	TMhelix	5	27
638172920	271	outside	28	39
638172920	271	TMhelix	40	62
638172920	271	inside	63	68
638172920	271	TMhelix	69	88
638172920	271	outside	89	102
638172920	271	TMhelix	103	125
638172920	271	inside	126	144
638172920	271	TMhelix	145	162
638172920	271	outside	163	166
638172920	271	TMhelix	167	189
638172920	271	inside	190	271
638172921	399	inside	1	6
638172921	399	TMhelix	7	29
638172921	399	outside	30	399
638172922	317	outside	1	317
638172923	328	inside	1	12
638172923	328	TMhelix	13	32
638172923	328	outside	33	35
638172923	328	TMhelix	36	58
638172923	328	inside	59	64
638172923	328	TMhelix	65	84
638172923	328	outside	85	136
638172923	328	TMhelix	137	159
638172923	328	inside	160	165
638172923	328	TMhelix	166	185
638172923	328	outside	186	188
638172923	328	TMhelix	189	211
638172923	328	inside	212	328
638172924	952	inside	1	4
638172924	952	TMhelix	5	27
638172924	952	outside	28	753
638172924	952	TMhelix	754	773
638172924	952	inside	774	792
638172924	952	TMhelix	793	815
638172924	952	outside	816	952
638172925	380	outside	1	380
638172926	439	outside	1	439
638172929	227	outside	1	227
638172930	254	outside	1	254
638172931	372	outside	1	372
638172932	170	outside	1	170
638172933	149	outside	1	149
638172934	493	outside	1	9
638172934	493	TMhelix	10	32
638172934	493	inside	33	51
638172934	493	TMhelix	52	74
638172934	493	outside	75	78
638172934	493	TMhelix	79	101
638172934	493	inside	102	128
638172934	493	TMhelix	129	148
638172934	493	outside	149	167
638172934	493	TMhelix	168	190
638172934	493	inside	191	196
638172934	493	TMhelix	197	219
638172934	493	outside	220	233
638172934	493	TMhelix	234	256
638172934	493	inside	257	276
638172934	493	TMhelix	277	299
638172934	493	outside	300	313
638172934	493	TMhelix	314	336
638172934	493	inside	337	373
638172934	493	TMhelix	374	396
638172934	493	outside	397	399
638172934	493	TMhelix	400	422
638172934	493	inside	423	428
638172934	493	TMhelix	429	451
638172934	493	outside	452	454
638172934	493	TMhelix	455	477
638172934	493	inside	478	493
638172935	222	outside	1	222
638172936	429	outside	1	429
638172937	334	outside	1	334
638172938	273	outside	1	273
638172939	51	inside	1	51
638172940	112	outside	1	112
638172941	455	outside	1	455
638172942	324	inside	1	4
638172942	324	TMhelix	5	23
638172942	324	outside	24	324
638172943	432	outside	1	432
638172944	83	outside	1	3
638172944	83	TMhelix	4	26
638172944	83	inside	27	83
638172945	150	outside	1	150
638172947	401	inside	1	20
638172947	401	TMhelix	21	43
638172947	401	outside	44	374
638172947	401	TMhelix	375	392
638172947	401	inside	393	401
638172948	75	inside	1	6
638172948	75	TMhelix	7	29
638172948	75	outside	30	75
638172949	1740	outside	1	1740
638172950	327	outside	1	327
638172951	421	outside	1	421
638172952	443	inside	1	6
638172952	443	TMhelix	7	24
638172952	443	outside	25	43
638172952	443	TMhelix	44	66
638172952	443	inside	67	74
638172952	443	TMhelix	75	94
638172952	443	outside	95	98
638172952	443	TMhelix	99	121
638172952	443	inside	122	133
638172952	443	TMhelix	134	156
638172952	443	outside	157	160
638172952	443	TMhelix	161	180
638172952	443	inside	181	220
638172952	443	TMhelix	221	243
638172952	443	outside	244	255
638172952	443	TMhelix	256	278
638172952	443	inside	279	289
638172952	443	TMhelix	290	312
638172952	443	outside	313	316
638172952	443	TMhelix	317	339
638172952	443	inside	340	358
638172952	443	TMhelix	359	381
638172952	443	outside	382	393
638172952	443	TMhelix	394	416
638172952	443	inside	417	443
638172953	364	outside	1	364
638172954	352	outside	1	352
638172957	333	outside	1	333
638172958	233	outside	1	233
638172959	287	inside	1	20
638172959	287	TMhelix	21	43
638172959	287	outside	44	55
638172959	287	TMhelix	56	78
638172959	287	inside	79	84
638172959	287	TMhelix	85	107
638172959	287	outside	108	110
638172959	287	TMhelix	111	133
638172959	287	inside	134	152
638172959	287	TMhelix	153	170
638172959	287	outside	171	179
638172959	287	TMhelix	180	202
638172959	287	inside	203	208
638172959	287	TMhelix	209	231
638172959	287	outside	232	264
638172959	287	TMhelix	265	283
638172959	287	inside	284	287
638172960	439	outside	1	439
638172961	92	inside	1	10
638172961	92	TMhelix	11	33
638172961	92	outside	34	36
638172961	92	TMhelix	37	59
638172961	92	inside	60	65
638172961	92	TMhelix	66	88
638172961	92	outside	89	92
638172962	136	outside	1	136
638172963	527	inside	1	4
638172963	527	TMhelix	5	23
638172963	527	outside	24	482
638172963	527	TMhelix	483	505
638172963	527	inside	506	527
638172964	370	outside	1	370
638172965	110	outside	1	110
638172966	499	outside	1	499
638172967	188	outside	1	22
638172967	188	TMhelix	23	45
638172967	188	inside	46	65
638172967	188	TMhelix	66	88
638172967	188	outside	89	107
638172967	188	TMhelix	108	127
638172967	188	inside	128	133
638172967	188	TMhelix	134	156
638172967	188	outside	157	165
638172967	188	TMhelix	166	185
638172967	188	inside	186	188
638172968	188	outside	1	188
638172969	257	outside	1	257
638172970	534	outside	1	534
638172971	193	outside	1	193
638172972	187	outside	1	24
638172972	187	TMhelix	25	47
638172972	187	inside	48	51
638172972	187	TMhelix	52	74
638172972	187	outside	75	93
638172972	187	TMhelix	94	116
638172972	187	inside	117	146
638172972	187	TMhelix	147	169
638172972	187	outside	170	187
638172974	234	outside	1	234
638172975	653	outside	1	653
638172976	350	inside	1	4
638172976	350	TMhelix	5	24
638172976	350	outside	25	263
638172976	350	TMhelix	264	286
638172976	350	inside	287	290
638172976	350	TMhelix	291	310
638172976	350	outside	311	319
638172976	350	TMhelix	320	342
638172976	350	inside	343	350
638172977	96	outside	1	96
638172978	1028	outside	1	117
638172978	1028	TMhelix	118	135
638172978	1028	inside	136	141
638172978	1028	TMhelix	142	161
638172978	1028	outside	162	1028
638172979	135	outside	1	135
638172980	190	outside	1	190
638172981	113	outside	1	113
638172982	397	outside	1	53
638172982	397	TMhelix	54	71
638172982	397	inside	72	75
638172982	397	TMhelix	76	98
638172982	397	outside	99	140
638172982	397	TMhelix	141	163
638172982	397	inside	164	183
638172982	397	TMhelix	184	206
638172982	397	outside	207	230
638172982	397	TMhelix	231	253
638172982	397	inside	254	367
638172982	397	TMhelix	368	390
638172982	397	outside	391	397
638172983	45	inside	1	6
638172983	45	TMhelix	7	29
638172983	45	outside	30	45
638172984	226	outside	1	226
638172985	562	outside	1	562
638172986	276	outside	1	276
638172987	252	outside	1	252
638172988	473	outside	1	473
638172990	722	inside	1	4
638172990	722	TMhelix	5	24
638172990	722	outside	25	722
638172991	465	inside	1	6
638172991	465	TMhelix	7	29
638172991	465	outside	30	465
638172992	257	outside	1	257
638172994	140	outside	1	140
638172995	1049	outside	1	1049
638172996	162	outside	1	162
638172997	248	outside	1	248
638172998	245	outside	1	245
638172999	284	outside	1	3
638172999	284	TMhelix	4	21
638172999	284	inside	22	32
638172999	284	TMhelix	33	55
638172999	284	outside	56	64
638172999	284	TMhelix	65	87
638172999	284	inside	88	91
638172999	284	TMhelix	92	114
638172999	284	outside	115	117
638172999	284	TMhelix	118	136
638172999	284	inside	137	147
638172999	284	TMhelix	148	170
638172999	284	outside	171	179
638172999	284	TMhelix	180	197
638172999	284	inside	198	209
638172999	284	TMhelix	210	229
638172999	284	outside	230	238
638172999	284	TMhelix	239	259
638172999	284	inside	260	265
638172999	284	TMhelix	266	283
638172999	284	outside	284	284
638173000	333	inside	1	4
638173000	333	TMhelix	5	22
638173000	333	outside	23	333
638173001	125	outside	1	125
638173002	265	outside	1	4
638173002	265	TMhelix	5	24
638173002	265	inside	25	30
638173002	265	TMhelix	31	53
638173002	265	outside	54	67
638173002	265	TMhelix	68	85
638173002	265	inside	86	91
638173002	265	TMhelix	92	109
638173002	265	outside	110	118
638173002	265	TMhelix	119	141
638173002	265	inside	142	145
638173002	265	TMhelix	146	168
638173002	265	outside	169	182
638173002	265	TMhelix	183	202
638173002	265	inside	203	214
638173002	265	TMhelix	215	237
638173002	265	outside	238	265
638173003	243	outside	1	243
638173004	195	inside	1	195
638173005	93	outside	1	93
638173007	659	outside	1	659
638173008	1060	outside	1	1060
638173009	1214	outside	1	1214
638173010	264	outside	1	264
638173011	70	outside	1	70
638173012	105	outside	1	105
638173013	237	outside	1	237
638173014	278	outside	1	278
638173015	184	outside	1	184
638173016	238	outside	1	238
638173017	331	outside	1	3
638173017	331	TMhelix	4	23
638173017	331	inside	24	63
638173017	331	TMhelix	64	85
638173017	331	outside	86	88
638173017	331	TMhelix	89	111
638173017	331	inside	112	117
638173017	331	TMhelix	118	135
638173017	331	outside	136	144
638173017	331	TMhelix	145	167
638173017	331	inside	168	186
638173017	331	TMhelix	187	209
638173017	331	outside	210	233
638173017	331	TMhelix	234	256
638173017	331	inside	257	275
638173017	331	TMhelix	276	298
638173017	331	outside	299	302
638173017	331	TMhelix	303	322
638173017	331	inside	323	331
638173018	816	outside	1	816
638173019	182	outside	1	182
638173020	38	outside	1	38
638173021	73	inside	1	8
638173021	73	TMhelix	9	31
638173021	73	outside	32	73
638173022	64	inside	1	6
638173022	64	TMhelix	7	29
638173022	64	outside	30	64
638173023	675	inside	1	6
638173023	675	TMhelix	7	26
638173023	675	outside	27	77
638173023	675	TMhelix	78	100
638173023	675	inside	101	106
638173023	675	TMhelix	107	129
638173023	675	outside	130	156
638173023	675	TMhelix	157	179
638173023	675	inside	180	191
638173023	675	TMhelix	192	214
638173023	675	outside	215	233
638173023	675	TMhelix	234	253
638173023	675	inside	254	273
638173023	675	TMhelix	274	296
638173023	675	outside	297	335
638173023	675	TMhelix	336	355
638173023	675	inside	356	361
638173023	675	TMhelix	362	379
638173023	675	outside	380	382
638173023	675	TMhelix	383	400
638173023	675	inside	401	406
638173023	675	TMhelix	407	426
638173023	675	outside	427	675
638173024	700	inside	1	4
638173024	700	TMhelix	5	27
638173024	700	outside	28	41
638173024	700	TMhelix	42	64
638173024	700	inside	65	97
638173024	700	TMhelix	98	120
638173024	700	outside	121	178
638173024	700	TMhelix	179	201
638173024	700	inside	202	207
638173024	700	TMhelix	208	225
638173024	700	outside	226	228
638173024	700	TMhelix	229	251
638173024	700	inside	252	257
638173024	700	TMhelix	258	280
638173024	700	outside	281	299
638173024	700	TMhelix	300	322
638173024	700	inside	323	353
638173024	700	TMhelix	354	376
638173024	700	outside	377	385
638173024	700	TMhelix	386	408
638173024	700	inside	409	438
638173024	700	TMhelix	439	457
638173024	700	outside	458	700
638173025	96	outside	1	96
638173026	272	outside	1	272
638173028	174	inside	1	174
638173029	459	outside	1	459
638173030	547	inside	1	12
638173030	547	TMhelix	13	35
638173030	547	outside	36	44
638173030	547	TMhelix	45	67
638173030	547	inside	68	109
638173030	547	TMhelix	110	132
638173030	547	outside	133	177
638173030	547	TMhelix	178	197
638173030	547	inside	198	203
638173030	547	TMhelix	204	226
638173030	547	outside	227	230
638173030	547	TMhelix	231	253
638173030	547	inside	254	269
638173030	547	TMhelix	270	292
638173030	547	outside	293	301
638173030	547	TMhelix	302	324
638173030	547	inside	325	387
638173030	547	TMhelix	388	410
638173030	547	outside	411	438
638173030	547	TMhelix	439	461
638173030	547	inside	462	480
638173030	547	TMhelix	481	503
638173030	547	outside	504	517
638173030	547	TMhelix	518	535
638173030	547	inside	536	547
638173031	267	inside	1	4
638173031	267	TMhelix	5	24
638173031	267	outside	25	38
638173031	267	TMhelix	39	61
638173031	267	inside	62	73
638173031	267	TMhelix	74	96
638173031	267	outside	97	130
638173031	267	TMhelix	131	153
638173031	267	inside	154	267
638173032	139	inside	1	6
638173032	139	TMhelix	7	29
638173032	139	outside	30	139
638173033	314	outside	1	314
638173034	407	inside	1	6
638173034	407	TMhelix	7	24
638173034	407	outside	25	27
638173034	407	TMhelix	28	47
638173034	407	inside	48	407
638173035	137	inside	1	4
638173035	137	TMhelix	5	22
638173035	137	outside	23	31
638173035	137	TMhelix	32	54
638173035	137	inside	55	58
638173035	137	TMhelix	59	76
638173035	137	outside	77	85
638173035	137	TMhelix	86	108
638173035	137	inside	109	112
638173035	137	TMhelix	113	132
638173035	137	outside	133	137
638173036	396	inside	1	6
638173036	396	TMhelix	7	26
638173036	396	outside	27	45
638173036	396	TMhelix	46	65
638173036	396	inside	66	71
638173036	396	TMhelix	72	91
638173036	396	outside	92	100
638173036	396	TMhelix	101	123
638173036	396	inside	124	129
638173036	396	TMhelix	130	152
638173036	396	outside	153	155
638173036	396	TMhelix	156	178
638173036	396	inside	179	198
638173036	396	TMhelix	199	221
638173036	396	outside	222	235
638173036	396	TMhelix	236	258
638173036	396	inside	259	270
638173036	396	TMhelix	271	293
638173036	396	outside	294	302
638173036	396	TMhelix	303	325
638173036	396	inside	326	337
638173036	396	TMhelix	338	357
638173036	396	outside	358	366
638173036	396	TMhelix	367	386
638173036	396	inside	387	396
638173037	86	inside	1	6
638173037	86	TMhelix	7	29
638173037	86	outside	30	32
638173037	86	TMhelix	33	55
638173037	86	inside	56	61
638173037	86	TMhelix	62	84
638173037	86	outside	85	86
638173038	390	outside	1	390
638173039	142	outside	1	142
638173040	62	inside	1	62
638173041	408	outside	1	408
638173042	258	outside	1	258
638173043	113	outside	1	113
638173044	269	outside	1	269
638173045	217	outside	1	18
638173045	217	TMhelix	19	36
638173045	217	inside	37	42
638173045	217	TMhelix	43	65
638173045	217	outside	66	84
638173045	217	TMhelix	85	107
638173045	217	inside	108	118
638173045	217	TMhelix	119	138
638173045	217	outside	139	217
638173046	83	inside	1	4
638173046	83	TMhelix	5	24
638173046	83	outside	25	57
638173046	83	TMhelix	58	80
638173046	83	inside	81	83
638173047	204	inside	1	6
638173047	204	TMhelix	7	29
638173047	204	outside	30	38
638173047	204	TMhelix	39	61
638173047	204	inside	62	67
638173047	204	TMhelix	68	90
638173047	204	outside	91	99
638173047	204	TMhelix	100	122
638173047	204	inside	123	134
638173047	204	TMhelix	135	157
638173047	204	outside	158	166
638173047	204	TMhelix	167	189
638173047	204	inside	190	204
638173048	457	outside	1	457
638173049	646	outside	1	646
638173050	214	inside	1	6
638173050	214	TMhelix	7	29
638173050	214	outside	30	214
638173051	142	outside	1	142
638173052	233	outside	1	233
638173053	770	outside	1	770
638173055	478	inside	1	6
638173055	478	TMhelix	7	29
638173055	478	outside	30	478
638173056	290	outside	1	290
638173057	244	outside	1	244
638173058	295	outside	1	295
638173060	401	outside	1	401
638173061	90	outside	1	90
638173062	133	outside	1	133
638173063	97	inside	1	97
638173064	430	outside	1	430
638173065	448	outside	1	448
638173066	75	outside	1	75
638173067	367	outside	1	367
638173068	220	outside	1	220
638173069	59	outside	1	9
638173069	59	TMhelix	10	29
638173069	59	inside	30	35
638173069	59	TMhelix	36	58
638173069	59	outside	59	59
638173070	399	inside	1	12
638173070	399	TMhelix	13	32
638173070	399	outside	33	41
638173070	399	TMhelix	42	64
638173070	399	inside	65	87
638173070	399	TMhelix	88	110
638173070	399	outside	111	124
638173070	399	TMhelix	125	147
638173070	399	inside	148	153
638173070	399	TMhelix	154	176
638173070	399	outside	177	190
638173070	399	TMhelix	191	213
638173070	399	inside	214	224
638173070	399	TMhelix	225	247
638173070	399	outside	248	261
638173070	399	TMhelix	262	284
638173070	399	inside	285	296
638173070	399	TMhelix	297	316
638173070	399	outside	317	319
638173070	399	TMhelix	320	342
638173070	399	inside	343	399
638173071	149	outside	1	149
638173072	329	outside	1	329
638173073	316	outside	1	316
638173074	257	outside	1	257
638173075	260	outside	1	260
638173076	295	inside	1	12
638173076	295	TMhelix	13	32
638173076	295	outside	33	41
638173076	295	TMhelix	42	59
638173076	295	inside	60	78
638173076	295	TMhelix	79	101
638173076	295	outside	102	110
638173076	295	TMhelix	111	133
638173076	295	inside	134	145
638173076	295	TMhelix	146	168
638173076	295	outside	169	295
638173077	779	outside	1	779
638173078	300	outside	1	300
638173079	167	outside	1	167
638173080	249	outside	1	249
638173081	321	outside	1	321
638173083	940	outside	1	940
638173084	142	outside	1	142
638173085	1105	outside	1	1105
638173088	1002	outside	1	1002
638173089	141	outside	1	141
638173092	372	inside	1	6
638173092	372	TMhelix	7	29
638173092	372	outside	30	372
638173093	655	outside	1	655
638173094	75	inside	1	75
638173095	133	outside	1	133
638173096	112	outside	1	112
638173097	46	outside	1	46
638173098	283	outside	1	283
638173099	233	inside	1	11
638173099	233	TMhelix	12	34
638173099	233	outside	35	43
638173099	233	TMhelix	44	66
638173099	233	inside	67	86
638173099	233	TMhelix	87	109
638173099	233	outside	110	118
638173099	233	TMhelix	119	141
638173099	233	inside	142	147
638173099	233	TMhelix	148	170
638173099	233	outside	171	196
638173099	233	TMhelix	197	219
638173099	233	inside	220	233
638173100	230	inside	1	19
638173100	230	TMhelix	20	37
638173100	230	outside	38	46
638173100	230	TMhelix	47	69
638173100	230	inside	70	89
638173100	230	TMhelix	90	112
638173100	230	outside	113	121
638173100	230	TMhelix	122	144
638173100	230	inside	145	150
638173100	230	TMhelix	151	173
638173100	230	outside	174	206
638173100	230	TMhelix	207	225
638173100	230	inside	226	230
638173101	333	inside	1	6
638173101	333	TMhelix	7	26
638173101	333	outside	27	333
638173102	440	inside	1	4
638173102	440	TMhelix	5	27
638173102	440	outside	28	440
638173103	254	inside	1	23
638173103	254	TMhelix	24	46
638173103	254	outside	47	60
638173103	254	TMhelix	61	83
638173103	254	inside	84	103
638173103	254	TMhelix	104	126
638173103	254	outside	127	138
638173103	254	TMhelix	139	161
638173103	254	inside	162	167
638173103	254	TMhelix	168	190
638173103	254	outside	191	225
638173103	254	TMhelix	226	248
638173103	254	inside	249	254
638173104	321	outside	1	321
638173105	161	outside	1	161
638173106	435	outside	1	435
638173107	199	inside	1	6
638173107	199	TMhelix	7	29
638173107	199	outside	30	199
638173108	204	inside	1	4
638173108	204	TMhelix	5	23
638173108	204	outside	24	204
638173109	455	outside	1	455
638173110	461	outside	1	461
638173111	242	outside	1	242
638173112	394	outside	1	394
638173113	867	outside	1	867
638173114	310	outside	1	310
638173115	315	outside	1	315
638173116	269	outside	1	269
638173117	275	outside	1	275
638173118	382	outside	1	382
638173119	152	outside	1	152
638173120	308	outside	1	308
638173121	352	outside	1	352
638173122	295	outside	1	295
638173123	172	outside	1	172
638173124	148	outside	1	148
638173125	323	outside	1	323
638173126	290	outside	1	290
638173127	400	inside	1	12
638173127	400	TMhelix	13	35
638173127	400	outside	36	54
638173127	400	TMhelix	55	74
638173127	400	inside	75	151
638173127	400	TMhelix	152	174
638173127	400	outside	175	177
638173127	400	TMhelix	178	200
638173127	400	inside	201	220
638173127	400	TMhelix	221	243
638173127	400	outside	244	252
638173127	400	TMhelix	253	275
638173127	400	inside	276	287
638173127	400	TMhelix	288	322
638173127	400	outside	323	343
638173127	400	TMhelix	344	366
638173127	400	inside	367	372
638173127	400	TMhelix	373	392
638173127	400	outside	393	400
638173128	221	outside	1	221
638173129	375	outside	1	375
638173130	125	outside	1	125
638173131	97	inside	1	97
638173132	382	outside	1	382
638173133	263	outside	1	263
638173134	375	outside	1	375
638173135	132	outside	1	132
638173136	139	outside	1	139
638173137	241	outside	1	241
638173138	158	outside	1	158
638173139	196	outside	1	196
638173140	134	outside	1	134
638173141	108	inside	1	108
638173144	283	outside	1	283
638173145	166	inside	1	6
638173145	166	TMhelix	7	26
638173145	166	outside	27	81
638173145	166	TMhelix	82	104
638173145	166	inside	105	108
638173145	166	TMhelix	109	128
638173145	166	outside	129	137
638173145	166	TMhelix	138	155
638173145	166	inside	156	166
638173146	153	outside	1	153
638173150	453	outside	1	453
638173151	98	outside	1	98
638173152	222	outside	1	222
638173153	62	outside	1	62
638173154	337	outside	1	337
638173155	260	outside	1	260
638173156	151	outside	1	151
638173157	458	outside	1	458
638173158	449	outside	1	449
638173159	456	outside	1	456
638173160	348	outside	1	348
638173161	382	outside	1	382
638173162	237	outside	1	237
638173163	658	outside	1	658
638173164	263	outside	1	263
638173165	340	outside	1	340
638173166	120	outside	1	120
638173167	220	outside	1	220
638173168	99	outside	1	99
638173169	116	outside	1	116
638173170	548	outside	1	548
638173171	116	inside	1	6
638173171	116	TMhelix	7	26
638173171	116	outside	27	40
638173171	116	TMhelix	41	60
638173171	116	inside	61	66
638173171	116	TMhelix	67	89
638173171	116	outside	90	116
638173172	155	outside	1	155
638173173	328	inside	1	12
638173173	328	TMhelix	13	30
638173173	328	outside	31	328
638173174	255	outside	1	255
638173175	395	outside	1	395
638173176	174	outside	1	174
638173177	160	outside	1	160
638173178	302	outside	1	302
638173179	79	outside	1	79
638173180	132	outside	1	132
638173181	298	outside	1	298
638173182	156	outside	1	156
638173183	165	outside	1	4
638173183	165	TMhelix	5	27
638173183	165	inside	28	33
638173183	165	TMhelix	34	56
638173183	165	outside	57	60
638173183	165	TMhelix	61	78
638173183	165	inside	79	89
638173183	165	TMhelix	90	107
638173183	165	outside	108	116
638173183	165	TMhelix	117	136
638173183	165	inside	137	165
638173184	318	outside	1	318
638173185	264	outside	1	264
638173186	63	inside	1	42
638173186	63	TMhelix	43	62
638173186	63	outside	63	63
638173187	320	inside	1	6
638173187	320	TMhelix	7	29
638173187	320	outside	30	34
638173187	320	TMhelix	35	57
638173187	320	inside	58	63
638173187	320	TMhelix	64	86
638173187	320	outside	87	100
638173187	320	TMhelix	101	123
638173187	320	inside	124	160
638173187	320	TMhelix	161	183
638173187	320	outside	184	221
638173187	320	TMhelix	222	244
638173187	320	inside	245	264
638173187	320	TMhelix	265	287
638173187	320	outside	288	291
638173187	320	TMhelix	292	311
638173187	320	inside	312	320
638173188	102	outside	1	102
638173189	116	inside	1	4
638173189	116	TMhelix	5	27
638173189	116	outside	28	30
638173189	116	TMhelix	31	53
638173189	116	inside	54	65
638173189	116	TMhelix	66	85
638173189	116	outside	86	88
638173189	116	TMhelix	89	108
638173189	116	inside	109	116
638173190	452	outside	1	452
638173191	450	outside	1	450
638173193	126	outside	1	126
638173194	310	outside	1	310
638173195	590	outside	1	590
638173196	522	outside	1	522
638173197	128	outside	1	14
638173197	128	TMhelix	15	37
638173197	128	inside	38	128
638173198	144	outside	1	144
638173199	400	outside	1	14
638173199	400	TMhelix	15	37
638173199	400	inside	38	43
638173199	400	TMhelix	44	66
638173199	400	outside	67	99
638173199	400	TMhelix	100	122
638173199	400	inside	123	134
638173199	400	TMhelix	135	157
638173199	400	outside	158	182
638173199	400	TMhelix	183	205
638173199	400	inside	206	234
638173199	400	TMhelix	235	257
638173199	400	outside	258	307
638173199	400	TMhelix	308	330
638173199	400	inside	331	381
638173199	400	TMhelix	382	399
638173199	400	outside	400	400
638173200	83	inside	1	11
638173200	83	TMhelix	12	34
638173200	83	outside	35	43
638173200	83	TMhelix	44	63
638173200	83	inside	64	83
638173201	314	outside	1	314
638173202	720	outside	1	720
638173203	369	outside	1	369
638173204	223	outside	1	223
638173205	137	outside	1	137
638173206	225	outside	1	225
638173207	68	inside	1	68
638173208	60	outside	1	60
638173209	138	inside	1	20
638173209	138	TMhelix	21	37
638173209	138	outside	38	56
638173209	138	TMhelix	57	76
638173209	138	inside	77	82
638173209	138	TMhelix	83	105
638173209	138	outside	106	108
638173209	138	TMhelix	109	126
638173209	138	inside	127	138
638173210	109	inside	1	12
638173210	109	TMhelix	13	35
638173210	109	outside	36	49
638173210	109	TMhelix	50	67
638173210	109	inside	68	109
638173211	306	outside	1	306
638173212	139	outside	1	139
638173213	283	outside	1	283
638173214	194	outside	1	194
638173215	85	outside	1	85
638173216	76	outside	1	76
638173217	128	outside	1	128
638173218	458	outside	1	458
638173219	158	outside	1	158
638173220	391	outside	1	391
638173221	449	outside	1	449
638173222	103	outside	1	103
638173223	106	outside	1	19
638173223	106	TMhelix	20	42
638173223	106	inside	43	48
638173223	106	TMhelix	49	68
638173223	106	outside	69	72
638173223	106	TMhelix	73	95
638173223	106	inside	96	106
638173224	198	inside	1	19
638173224	198	TMhelix	20	42
638173224	198	outside	43	71
638173224	198	TMhelix	72	94
638173224	198	inside	95	106
638173224	198	TMhelix	107	124
638173224	198	outside	125	138
638173224	198	TMhelix	139	156
638173224	198	inside	157	162
638173224	198	TMhelix	163	185
638173224	198	outside	186	198
638173225	139	outside	1	139
638173229	326	outside	1	326
638173230	271	outside	1	271
638173231	117	inside	1	117
638173232	433	outside	1	209
638173232	433	TMhelix	210	232
638173232	433	inside	233	238
638173232	433	TMhelix	239	261
638173232	433	outside	262	265
638173232	433	TMhelix	266	288
638173232	433	inside	289	316
638173232	433	TMhelix	317	339
638173232	433	outside	340	348
638173232	433	TMhelix	349	371
638173232	433	inside	372	397
638173232	433	TMhelix	398	420
638173232	433	outside	421	433
638173233	109	outside	1	109
638173234	172	outside	1	172
638173235	461	inside	1	19
638173235	461	TMhelix	20	39
638173235	461	outside	40	53
638173235	461	TMhelix	54	76
638173235	461	inside	77	96
638173235	461	TMhelix	97	119
638173235	461	outside	120	138
638173235	461	TMhelix	139	158
638173235	461	inside	159	170
638173235	461	TMhelix	171	193
638173235	461	outside	194	196
638173235	461	TMhelix	197	219
638173235	461	inside	220	260
638173235	461	TMhelix	261	283
638173235	461	outside	284	286
638173235	461	TMhelix	287	309
638173235	461	inside	310	320
638173235	461	TMhelix	321	343
638173235	461	outside	344	362
638173235	461	TMhelix	363	385
638173235	461	inside	386	397
638173235	461	TMhelix	398	420
638173235	461	outside	421	424
638173235	461	TMhelix	425	444
638173235	461	inside	445	461
638173236	68	inside	1	68
638173237	80	outside	1	80
638173240	310	inside	1	8
638173240	310	TMhelix	9	28
638173240	310	outside	29	42
638173240	310	TMhelix	43	65
638173240	310	inside	66	77
638173240	310	TMhelix	78	100
638173240	310	outside	101	203
638173240	310	TMhelix	204	226
638173240	310	inside	227	230
638173240	310	TMhelix	231	249
638173240	310	outside	250	310
638173241	60	outside	1	3
638173241	60	TMhelix	4	26
638173241	60	inside	27	38
638173241	60	TMhelix	39	58
638173241	60	outside	59	60
638173242	173	outside	1	173
638173243	178	outside	1	178
638173244	278	outside	1	278
638173245	174	outside	1	174
638173246	247	inside	1	12
638173246	247	TMhelix	13	35
638173246	247	outside	36	63
638173246	247	TMhelix	64	86
638173246	247	inside	87	98
638173246	247	TMhelix	99	121
638173246	247	outside	122	124
638173246	247	TMhelix	125	144
638173246	247	inside	145	156
638173246	247	TMhelix	157	179
638173246	247	outside	180	184
638173246	247	TMhelix	185	207
638173246	247	inside	208	218
638173246	247	TMhelix	219	241
638173246	247	outside	242	247
638173247	74	outside	1	74
638173248	107	outside	1	14
638173248	107	TMhelix	15	37
638173248	107	inside	38	48
638173248	107	TMhelix	49	71
638173248	107	outside	72	80
638173248	107	TMhelix	81	103
638173248	107	inside	104	107
638173249	71	outside	1	71
638173250	188	outside	1	188
638173251	189	outside	1	189
638173252	278	outside	1	3
638173252	278	TMhelix	4	26
638173252	278	inside	27	38
638173252	278	TMhelix	39	61
638173252	278	outside	62	70
638173252	278	TMhelix	71	90
638173252	278	inside	91	109
638173252	278	TMhelix	110	132
638173252	278	outside	133	141
638173252	278	TMhelix	142	164
638173252	278	inside	165	170
638173252	278	TMhelix	171	193
638173252	278	outside	194	222
638173252	278	TMhelix	223	242
638173252	278	inside	243	248
638173252	278	TMhelix	249	268
638173252	278	outside	269	278
638173253	194	outside	1	194
638173254	130	outside	1	130
638173255	124	outside	1	124
638173256	72	outside	1	72
638173257	213	outside	1	213
638173258	388	inside	1	162
638173258	388	TMhelix	163	185
638173258	388	outside	186	188
638173258	388	TMhelix	189	211
638173258	388	inside	212	234
638173258	388	TMhelix	235	257
638173258	388	outside	258	260
638173258	388	TMhelix	261	278
638173258	388	inside	279	388
638173259	304	inside	1	6
638173259	304	TMhelix	7	29
638173259	304	outside	30	33
638173259	304	TMhelix	34	56
638173259	304	inside	57	62
638173259	304	TMhelix	63	82
638173259	304	outside	83	91
638173259	304	TMhelix	92	114
638173259	304	inside	115	120
638173259	304	TMhelix	121	143
638173259	304	outside	144	152
638173259	304	TMhelix	153	175
638173259	304	inside	176	187
638173259	304	TMhelix	188	210
638173259	304	outside	211	213
638173259	304	TMhelix	214	231
638173259	304	inside	232	242
638173259	304	TMhelix	243	262
638173259	304	outside	263	271
638173259	304	TMhelix	272	294
638173259	304	inside	295	304
638173260	65	inside	1	11
638173260	65	TMhelix	12	34
638173260	65	outside	35	37
638173260	65	TMhelix	38	60
638173260	65	inside	61	65
638173261	249	outside	1	249
638173262	226	inside	1	20
638173262	226	TMhelix	21	40
638173262	226	outside	41	49
638173262	226	TMhelix	50	72
638173262	226	inside	73	92
638173262	226	TMhelix	93	115
638173262	226	outside	116	129
638173262	226	TMhelix	130	152
638173262	226	inside	153	163
638173262	226	TMhelix	164	186
638173262	226	outside	187	189
638173262	226	TMhelix	190	212
638173262	226	inside	213	226
638173263	301	outside	1	301
638173264	371	outside	1	9
638173264	371	TMhelix	10	32
638173264	371	inside	33	40
638173264	371	TMhelix	41	63
638173264	371	outside	64	82
638173264	371	TMhelix	83	105
638173264	371	inside	106	125
638173264	371	TMhelix	126	148
638173264	371	outside	149	172
638173264	371	TMhelix	173	192
638173264	371	inside	193	211
638173264	371	TMhelix	212	234
638173264	371	outside	235	248
638173264	371	TMhelix	249	268
638173264	371	inside	269	279
638173264	371	TMhelix	280	302
638173264	371	outside	303	305
638173264	371	TMhelix	306	323
638173264	371	inside	324	335
638173264	371	TMhelix	336	367
638173264	371	outside	368	371
638173265	320	outside	1	320
638173266	186	outside	1	186
638173267	50	inside	1	50
638173268	181	outside	1	181
638173269	246	inside	1	4
638173269	246	TMhelix	5	24
638173269	246	outside	25	33
638173269	246	TMhelix	34	56
638173269	246	inside	57	68
638173269	246	TMhelix	69	91
638173269	246	outside	92	94
638173269	246	TMhelix	95	112
638173269	246	inside	113	145
638173269	246	TMhelix	146	168
638173269	246	outside	169	182
638173269	246	TMhelix	183	205
638173269	246	inside	206	225
638173269	246	TMhelix	226	245
638173269	246	outside	246	246
638173270	206	outside	1	206
638173271	799	inside	1	161
638173271	799	TMhelix	162	179
638173271	799	outside	180	188
638173271	799	TMhelix	189	208
638173271	799	inside	209	224
638173271	799	TMhelix	225	247
638173271	799	outside	248	251
638173271	799	TMhelix	252	269
638173271	799	inside	270	402
638173271	799	TMhelix	403	425
638173271	799	outside	426	429
638173271	799	TMhelix	430	452
638173271	799	inside	453	744
638173271	799	TMhelix	745	767
638173271	799	outside	768	776
638173271	799	TMhelix	777	794
638173271	799	inside	795	799
638173272	100	outside	1	100
638173273	174	outside	1	174
638173274	80	outside	1	80
638173275	529	inside	1	24
638173275	529	TMhelix	25	47
638173275	529	outside	48	51
638173275	529	TMhelix	52	74
638173275	529	inside	75	114
638173275	529	TMhelix	115	137
638173275	529	outside	138	146
638173275	529	TMhelix	147	169
638173275	529	inside	170	237
638173275	529	TMhelix	238	260
638173275	529	outside	261	529
638173276	211	inside	1	6
638173276	211	TMhelix	7	29
638173276	211	outside	30	48
638173276	211	TMhelix	49	71
638173276	211	inside	72	118
638173276	211	TMhelix	119	141
638173276	211	outside	142	150
638173276	211	TMhelix	151	173
638173276	211	inside	174	179
638173276	211	TMhelix	180	202
638173276	211	outside	203	211
638173277	269	outside	1	21
638173277	269	TMhelix	22	44
638173277	269	inside	45	55
638173277	269	TMhelix	56	78
638173277	269	outside	79	83
638173277	269	TMhelix	84	106
638173277	269	inside	107	126
638173277	269	TMhelix	127	149
638173277	269	outside	150	158
638173277	269	TMhelix	159	181
638173277	269	inside	182	187
638173277	269	TMhelix	188	210
638173277	269	outside	211	214
638173277	269	TMhelix	215	237
638173277	269	inside	238	248
638173277	269	TMhelix	249	268
638173277	269	outside	269	269
638173278	358	outside	1	358
638173281	158	outside	1	158
638173282	195	outside	1	195
638173283	414	outside	1	414
638173284	149	outside	1	149
638173285	288	outside	1	288
638173286	570	outside	1	570
638173287	506	outside	1	506
638173288	233	outside	1	233
638173291	124	outside	1	124
638173294	432	outside	1	432
638173297	242	outside	1	242
638173298	47	inside	1	47
638173299	431	outside	1	431
638173300	429	outside	1	429
638173301	316	outside	1	316
638173302	364	outside	1	364
638173303	204	outside	1	204
638173304	298	outside	1	298
638173305	292	outside	1	292
638173306	410	outside	1	410
638173307	132	outside	1	132
638173308	90	outside	1	90
638173309	102	outside	1	102
638173310	107	outside	1	107
638173312	137	outside	1	137
638173313	215	outside	1	54
638173313	215	TMhelix	55	77
638173313	215	inside	78	89
638173313	215	TMhelix	90	112
638173313	215	outside	113	121
638173313	215	TMhelix	122	144
638173313	215	inside	145	145
638173313	215	TMhelix	146	168
638173313	215	outside	169	215
638173314	72	outside	1	72
638173315	59	outside	1	59
638173316	44	outside	1	44
638173317	233	outside	1	233
638173318	56	inside	1	56
638173319	138	outside	1	138
638173320	90	outside	1	14
638173320	90	TMhelix	15	37
638173320	90	inside	38	49
638173320	90	TMhelix	50	72
638173320	90	outside	73	90
638173321	405	inside	1	19
638173321	405	TMhelix	20	42
638173321	405	outside	43	56
638173321	405	TMhelix	57	79
638173321	405	inside	80	85
638173321	405	TMhelix	86	108
638173321	405	outside	109	122
638173321	405	TMhelix	123	145
638173321	405	inside	146	164
638173321	405	TMhelix	165	196
638173321	405	outside	197	245
638173321	405	TMhelix	246	268
638173321	405	inside	269	288
638173321	405	TMhelix	289	311
638173321	405	outside	312	320
638173321	405	TMhelix	321	343
638173321	405	inside	344	355
638173321	405	TMhelix	356	378
638173321	405	outside	379	381
638173321	405	TMhelix	382	401
638173321	405	inside	402	405
638173322	196	outside	1	196
638173323	233	outside	1	233
638173324	186	outside	1	186
638173325	290	outside	1	290
638173326	129	outside	1	129
638173327	219	outside	1	219
638173328	156	outside	1	156
638173329	569	inside	1	8
638173329	569	TMhelix	9	28
638173329	569	outside	29	37
638173329	569	TMhelix	38	57
638173329	569	inside	58	63
638173329	569	TMhelix	64	86
638173329	569	outside	87	143
638173329	569	TMhelix	144	166
638173329	569	inside	167	195
638173329	569	TMhelix	196	215
638173329	569	outside	216	224
638173329	569	TMhelix	225	259
638173329	569	inside	260	265
638173329	569	TMhelix	266	288
638173329	569	outside	289	321
638173329	569	TMhelix	322	344
638173329	569	inside	345	350
638173329	569	TMhelix	351	373
638173329	569	outside	374	387
638173329	569	TMhelix	388	407
638173329	569	inside	408	411
638173329	569	TMhelix	412	429
638173329	569	outside	430	569
638173330	389	outside	1	389
638173331	536	outside	1	536
638173332	81	inside	1	81
638173333	358	outside	1	358
638173334	400	inside	1	77
638173334	400	TMhelix	78	96
638173334	400	outside	97	400
638173335	166	outside	1	166
638173336	347	outside	1	347
638173337	302	inside	1	246
638173337	302	TMhelix	247	269
638173337	302	outside	270	272
638173337	302	TMhelix	273	292
638173337	302	inside	293	302
638173338	66	outside	1	66
638173339	288	outside	1	288
638173340	134	inside	1	20
638173340	134	TMhelix	21	38
638173340	134	outside	39	41
638173340	134	TMhelix	42	61
638173340	134	inside	62	73
638173340	134	TMhelix	74	96
638173340	134	outside	97	134
638173341	414	inside	1	6
638173341	414	TMhelix	7	38
638173341	414	outside	39	414
638173342	309	outside	1	309
638173345	328	outside	1	3
638173345	328	TMhelix	4	26
638173345	328	inside	27	260
638173345	328	TMhelix	261	283
638173345	328	outside	284	328
638173346	562	outside	1	425
638173346	562	TMhelix	426	448
638173346	562	inside	449	562
638173347	252	inside	1	4
638173347	252	TMhelix	5	27
638173347	252	outside	28	31
638173347	252	TMhelix	32	49
638173347	252	inside	50	252
638173348	80	outside	1	24
638173348	80	TMhelix	25	47
638173348	80	inside	48	53
638173348	80	TMhelix	54	71
638173348	80	outside	72	80
638173349	329	inside	1	6
638173349	329	TMhelix	7	24
638173349	329	outside	25	33
638173349	329	TMhelix	34	53
638173349	329	inside	54	65
638173349	329	TMhelix	66	85
638173349	329	outside	86	89
638173349	329	TMhelix	90	112
638173349	329	inside	113	144
638173349	329	TMhelix	145	167
638173349	329	outside	168	329
638173350	166	outside	1	166
638173351	138	outside	1	138
638173352	76	outside	1	76
638173353	162	outside	1	162
638173354	124	outside	1	124
638173355	42	outside	1	42
638173356	270	outside	1	14
638173356	270	TMhelix	15	37
638173356	270	inside	38	49
638173356	270	TMhelix	50	72
638173356	270	outside	73	75
638173356	270	TMhelix	76	98
638173356	270	inside	99	270
638173357	233	outside	1	233
638173360	335	outside	1	335
638173361	83	outside	1	83
638173362	192	outside	1	192
638173363	89	inside	1	89
638173364	81	outside	1	81
638173365	471	inside	1	12
638173365	471	TMhelix	13	35
638173365	471	outside	36	60
638173365	471	TMhelix	61	83
638173365	471	inside	84	102
638173365	471	TMhelix	103	125
638173365	471	outside	126	139
638173365	471	TMhelix	140	162
638173365	471	inside	163	173
638173365	471	TMhelix	174	196
638173365	471	outside	197	200
638173365	471	TMhelix	201	223
638173365	471	inside	224	340
638173365	471	TMhelix	341	363
638173365	471	outside	364	377
638173365	471	TMhelix	378	400
638173365	471	inside	401	411
638173365	471	TMhelix	412	431
638173365	471	outside	432	435
638173365	471	TMhelix	436	458
638173365	471	inside	459	471
638173366	490	inside	1	35
638173366	490	TMhelix	36	58
638173366	490	outside	59	72
638173366	490	TMhelix	73	95
638173366	490	inside	96	113
638173366	490	TMhelix	114	136
638173366	490	outside	137	150
638173366	490	TMhelix	151	173
638173366	490	inside	174	184
638173366	490	TMhelix	185	207
638173366	490	outside	208	211
638173366	490	TMhelix	212	234
638173366	490	inside	235	257
638173366	490	TMhelix	258	280
638173366	490	outside	281	289
638173366	490	TMhelix	290	312
638173366	490	inside	313	338
638173366	490	TMhelix	339	361
638173366	490	outside	362	380
638173366	490	TMhelix	381	403
638173366	490	inside	404	415
638173366	490	TMhelix	416	438
638173366	490	outside	439	452
638173366	490	TMhelix	453	472
638173366	490	inside	473	490
638173367	616	outside	1	616
638173368	368	inside	1	4
638173368	368	TMhelix	5	27
638173368	368	outside	28	41
638173368	368	TMhelix	42	64
638173368	368	inside	65	72
638173368	368	TMhelix	73	90
638173368	368	outside	91	99
638173368	368	TMhelix	100	122
638173368	368	inside	123	128
638173368	368	TMhelix	129	151
638173368	368	outside	152	154
638173368	368	TMhelix	155	177
638173368	368	inside	178	196
638173368	368	TMhelix	197	219
638173368	368	outside	220	231
638173368	368	TMhelix	232	254
638173368	368	inside	255	260
638173368	368	TMhelix	261	278
638173368	368	outside	279	281
638173368	368	TMhelix	282	301
638173368	368	inside	302	313
638173368	368	TMhelix	314	336
638173368	368	outside	337	340
638173368	368	TMhelix	341	363
638173368	368	inside	364	368
638173369	409	outside	1	409
638173370	229	outside	1	229
638173372	64	inside	1	64
638173373	128	inside	1	4
638173373	128	TMhelix	5	27
638173373	128	outside	28	30
638173373	128	TMhelix	31	53
638173373	128	inside	54	128
638173374	258	inside	1	29
638173374	258	TMhelix	30	52
638173374	258	outside	53	61
638173374	258	TMhelix	62	84
638173374	258	inside	85	95
638173374	258	TMhelix	96	114
638173374	258	outside	115	118
638173374	258	TMhelix	119	141
638173374	258	inside	142	145
638173374	258	TMhelix	146	168
638173374	258	outside	169	182
638173374	258	TMhelix	183	205
638173374	258	inside	206	233
638173374	258	TMhelix	234	251
638173374	258	outside	252	258
638173375	60	outside	1	60
638173376	106	outside	1	106
638173377	232	inside	1	20
638173377	232	TMhelix	21	38
638173377	232	outside	39	47
638173377	232	TMhelix	48	70
638173377	232	inside	71	92
638173377	232	TMhelix	93	115
638173377	232	outside	116	124
638173377	232	TMhelix	125	147
638173377	232	inside	148	153
638173377	232	TMhelix	154	176
638173377	232	outside	177	207
638173377	232	TMhelix	208	227
638173377	232	inside	228	232
638173378	293	outside	1	293
638173381	230	inside	1	23
638173381	230	TMhelix	24	46
638173381	230	outside	47	50
638173381	230	TMhelix	51	73
638173381	230	inside	74	93
638173381	230	TMhelix	94	116
638173381	230	outside	117	130
638173381	230	TMhelix	131	150
638173381	230	inside	151	162
638173381	230	TMhelix	163	192
638173381	230	outside	193	206
638173381	230	TMhelix	207	229
638173381	230	inside	230	230
638173382	83	outside	1	83
638173383	126	outside	1	126
638173386	155	outside	1	155
638173387	322	outside	1	322
638173388	265	outside	1	265
638173389	267	outside	1	267
638173390	621	outside	1	621
638173391	478	outside	1	478
638173392	248	outside	1	248
638173393	256	inside	1	4
638173393	256	TMhelix	5	22
638173393	256	outside	23	256
638173394	358	outside	1	358
638173396	371	outside	1	371
638173397	133	outside	1	133
638173398	442	inside	1	20
638173398	442	TMhelix	21	43
638173398	442	outside	44	52
638173398	442	TMhelix	53	72
638173398	442	inside	73	76
638173398	442	TMhelix	77	94
638173398	442	outside	95	103
638173398	442	TMhelix	104	126
638173398	442	inside	127	137
638173398	442	TMhelix	138	160
638173398	442	outside	161	174
638173398	442	TMhelix	175	197
638173398	442	inside	198	201
638173398	442	TMhelix	202	221
638173398	442	outside	222	235
638173398	442	TMhelix	236	258
638173398	442	inside	259	321
638173398	442	TMhelix	322	344
638173398	442	outside	345	348
638173398	442	TMhelix	349	371
638173398	442	inside	372	383
638173398	442	TMhelix	384	406
638173398	442	outside	407	420
638173398	442	TMhelix	421	440
638173398	442	inside	441	442
638173399	265	outside	1	265
638173401	319	inside	1	6
638173401	319	TMhelix	7	24
638173401	319	outside	25	319
638173402	296	inside	1	19
638173402	296	TMhelix	20	38
638173402	296	outside	39	67
638173402	296	TMhelix	68	90
638173402	296	inside	91	125
638173402	296	TMhelix	126	148
638173402	296	outside	149	162
638173402	296	TMhelix	163	185
638173402	296	inside	186	205
638173402	296	TMhelix	206	228
638173402	296	outside	229	242
638173402	296	TMhelix	243	262
638173402	296	inside	263	296
638173404	394	outside	1	394
638173405	79	outside	1	79
638173406	663	outside	1	288
638173406	663	TMhelix	289	311
638173406	663	inside	312	345
638173406	663	TMhelix	346	368
638173406	663	outside	369	387
638173406	663	TMhelix	388	410
638173406	663	inside	411	422
638173406	663	TMhelix	423	445
638173406	663	outside	446	454
638173406	663	TMhelix	455	474
638173406	663	inside	475	566
638173406	663	TMhelix	567	589
638173406	663	outside	590	603
638173406	663	TMhelix	604	626
638173406	663	inside	627	638
638173406	663	TMhelix	639	661
638173406	663	outside	662	663
638173407	80	outside	1	80
638173408	252	outside	1	252
638173409	262	outside	1	262
638173410	452	outside	1	452
638173411	178	outside	1	4
638173411	178	TMhelix	5	27
638173411	178	inside	28	52
638173411	178	TMhelix	53	72
638173411	178	outside	73	75
638173411	178	TMhelix	76	98
638173411	178	inside	99	110
638173411	178	TMhelix	111	133
638173411	178	outside	134	145
638173411	178	TMhelix	146	168
638173411	178	inside	169	178
638173412	375	outside	1	375
638173413	171	outside	1	171
638173414	162	outside	1	162
638173415	177	outside	1	177
638173416	269	outside	1	269
638173417	103	outside	1	103
638173418	413	outside	1	413
638173419	438	outside	1	438
638173420	597	outside	1	597
638173421	135	outside	1	135
638173424	236	outside	1	236
638173425	312	outside	1	312
638173426	287	outside	1	287
638173427	194	outside	1	194
638173428	36	outside	1	36
638173429	185	outside	1	185
638173430	43	inside	1	43
638173431	467	outside	1	467
638173432	235	outside	1	235
638173433	154	inside	1	2
638173433	154	TMhelix	3	25
638173433	154	outside	26	128
638173433	154	TMhelix	129	146
638173433	154	inside	147	154
638173434	251	inside	1	30
638173434	251	TMhelix	31	53
638173434	251	outside	54	72
638173434	251	TMhelix	73	92
638173434	251	inside	93	112
638173434	251	TMhelix	113	135
638173434	251	outside	136	154
638173434	251	TMhelix	155	177
638173434	251	inside	178	183
638173434	251	TMhelix	184	206
638173434	251	outside	207	225
638173434	251	TMhelix	226	245
638173434	251	inside	246	251
638173435	347	outside	1	3
638173435	347	TMhelix	4	26
638173435	347	inside	27	251
638173435	347	TMhelix	252	274
638173435	347	outside	275	319
638173435	347	TMhelix	320	342
638173435	347	inside	343	347
638173436	163	outside	1	163
638173437	301	outside	1	301
638173438	307	outside	1	3
638173438	307	TMhelix	4	23
638173438	307	inside	24	283
638173438	307	TMhelix	284	301
638173438	307	outside	302	307
638173439	287	inside	1	4
638173439	287	TMhelix	5	24
638173439	287	outside	25	287
638173440	325	inside	1	6
638173440	325	TMhelix	7	29
638173440	325	outside	30	325
638173441	967	outside	1	967
638173442	367	outside	1	367
638173443	292	outside	1	292
638173444	261	outside	1	261
638173445	428	outside	1	428
638173446	206	outside	1	206
638173447	142	inside	1	11
638173447	142	TMhelix	12	34
638173447	142	outside	35	53
638173447	142	TMhelix	54	76
638173447	142	inside	77	96
638173447	142	TMhelix	97	116
638173447	142	outside	117	120
638173447	142	TMhelix	121	138
638173447	142	inside	139	142
638173448	380	inside	1	11
638173448	380	TMhelix	12	34
638173448	380	outside	35	37
638173448	380	TMhelix	38	55
638173448	380	inside	56	75
638173448	380	TMhelix	76	98
638173448	380	outside	99	112
638173448	380	TMhelix	113	135
638173448	380	inside	136	139
638173448	380	TMhelix	140	157
638173448	380	outside	158	169
638173448	380	TMhelix	170	192
638173448	380	inside	193	203
638173448	380	TMhelix	204	221
638173448	380	outside	222	230
638173448	380	TMhelix	231	253
638173448	380	inside	254	279
638173448	380	TMhelix	280	299
638173448	380	outside	300	302
638173448	380	TMhelix	303	325
638173448	380	inside	326	331
638173448	380	TMhelix	332	346
638173448	380	outside	347	349
638173448	380	TMhelix	350	369
638173448	380	inside	370	380
638173449	87	inside	1	6
638173449	87	TMhelix	7	36
638173449	87	outside	37	55
638173449	87	TMhelix	56	78
638173449	87	inside	79	87
638173450	233	outside	1	233
638173451	95	outside	1	95
638173452	326	outside	1	326
638173453	137	outside	1	137
638173454	331	outside	1	331
638173456	322	outside	1	322
638173457	242	outside	1	242
638173458	254	outside	1	254
638173459	486	inside	1	40
638173459	486	TMhelix	41	63
638173459	486	outside	64	77
638173459	486	TMhelix	78	100
638173459	486	inside	101	111
638173459	486	TMhelix	112	134
638173459	486	outside	135	143
638173459	486	TMhelix	144	166
638173459	486	inside	167	178
638173459	486	TMhelix	179	201
638173459	486	outside	202	232
638173459	486	TMhelix	233	255
638173459	486	inside	256	295
638173459	486	TMhelix	296	318
638173459	486	outside	319	327
638173459	486	TMhelix	328	350
638173459	486	inside	351	369
638173459	486	TMhelix	370	392
638173459	486	outside	393	401
638173459	486	TMhelix	402	421
638173459	486	inside	422	441
638173459	486	TMhelix	442	464
638173459	486	outside	465	467
638173459	486	TMhelix	468	485
638173459	486	inside	486	486
638173460	108	outside	1	108
638173461	279	outside	1	279
638173462	248	outside	1	248
638173463	359	inside	1	25
638173463	359	TMhelix	26	48
638173463	359	outside	49	79
638173463	359	TMhelix	80	102
638173463	359	inside	103	108
638173463	359	TMhelix	109	131
638173463	359	outside	132	140
638173463	359	TMhelix	141	163
638173463	359	inside	164	174
638173463	359	TMhelix	175	197
638173463	359	outside	198	216
638173463	359	TMhelix	217	236
638173463	359	inside	237	267
638173463	359	TMhelix	268	290
638173463	359	outside	291	304
638173463	359	TMhelix	305	324
638173463	359	inside	325	330
638173463	359	TMhelix	331	353
638173463	359	outside	354	359
638173464	361	outside	1	361
638173465	38	outside	1	38
638173466	125	outside	1	125
638173467	36	outside	1	36
638173468	237	inside	1	6
638173468	237	TMhelix	7	29
638173468	237	outside	30	38
638173468	237	TMhelix	39	61
638173468	237	inside	62	67
638173468	237	TMhelix	68	88
638173468	237	outside	89	97
638173468	237	TMhelix	98	120
638173468	237	inside	121	139
638173468	237	TMhelix	140	162
638173468	237	outside	163	176
638173468	237	TMhelix	177	199
638173468	237	inside	200	218
638173468	237	TMhelix	219	236
638173468	237	outside	237	237
638173469	129	outside	1	129
638173470	167	outside	1	167
638173471	266	outside	1	266
638173472	72	inside	1	72
638173473	230	outside	1	230
638173474	289	outside	1	289
638173475	268	inside	1	20
638173475	268	TMhelix	21	43
638173475	268	outside	44	84
638173475	268	TMhelix	85	107
638173475	268	inside	108	141
638173475	268	TMhelix	142	164
638173475	268	outside	165	178
638173475	268	TMhelix	179	201
638173475	268	inside	202	207
638173475	268	TMhelix	208	227
638173475	268	outside	228	236
638173475	268	TMhelix	237	256
638173475	268	inside	257	268
638173476	160	inside	1	6
638173476	160	TMhelix	7	29
638173476	160	outside	30	38
638173476	160	TMhelix	39	61
638173476	160	inside	62	160
638173477	142	outside	1	142
638173478	327	outside	1	327
638173479	75	outside	1	30
638173479	75	TMhelix	31	53
638173479	75	inside	54	75
638173480	140	outside	1	140
638174012	98	outside	1	98
638174013	284	outside	1	284
638174014	231	outside	1	231
638174015	151	outside	1	151
