gene_oid	gene_length	feature_type	start_coord	end_coord
638172472	257	cleavage	38	39
638172504	192	cleavage	21	22
638172510	191	cleavage	19	20
638172514	461	cleavage	28	29
638172516	322	cleavage	21	22
638172549	297	cleavage	26	27
638172553	345	cleavage	30	31
638172580	384	cleavage	18	19
638172584	281	cleavage	22	23
638172592	289	cleavage	39	40
638172594	541	cleavage	23	24
638172636	967	cleavage	39	40
638172639	349	cleavage	19	20
638172655	505	cleavage	27	28
638172659	159	cleavage	34	35
638172671	829	cleavage	28	29
638172676	180	cleavage	38	39
638172681	56	cleavage	27	28
638172740	50	cleavage	32	33
638172749	923	cleavage	22	23
638172761	153	cleavage	23	24
638172767	718	cleavage	19	20
638172778	1398	cleavage	26	27
638172795	331	cleavage	23	24
638172810	181	cleavage	32	33
638172822	201	cleavage	23	24
638172823	177	cleavage	22	23
638172824	331	cleavage	23	24
638172825	127	cleavage	22	23
638172826	307	cleavage	28	29
638172827	654	cleavage	21	22
638172831	160	cleavage	28	29
638172832	185	cleavage	38	39
638172835	264	cleavage	24	25
638172836	197	cleavage	24	25
638172850	224	cleavage	25	26
638172854	187	cleavage	21	22
638172860	631	cleavage	23	24
638172862	304	cleavage	37	38
638172868	304	cleavage	26	27
638172876	325	cleavage	20	21
638172905	192	cleavage	27	28
638172908	418	cleavage	30	31
638172910	354	cleavage	27	28
638172911	587	cleavage	20	21
638172913	256	cleavage	28	29
638172919	395	cleavage	19	20
638172921	399	cleavage	28	29
638172924	952	cleavage	21	22
638172942	324	cleavage	27	28
638172944	83	cleavage	21	22
638172947	401	cleavage	43	44
638172952	443	cleavage	22	23
638172963	527	cleavage	20	21
638172970	534	cleavage	24	25
638172983	45	cleavage	29	30
638172988	473	cleavage	38	39
638172990	722	cleavage	20	21
638172991	465	cleavage	26	27
638172999	284	cleavage	21	22
638173000	333	cleavage	22	23
638173017	331	cleavage	23	24
638173023	675	cleavage	19	20
638173031	267	cleavage	20	21
638173034	407	cleavage	25	26
638173035	137	cleavage	25	26
638173036	396	cleavage	27	28
638173046	83	cleavage	23	24
638173055	478	cleavage	23	24
638173074	257	cleavage	52	53
638173101	333	cleavage	21	22
638173102	440	cleavage	22	23
638173108	204	cleavage	22	23
638173121	352	cleavage	20	21
638173144	283	cleavage	18	19
638173165	340	cleavage	18	19
638173173	328	cleavage	27	28
638173174	255	cleavage	28	29
638173187	320	cleavage	26	27
638173189	116	cleavage	24	25
638173206	225	cleavage	24	25
638173223	106	cleavage	19	20
638173225	139	cleavage	23	24
638173232	433	cleavage	20	21
638173248	107	cleavage	26	27
638173253	194	cleavage	22	23
638173269	246	cleavage	20	21
638173320	90	cleavage	34	35
638173329	569	cleavage	24	25
638173345	328	cleavage	29	30
638173346	562	cleavage	18	19
638173347	252	cleavage	28	29
638173353	162	cleavage	22	23
638173393	256	cleavage	21	22
638173401	319	cleavage	19	20
638173435	347	cleavage	21	22
638173438	307	cleavage	21	22
638173439	287	cleavage	23	24
638173440	325	cleavage	21	22
638173449	87	cleavage	22	23
638173463	359	cleavage	48	49
638173464	361	cleavage	24	25
638173468	237	cleavage	39	40
638173505	118	cleavage	23	24
638173506	58	cleavage	23	24
638173511	322	cleavage	35	36
638173512	287	cleavage	19	20
638173520	72	cleavage	21	22
638173521	172	cleavage	21	22
638173537	328	cleavage	26	27
638173556	309	cleavage	22	23
638173561	377	cleavage	26	27
638173562	343	cleavage	26	27
638173564	375	cleavage	21	22
638173565	494	cleavage	22	23
638173574	129	cleavage	20	21
638173582	412	cleavage	26	27
638173590	320	cleavage	20	21
638173591	282	cleavage	21	22
638173645	240	cleavage	27	28
638173647	160	cleavage	30	31
638173648	413	cleavage	23	24
638173659	91	cleavage	20	21
638173662	103	cleavage	19	20
638173667	328	cleavage	23	24
638173673	326	cleavage	36	37
638173676	404	cleavage	27	28
638173679	1132	cleavage	24	25
638173681	274	cleavage	28	29
638173690	209	cleavage	20	21
638173732	83	cleavage	31	32
638173751	444	cleavage	24	25
638173752	169	cleavage	23	24
638173757	442	cleavage	19	20
638173780	622	cleavage	23	24
638173812	1075	cleavage	31	32
638173817	152	cleavage	35	36
638173830	732	cleavage	22	23
638173878	169	cleavage	20	21
638173885	828	cleavage	26	27
638173886	721	cleavage	23	24
638173887	484	cleavage	89	90
638173919	265	cleavage	46	47
638173935	428	cleavage	56	57
638173956	276	cleavage	18	19
638173989	308	cleavage	21	22
638173992	605	cleavage	25	26
638173993	246	cleavage	22	23
638174001	705	cleavage	30	31
638174018	356	cleavage	22	23
638174020	84	cleavage	22	23
638174023	99	cleavage	20	21
638174035	634	cleavage	21	22
638174044	493	cleavage	23	24
638174046	238	cleavage	22	23
638174061	195	cleavage	30	31
638174062	273	cleavage	20	21
638174108	520	cleavage	22	23
638174111	698	cleavage	26	27
638174112	698	cleavage	22	23
638174116	145	cleavage	27	28
638174119	158	cleavage	23	24
638174125	346	cleavage	21	22
638174130	133	cleavage	22	23
638174135	133	cleavage	28	29
638174141	447	cleavage	24	25
638174142	269	cleavage	24	25
638174195	329	cleavage	25	26
638174227	81	cleavage	25	26
638174238	438	cleavage	21	22
638174251	185	cleavage	22	23
638174273	187	cleavage	46	47
638174275	581	cleavage	37	38
638174276	578	cleavage	40	41
638174290	120	cleavage	18	19
638174291	576	cleavage	20	21
638174292	654	cleavage	23	24
638174293	285	cleavage	22	23
638174301	171	cleavage	20	21
638174319	398	cleavage	24	25
638174322	302	cleavage	22	23
638174339	261	cleavage	20	21
638174344	242	cleavage	34	35
638174364	105	cleavage	24	25
638174366	450	cleavage	24	25
638174368	278	cleavage	35	36
638174375	322	cleavage	29	30
638174378	357	cleavage	23	24
638174385	236	cleavage	28	29
638174390	388	cleavage	25	26
638174391	357	cleavage	24	25
638174398	282	cleavage	38	39
638174403	363	cleavage	22	23
638174417	307	cleavage	22	23
638174456	365	cleavage	20	21
638174472	123	cleavage	25	26
638174473	59	cleavage	25	26
638174477	224	cleavage	19	20
638174518	304	cleavage	21	22
638174541	440	cleavage	24	25
638174542	459	cleavage	22	23
638174543	174	cleavage	23	24
638174544	283	cleavage	22	23
638174559	258	cleavage	24	25
638174574	1114	cleavage	20	21
638174576	298	cleavage	20	21
638174577	434	cleavage	25	26
638174610	427	cleavage	33	34
638174612	277	cleavage	36	37
638174616	240	cleavage	28	29
638174619	464	cleavage	20	21
638174627	996	cleavage	26	27
638174643	223	cleavage	21	22
638174644	235	cleavage	18	19
638174650	288	cleavage	20	21
638174651	442	cleavage	29	30
638174707	235	cleavage	17	18
638174726	589	cleavage	17	18
