gene_oid	gene_length	feature_type	start_coord	end_coord
2510076666	445	cleavage	18	19
2510076678	119	cleavage	29	30
2510076693	501	cleavage	21	22
2510076694	59	cleavage	32	33
2510076705	390	cleavage	25	26
2510076713	519	cleavage	29	30
2510076745	310	cleavage	28	29
2510076748	799	cleavage	28	29
2510076749	349	cleavage	32	33
2510076750	472	cleavage	39	40
2510076755	283	cleavage	22	23
2510076759	449	cleavage	21	22
2510076772	383	cleavage	23	24
2510076778	628	cleavage	36	37
2510076785	1101	cleavage	18	19
2510076786	447	cleavage	39	40
2510076788	435	cleavage	22	23
2510076807	544	cleavage	25	26
2510076816	161	cleavage	34	35
2510076820	506	cleavage	28	29
2510076832	91	cleavage	20	21
2510076833	237	cleavage	21	22
2510076836	617	cleavage	18	19
2510076849	442	cleavage	25	26
2510076850	110	cleavage	25	26
2510076880	683	cleavage	23	24
2510076904	242	cleavage	21	22
2510076905	186	cleavage	22	23
2510076913	331	cleavage	16	17
2510076940	187	cleavage	25	26
2510076972	634	cleavage	20	21
2510076981	177	cleavage	20	21
2510077012	76	cleavage	43	44
2510077018	107	cleavage	31	32
2510077029	748	cleavage	30	31
2510077030	922	cleavage	23	24
2510077031	295	cleavage	34	35
2510077040	365	cleavage	22	23
2510077042	419	cleavage	22	23
2510077060	413	cleavage	35	36
2510077063	578	cleavage	32	33
2510077065	330	cleavage	29	30
2510077067	218	cleavage	22	23
2510077071	363	cleavage	16	17
2510077077	584	cleavage	25	26
2510077080	130	cleavage	45	46
2510077088	161	cleavage	32	33
2510077090	183	cleavage	27	28
2510077104	101	cleavage	25	26
2510077106	146	cleavage	22	23
2510077109	233	cleavage	26	27
2510077120	168	cleavage	19	20
2510077132	368	cleavage	27	28
2510077133	344	cleavage	28	29
2510077137	197	cleavage	34	35
2510077138	731	cleavage	30	31
2510077140	428	cleavage	31	32
2510077142	191	cleavage	39	40
2510077148	51	cleavage	24	25
2510077150	427	cleavage	21	22
2510077165	177	cleavage	16	17
2510077170	145	cleavage	16	17
2510077172	41	cleavage	31	32
2510077176	108	cleavage	15	16
2510077188	147	cleavage	18	19
2510077196	140	cleavage	46	47
2510077207	155	cleavage	21	22
2510077210	701	cleavage	25	26
2510077214	111	cleavage	21	22
2510077215	530	cleavage	30	31
2510077216	408	cleavage	32	33
2510077219	122	cleavage	25	26
2510077227	103	cleavage	30	31
2510077229	192	cleavage	29	30
2510077233	282	cleavage	25	26
2510077235	376	cleavage	28	29
2510077237	528	cleavage	27	28
2510077238	185	cleavage	28	29
2510077239	135	cleavage	24	25
2510077240	260	cleavage	25	26
2510077258	84	cleavage	41	42
2510077265	113	cleavage	24	25
2510077266	148	cleavage	41	42
2510077267	161	cleavage	31	32
2510077274	268	cleavage	33	34
2510077279	411	cleavage	24	25
2510077281	144	cleavage	25	26
2510077282	277	cleavage	24	25
2510077290	298	cleavage	27	28
2510077295	370	cleavage	25	26
2510077297	305	cleavage	32	33
2510077298	277	cleavage	40	41
2510077305	71	cleavage	22	23
2510077311	464	cleavage	21	22
2510077313	82	cleavage	40	41
2510077314	113	cleavage	27	28
2510077318	47	cleavage	29	30
2510077321	222	cleavage	29	30
2510077323	185	cleavage	28	29
2510077324	325	cleavage	21	22
2510077333	551	cleavage	34	35
2510077337	51	cleavage	22	23
2510077343	249	cleavage	19	20
2510077353	333	cleavage	45	46
2510077358	240	cleavage	26	27
2510077359	81	cleavage	21	22
2510077361	245	cleavage	45	46
2510077362	170	cleavage	27	28
2510077365	422	cleavage	20	21
2510077373	148	cleavage	19	20
2510077376	148	cleavage	19	20
2510077377	447	cleavage	24	25
2510077379	197	cleavage	23	24
2510077380	328	cleavage	24	25
2510077386	80	cleavage	21	22
2510077387	252	cleavage	22	23
2510077388	620	cleavage	21	22
2510077389	336	cleavage	20	21
2510077391	428	cleavage	18	19
2510077392	169	cleavage	18	19
2510077393	765	cleavage	33	34
2510077401	60	cleavage	42	43
2510077404	403	cleavage	55	56
2510077405	71	cleavage	37	38
2510077407	40	cleavage	22	23
2510077409	406	cleavage	34	35
2510077410	67	cleavage	23	24
2510077419	163	cleavage	38	39
2510077421	205	cleavage	24	25
2510077422	103	cleavage	35	36
2510077424	334	cleavage	23	24
2510077435	71	cleavage	19	20
2510077443	415	cleavage	21	22
2510077451	255	cleavage	15	16
2510077454	233	cleavage	26	27
2510077455	363	cleavage	47	48
2510077467	421	cleavage	29	30
2510077474	195	cleavage	18	19
2510077475	79	cleavage	44	45
2510077491	1008	cleavage	25	26
2510077493	859	cleavage	25	26
2510077494	533	cleavage	20	21
2510077495	552	cleavage	32	33
2510077501	54	cleavage	21	22
2510077514	505	cleavage	21	22
2510077525	44	cleavage	27	28
2510077528	354	cleavage	23	24
2510077530	65	cleavage	33	34
2510077536	411	cleavage	26	27
2510077538	222	cleavage	29	30
2510077549	348	cleavage	27	28
2510077552	115	cleavage	23	24
2510077558	352	cleavage	24	25
2510077568	153	cleavage	19	20
2510077569	112	cleavage	22	23
2510077570	110	cleavage	35	36
2510077574	104	cleavage	25	26
2510077576	104	cleavage	25	26
2510077578	264	cleavage	19	20
2510077587	253	cleavage	28	29
2510077590	232	cleavage	35	36
2510077591	300	cleavage	29	30
2510077598	204	cleavage	23	24
2510077613	244	cleavage	57	58
2510077621	254	cleavage	49	50
2510077627	646	cleavage	26	27
2510077634	395	cleavage	39	40
2510077642	357	cleavage	20	21
2510077643	247	cleavage	77	78
2510077649	181	cleavage	43	44
2510077655	201	cleavage	84	85
2510077663	187	cleavage	27	28
2510077667	591	cleavage	23	24
2510077668	319	cleavage	20	21
2510077669	301	cleavage	26	27
2510077670	343	cleavage	40	41
2510077672	417	cleavage	26	27
2510077675	140	cleavage	21	22
2510077682	195	cleavage	23	24
2510077684	98	cleavage	23	24
2510077688	187	cleavage	31	32
2510077701	160	cleavage	26	27
2510077705	269	cleavage	31	32
2510077706	291	cleavage	34	35
2510077707	449	cleavage	32	33
2510077714	249	cleavage	19	20
2510077720	286	cleavage	33	34
2510077722	277	cleavage	26	27
2510077723	307	cleavage	28	29
2510077725	200	cleavage	35	36
2510077731	174	cleavage	22	23
2510077734	239	cleavage	17	18
2510077736	140	cleavage	25	26
2510077745	69	cleavage	30	31
2510077747	224	cleavage	25	26
2510077748	216	cleavage	30	31
2510077749	290	cleavage	25	26
2510077758	377	cleavage	23	24
2510077762	169	cleavage	25	26
2510077775	175	cleavage	16	17
2510077781	41	cleavage	20	21
2510077790	363	cleavage	23	24
2510077793	61	cleavage	25	26
2510077807	141	cleavage	25	26
2510077812	277	cleavage	25	26
2510077813	143	cleavage	22	23
2510077815	192	cleavage	23	24
2510077816	188	cleavage	26	27
2510077823	147	cleavage	24	25
2510077827	339	cleavage	29	30
2510077835	149	cleavage	40	41
2510077839	91	cleavage	36	37
2510077840	104	cleavage	20	21
2510077841	76	cleavage	19	20
2510077842	81	cleavage	23	24
2510077843	140	cleavage	23	24
2510077845	507	cleavage	23	24
2510077847	381	cleavage	24	25
2510077852	264	cleavage	54	55
2510077853	307	cleavage	21	22
2510077856	217	cleavage	74	75
2510077869	123	cleavage	24	25
2510077875	78	cleavage	18	19
2510077886	39	cleavage	29	30
2510077887	55	cleavage	35	36
2510077892	413	cleavage	43	44
2510077897	409	cleavage	17	18
2510077898	266	cleavage	44	45
2510077900	161	cleavage	35	36
2510077903	392	cleavage	16	17
2510077904	81	cleavage	28	29
2510077905	194	cleavage	17	18
2510077914	95	cleavage	18	19
2510077915	380	cleavage	18	19
2510077924	257	cleavage	26	27
2510077941	56	cleavage	38	39
2510077944	85	cleavage	27	28
2510077946	55	cleavage	29	30
2510077947	84	cleavage	33	34
2510077952	152	cleavage	31	32
2510077959	146	cleavage	22	23
2510077960	151	cleavage	22	23
2510077963	434	cleavage	47	48
2510077964	475	cleavage	22	23
2510077975	298	cleavage	27	28
2510077977	340	cleavage	37	38
2510077979	105	cleavage	20	21
2510077981	365	cleavage	38	39
2510077983	118	cleavage	26	27
2510077985	799	cleavage	24	25
2510077988	417	cleavage	78	79
2510077989	304	cleavage	27	28
2510077996	263	cleavage	21	22
2510078002	121	cleavage	27	28
2510078003	465	cleavage	23	24
2510078008	285	cleavage	16	17
2510078009	57	cleavage	27	28
2510078016	278	cleavage	15	16
2510078040	421	cleavage	23	24
2510078042	43	cleavage	19	20
2510078044	270	cleavage	23	24
2510078058	341	cleavage	24	25
2510078061	435	cleavage	27	28
2510078079	332	cleavage	45	46
2510078080	675	cleavage	21	22
2510078086	186	cleavage	26	27
2510078089	170	cleavage	25	26
2510078090	287	cleavage	38	39
2510078105	281	cleavage	27	28
2510078110	37	cleavage	20	21
2510078120	729	cleavage	22	23
2510078122	307	cleavage	36	37
2510078129	235	cleavage	29	30
2510078132	549	cleavage	37	38
2510078135	129	cleavage	31	32
2510078149	324	cleavage	37	38
2510078160	185	cleavage	22	23
2510078188	361	cleavage	20	21
2510078197	474	cleavage	27	28
2510078198	420	cleavage	39	40
2510078202	200	cleavage	85	86
2510078206	256	cleavage	18	19
2510078208	89	cleavage	78	79
2510078209	110	cleavage	17	18
2510078210	80	cleavage	16	17
2510078211	240	cleavage	18	19
2510078212	125	cleavage	24	25
2510078213	161	cleavage	21	22
2510078214	513	cleavage	33	34
2510078218	372	cleavage	22	23
2510078221	316	cleavage	22	23
2510078222	389	cleavage	52	53
2510078225	287	cleavage	36	37
2510078229	221	cleavage	58	59
2510078230	330	cleavage	36	37
2510078231	364	cleavage	26	27
2510078232	490	cleavage	38	39
2510078233	148	cleavage	25	26
2510078235	1422	cleavage	28	29
2510078239	441	cleavage	18	19
2510078243	435	cleavage	26	27
2510078244	284	cleavage	31	32
2510078245	277	cleavage	36	37
2510078254	352	cleavage	24	25
2510078255	465	cleavage	25	26
2510078256	614	cleavage	41	42
2510078261	655	cleavage	24	25
2510078265	256	cleavage	41	42
2510078275	50	cleavage	33	34
2510078277	336	cleavage	23	24
2510078279	1719	cleavage	20	21
2510078299	232	cleavage	17	18
2510078301	579	cleavage	35	36
2510078302	172	cleavage	22	23
2510078308	118	cleavage	27	28
2510078312	142	cleavage	29	30
2510078314	149	cleavage	28	29
2510078331	147	cleavage	18	19
2510078341	334	cleavage	22	23
2510078342	292	cleavage	28	29
2510078350	487	cleavage	16	17
2510078354	288	cleavage	22	23
2510078357	395	cleavage	26	27
2510078365	103	cleavage	35	36
2510078366	529	cleavage	34	35
2510078367	34	cleavage	30	31
2510078379	120	cleavage	21	22
2510078381	299	cleavage	29	30
2510078389	234	cleavage	29	30
2510078393	284	cleavage	13	14
2510078400	221	cleavage	35	36
2510078401	329	cleavage	34	35
2510078405	478	cleavage	27	28
2510078422	43	cleavage	23	24
2510078423	37	cleavage	24	25
2510078424	494	cleavage	24	25
2510078456	224	cleavage	23	24
2510078457	568	cleavage	25	26
2510078461	166	cleavage	15	16
2510078465	166	cleavage	15	16
2510078479	312	cleavage	17	18
2510078485	256	cleavage	24	25
2510078487	503	cleavage	23	24
2510078493	129	cleavage	16	17
2510078501	513	cleavage	22	23
2510078507	494	cleavage	31	32
2510078516	417	cleavage	33	34
2510078519	168	cleavage	31	32
2510078520	376	cleavage	45	46
2510078534	310	cleavage	33	34
2510078540	353	cleavage	18	19
2510078544	358	cleavage	25	26
2510078546	147	cleavage	11	12
2510078553	259	cleavage	16	17
2510078593	1049	cleavage	18	19
2510078606	344	cleavage	64	65
2510078614	122	cleavage	38	39
2510078619	267	cleavage	36	37
2510078620	304	cleavage	20	21
2510078621	356	cleavage	37	38
2510078622	168	cleavage	34	35
2510078623	185	cleavage	26	27
2510078624	205	cleavage	24	25
2510078629	420	cleavage	20	21
2510078649	286	cleavage	34	35
2510078653	56	cleavage	32	33
2510078668	279	cleavage	31	32
2510078684	153	cleavage	27	28
2510078687	60	cleavage	36	37
2510078695	355	cleavage	32	33
2510078697	543	cleavage	29	30
2510078702	338	cleavage	35	36
2510078704	281	cleavage	35	36
2510078705	293	cleavage	18	19
2510078706	425	cleavage	24	25
2510078708	105	cleavage	22	23
2510078716	57	cleavage	23	24
2510078739	517	cleavage	19	20
2510078740	262	cleavage	47	48
2510078751	251	cleavage	37	38
2510078754	52	cleavage	24	25
2510078756	286	cleavage	40	41
2510078761	108	cleavage	34	35
2510078762	116	cleavage	28	29
2510078764	479	cleavage	22	23
2510078782	76	cleavage	22	23
2510078784	285	cleavage	23	24
2510078785	299	cleavage	24	25
2510078786	100	cleavage	17	18
2510078806	417	cleavage	25	26
2510078831	149	cleavage	20	21
2510078851	433	cleavage	31	32
2510078855	505	cleavage	22	23
2510078857	210	cleavage	24	25
2510078859	273	cleavage	35	36
2510078861	515	cleavage	29	30
2510078879	254	cleavage	25	26
2510078882	449	cleavage	36	37
2510078887	572	cleavage	33	34
2510078889	291	cleavage	14	15
2510078894	371	cleavage	19	20
2510078895	59	cleavage	39	40
2510078902	536	cleavage	28	29
2510078908	164	cleavage	24	25
2510078910	579	cleavage	37	38
2510078911	581	cleavage	40	41
2510078917	395	cleavage	16	17
2510078919	233	cleavage	26	27
2510078922	277	cleavage	23	24
2510078939	451	cleavage	22	23
2510078940	265	cleavage	22	23
2510078942	80	cleavage	24	25
2510078948	62	cleavage	13	14
2510078953	45	cleavage	33	34
2510078972	176	cleavage	24	25
2510078973	71	cleavage	42	43
2510078974	102	cleavage	21	22
2510078980	56	cleavage	38	39
2510078984	747	cleavage	26	27
2510078987	201	cleavage	31	32
2510078988	144	cleavage	34	35
2510078989	155	cleavage	33	34
2510078990	505	cleavage	35	36
2510078991	883	cleavage	25	26
2510078992	367	cleavage	38	39
2510079024	557	cleavage	41	42
2510079030	438	cleavage	20	21
2510079031	45	cleavage	10	11
2510079039	350	cleavage	23	24
2510079040	187	cleavage	21	22
2510079049	359	cleavage	27	28
2510079055	272	cleavage	19	20
2510079056	103	cleavage	29	30
2510079059	330	cleavage	22	23
2510079060	339	cleavage	40	41
2510079061	478	cleavage	26	27
2510079072	286	cleavage	17	18
2510079074	57	cleavage	32	33
2510079077	560	cleavage	28	29
2510079091	442	cleavage	30	31
2510079109	175	cleavage	23	24
2510079125	107	cleavage	38	39
2510079129	145	cleavage	49	50
2510079145	77	cleavage	30	31
2510079164	87	cleavage	22	23
2510079165	400	cleavage	27	28
2510079166	111	cleavage	26	27
2510079169	427	cleavage	56	57
2510079175	221	cleavage	46	47
2510079176	82	cleavage	22	23
2510079177	204	cleavage	18	19
2510079179	425	cleavage	25	26
2510079180	207	cleavage	26	27
2510079182	370	cleavage	26	27
2510079186	166	cleavage	24	25
2510079188	121	cleavage	92	93
2510079189	88	cleavage	62	63
2510079190	99	cleavage	21	22
2510079191	148	cleavage	31	32
2510079192	120	cleavage	19	20
2510079193	527	cleavage	16	17
2510079194	115	cleavage	30	31
2510079198	329	cleavage	19	20
2510079200	166	cleavage	39	40
2510079201	91	cleavage	28	29
2510079202	118	cleavage	20	21
2510079203	87	cleavage	24	25
2510079204	91	cleavage	28	29
2510079206	121	cleavage	19	20
2510079207	517	cleavage	29	30
2510079208	113	cleavage	22	23
2510079209	148	cleavage	23	24
2510079212	322	cleavage	32	33
2510079213	152	cleavage	26	27
2510079219	343	cleavage	19	20
2510079222	299	cleavage	16	17
2510079237	82	cleavage	23	24
2510079245	325	cleavage	27	28
2510079259	157	cleavage	28	29
2510079261	345	cleavage	29	30
