NC_000868	638200617	1157267	1157452
NC_000868	638200616	1156834	1157270
NC_000868	638200611	1153907	1154401
NC_000868	638200610	1153450	1153662
NC_000868	638200613	1155312	1156700
NC_000868	638200612	1154398	1155204
NC_000868	638199328	34693	35703
NC_000868	638200619	1158210	1160075
NC_000868	638200618	1157779	1158021
NC_000868	638200585	1135176	1135577
NC_000868	638200584	1134972	1135175
NC_000868	638200587	1136222	1136538
NC_000868	638200586	1135634	1136191
NC_000868	638200581	1132468	1133526
NC_000868	638200580	1130855	1132390
NC_000868	638200583	1134561	1134704
NC_000868	638200582	1133538	1134539
NC_000868	638200589	1136825	1137334
NC_000868	638200588	1136659	1136865
NC_000868	638200273	871852	872868
NC_000868	638200272	870909	871850
NC_000868	638200271	869897	870916
NC_000868	638200270	868719	869900
NC_000868	638200905	1414411	1415517
NC_000868	638200904	1413300	1414436
NC_000868	638200275	873952	875406
NC_000868	638200906	1415669	1416940
NC_000868	638200909	1420283	1422793
NC_000868	638200908	1419430	1420176
NC_000868	638200279	878107	878514
NC_000868	638200278	877700	878044
NC_000868	638200729	1259560	1259997
NC_000868	638200728	1258236	1259567
NC_000868	638200059	666905	667834
NC_000868	638200058	665045	666901
NC_000868	638200053	661842	662237
NC_000868	638200052	661591	661845
NC_000868	638200051	661088	661594
NC_000868	638200050	657759	660887
NC_000868	638200057	663567	665048
NC_000868	638200056	663226	663570
NC_000868	638200055	662522	663229
NC_000868	638200054	662234	662518
NC_000868	638200299	893401	893877
NC_000868	638200298	892903	893325
NC_000868	638200291	890365	890667
NC_000868	638200290	889859	890365
NC_000868	638200293	891107	892003
NC_000868	638200292	890706	891053
NC_000868	638200297	892525	892800
NC_000868	638200296	891981	892531
NC_000868	638199548	248183	249253
NC_000868	638199549	249261	250007
NC_000868	638199546	246653	247180
NC_000868	638199547	247173	247874
NC_000868	638199544	245181	245894
NC_000868	638199545	245992	246606
NC_000868	638199542	243464	244600
NC_000868	638199543	244653	245156
NC_000868	638199540	242237	242938
NC_000868	638199541	242931	243467
NC_000868	638199388	79870	80721
NC_000868	638199389	80718	81203
NC_000868	638199384	76152	76886
NC_000868	638199385	76879	77088
NC_000868	638199386	77147	78802
NC_000868	638199387	78961	79806
NC_000868	638199380	72402	72929
NC_000868	638199381	73038	73880
NC_000868	638199382	73904	74989
NC_000868	638199383	74986	76053
NC_000868	638199323	32473	32718
NC_000868	638201090	1587718	1588278
NC_000868	638201091	1588279	1588794
NC_000868	638201092	1588787	1591009
NC_000868	638201093	1591015	1592013
NC_000868	638201094	1592035	1592610
NC_000868	638201095	1592727	1593767
NC_000868	638201096	1593761	1594384
NC_000868	638201097	1594424	1594963
NC_000868	638201098	1594910	1596118
NC_000868	638201099	1596162	1597040
	638200901		
	638200900		
NC_000868	638199766	427148	428161
NC_000868	638199591	289389	290084
NC_000868	638199764	425321	426067
NC_000868	638200902	1411325	1412711
NC_000868	638199762	423514	424335
NC_000868	638199763	424332	425324
NC_000868	638199760	422267	423307
NC_000868	638199761	423314	423481
NC_000868	638200277	876416	877249
NC_000868	638199768	428528	429190
NC_000868	638200276	875463	876419
NC_000868	638200907	1417158	1419428
NC_000868	638200274	872854	873753
NC_000868	638199590	289047	289217
NC_000868	638199618	316931	317422
NC_000868	638199619	317419	318021
NC_000868	638199612	312696	314027
NC_000868	638199613	314005	314928
NC_000868	638199610	311554	311889
NC_000868	638199611	311971	312699
NC_000868	638199616	315984	316589
NC_000868	638199617	316621	316905
NC_000868	638199614	314984	315643
NC_000868	638199615	315624	315893
NC_000868	638199942	572348	573448
NC_000868	638199943	573445	573945
NC_000868	638199940	571464	571640
NC_000868	638199941	571651	572283
NC_000868	638199946	575621	576418
NC_000868	638199947	576393	577142
NC_000868	638199944	574104	574886
NC_000868	638199945	574914	575624
NC_000868	638199948	577135	577959
NC_000868	638200721	1251634	1251822
NC_000868	638200720	1251002	1251517
NC_000868	638200723	1253132	1253905
NC_000868	638200722	1251842	1253083
NC_000868	638200725	1254321	1255694
NC_000868	638200724	1253889	1254221
NC_000868	638200727	1257638	1258246
NC_000868	638200726	1255695	1257641
NC_000868	638200351	941814	942257
NC_000868	638200352	942244	943233
NC_000868	638200353	943214	943756
NC_000868	638200354	943792	944913
NC_000868	638200355	945030	946016
NC_000868	638200462	1036380	1036790
NC_000868	638200463	1036787	1037722
NC_000868	638200460	1034725	1035942
NC_000868	638200461	1035934	1036317
NC_000868	638200466	1040024	1040227
NC_000868	638199315	25073	26092
NC_000868	638200464	1037747	1039018
NC_000868	638200465	1039015	1039971
NC_000868	638200468	1040866	1041249
NC_000868	638200357	946949	949117
NC_000868	638200868	1380814	1381287
NC_000868	638200869	1381362	1381835
NC_000868	638200866	1378277	1379437
NC_000868	638200867	1379434	1380762
NC_000868	638200864	1376537	1377424
NC_000868	638200865	1377466	1378218
NC_000868	638200863	1376101	1376535
NC_000868	638200860	1374491	1374775
NC_000868	638200861	1374762	1375970
NC_000868	638199589	288181	288933
NC_000868	638200606	1149241	1149882
NC_000868	638200607	1149899	1150600
NC_000868	638200604	1147191	1148186
NC_000868	638200605	1148161	1149195
NC_000868	638200602	1143965	1146052
NC_000868	638200603	1146120	1147178
NC_000868	638200600	1142692	1142994
NC_000868	638200601	1142888	1143897
NC_000868	638200608	1150782	1153079
NC_000868	638200609	1153130	1153462
NC_000868	638200593	1138392	1139736
NC_000868	638200590	1137331	1138182
NC_000868	638201148	1648968	1650311
NC_000868	638200598	1139777	1141251
NC_000868	638200599	1141248	1142687
NC_000868	638201149	1650347	1650778
NC_000868	638200264	864483	865301
NC_000868	638200265	865268	865858
NC_000868	638200266	865960	866367
NC_000868	638200911	1424332	1426632
NC_000868	638200916	1428712	1430211
NC_000868	638200917	1430222	1430707
NC_000868	638200262	862625	863818
NC_000868	638200263	863858	864460
NC_000868	638200918	1430704	1431075
NC_000868	638200919	1431072	1431791
NC_000868	638200268	866611	867276
NC_000868	638200269	867301	868653
NC_000868	638200738	1266858	1267646
NC_000868	638200739	1267636	1268778
NC_000868	638200048	656582	657499
NC_000868	638200049	657488	657754
NC_000868	638200044	653723	655039
NC_000868	638200733	1261445	1262854
NC_000868	638200730	1260338	1260619
NC_000868	638200047	655089	656537
NC_000868	638200040	648595	649428
NC_000868	638200737	1265610	1266737
NC_000868	638200734	1263109	1263843
NC_000868	638200043	651825	653726
NC_000868	638200288	888167	888976
NC_000868	638200289	888995	889741
NC_000868	638200282	880422	881777
NC_000868	638200283	881860	882756
NC_000868	638200280	878767	879384
NC_000868	638200281	879385	880425
NC_000868	638200286	884141	887344
NC_000868	638200287	887373	888149
NC_000868	638200284	882782	883366
NC_000868	638200285	883363	883890
NC_000868	638200130	731741	733924
NC_000868	638199572	270691	271983
NC_000868	638200132	734848	735819
NC_000868	638200133	735943	737091
NC_000868	638200134	737096	738586
NC_000868	638200135	738669	740282
NC_000868	638199575	274218	275702
NC_000868	638199574	273439	274191
NC_000868	638200138	741058	741336
NC_000868	638200139	741340	741606
NC_000868	638199579	279222	279569
NC_000868	638199578	278002	279225
NC_000868	638199371	65550	66572
NC_000868	638199370	65354	65566
NC_000868	638199373	67391	67849
NC_000868	638199372	66628	67323
NC_000868	638199375	69253	70140
NC_000868	638199374	67916	69229
NC_000868	638199377	70763	71362
NC_000868	638199376	70141	70764
NC_000868	638199379	71917	72405
NC_000868	638199378	71424	71999
NC_000868	638199285	1005	1190
NC_000868	638199284	542	1000
NC_000868	638199287	2430	2843
NC_000868	638199286	1243	2361
NC_000868	638199283	36	530
NC_000868	638199289	3202	4020
NC_000868	638199288	2873	3163
NC_000868	638199759	421788	422279
NC_000868	638199758	420649	421791
NC_000868	638199753	416146	416739
NC_000868	638199750	415328	415825
NC_000868	638199757	419567	420652
NC_000868	638199756	418401	419309
NC_000868	638199755	417575	418438
NC_000868	638199754	416869	417528
NC_000868	638201151	1653202	1653657
NC_000868	638199598	295894	296514
NC_000868	638201153	1656433	1656711
NC_000868	638201152	1653654	1656398
NC_000868	638201155	1657336	1657848
NC_000868	638201154	1656821	1657339
NC_000868	638201157	1659300	1660595
NC_000868	638201156	1657938	1659134
NC_000868	638201159	1661270	1663510
NC_000868	638201158	1660682	1661227
NC_000868	638199593	290905	291258
NC_000868	638199592	290093	290911
NC_000868	638199595	292397	292975
NC_000868	638199594	291260	292387
NC_000868	638199597	294939	295928
NC_000868	638199596	293018	294619
NC_000868	638200552	1107550	1109385
NC_000868	638200129	730748	731737
NC_000868	638200553	1109408	1110541
NC_000868	638200128	729586	730755
NC_000868	638200882	1392734	1393240
NC_000868	638200127	727841	729424
NC_000868	638200551	1106335	1107471
NC_000868	638200126	727735	727839
NC_000868	638200884	1396615	1397037
NC_000868	638200125	726954	727703
NC_000868	638200762	1284834	1286198
NC_000868	638200124	726022	726957
NC_000868	638200886	1397623	1398039
NC_000868	638200123	725332	726021
NC_000868	638200555	1111877	1112752
NC_000868	638200122	725005	725328
NC_000868	638200121	724385	724795
NC_000868	638199629	325404	325871
NC_000868	638199628	324949	325392
NC_000868	638199627	323494	324900
NC_000868	638199626	322839	323432
NC_000868	638199625	322319	322846
NC_000868	638199624	321183	322322
NC_000868	638199623	320920	321186
NC_000868	638199622	320417	320923
NC_000868	638199621	318975	320420
NC_000868	638199620	318345	318923
NC_000868	638199977	600309	601355
NC_000868	638199976	599038	600201
NC_000868	638199975	598013	599041
NC_000868	638199974	597501	598013
NC_000868	638199973	596236	597498
NC_000868	638199972	595509	596243
NC_000868	638199971	595174	595521
NC_000868	638199970	594956	595177
NC_000868	638199978	601396	601746
NC_000868	638200457	1029930	1031342
NC_000868	638200455	1029006	1029803
NC_000868	638200454	1027603	1028916
NC_000868	638200453	1027174	1027665
NC_000868	638200452	1026016	1027131
NC_000868	638200451	1024917	1025993
NC_000868	638200450	1024064	1024942
NC_000868	638200459	1032837	1034678
NC_000868	638200458	1031339	1032769
NC_000868	638200853	1367551	1368957
NC_000868	638200852	1367070	1367549
NC_000868	638200851	1365753	1367093
NC_000868	638200850	1364244	1365680
NC_000868	638200857	1372578	1373870
NC_000868	638200856	1371911	1372519
NC_000868	638200855	1370528	1371874
NC_000868	638200854	1368954	1370303
NC_000868	638200859	1374093	1374494
NC_000868	638200858	1373884	1374090
NC_000868	638200120	724170	724397
NC_000868	638200927	1436056	1436955
NC_000868	638200926	1434286	1436052
NC_000868	638200925	1433728	1434285
NC_000868	638200924	1432916	1433731
NC_000868	638200923	1432654	1432938
NC_000868	638200922	1432380	1432664
NC_000868	638200921	1432039	1432383
NC_000868	638200920	1431792	1432046
NC_000868	638200929	1438892	1440352
NC_000868	638200928	1436952	1438895
NC_000868	638200709	1240167	1240997
NC_000868	638200708	1239883	1240170
NC_000868	638200707	1237814	1239886
NC_000868	638200706	1235803	1237830
NC_000868	638200705	1235599	1235796
NC_000868	638200704	1235378	1235572
NC_000868	638200703	1234734	1235270
NC_000868	638200702	1232231	1234684
NC_000868	638200701	1231217	1232212
NC_000868	638200700	1230508	1231224
NC_000868	638200639	1173486	1175132
NC_000868	638200638	1172291	1173463
NC_000868	638200633	1168730	1169557
NC_000868	638200632	1167427	1168701
NC_000868	638200631	1166626	1167414
NC_000868	638200630	1165952	1166602
NC_000868	638200637	1172038	1172289
NC_000868	638200636	1171294	1171989
NC_000868	638200635	1170705	1171316
NC_000868	638200634	1169554	1170708
NC_000868	638199564	263510	264352
NC_000868	638199565	264364	265224
NC_000868	638199566	265228	265971
NC_000868	638199567	266099	266656
NC_000868	638200141	743494	744192
NC_000868	638199561	259829	261295
NC_000868	638199562	261297	262811
NC_000868	638199563	263013	263513
NC_000868	638199568	267009	267812
NC_000868	638199569	267841	268938
NC_000868	638199362	61273	61506
NC_000868	638199363	61503	62105
NC_000868	638199360	59337	59813
NC_000868	638199361	59832	61277
NC_000868	638199366	62880	63284
NC_000868	638199367	63402	64163
NC_000868	638199364	62102	62548
NC_000868	638199365	62630	62866
NC_000868	638199368	64186	64935
NC_000868	638199369	64929	65144
NC_000868	638201132	1630465	1633140
NC_000868	638201134	1634044	1635900
NC_000868	638199296	5706	6341
NC_000868	638199297	6328	6945
NC_000868	638199292	5116	5400
NC_000868	638199293	5408	5655
NC_000868	638199290	4100	4801
NC_000868	638199298	6923	7762
NC_000868	638199299	7766	8566
NC_000868	638199749	415118	415399
NC_000868	638199744	412831	413073
NC_000868	638199745	413070	413381
NC_000868	638199746	413425	414039
NC_000868	638199747	414036	414797
NC_000868	638199740	409169	409825
NC_000868	638199741	410273	410698
NC_000868	638199742	410992	411516
NC_000868	638199743	411525	412748
NC_000868	638201142	1643770	1644411
NC_000868	638201143	1644498	1644812
NC_000868	638201140	1642886	1643479
NC_000868	638201141	1643463	1643738
NC_000868	638201146	1647565	1648476
NC_000868	638201147	1648476	1648967
NC_000868	638201144	1644893	1646347
NC_000868	638201145	1646344	1647486
NC_000868	638199582	280080	280754
NC_000868	638199583	280732	280965
NC_000868	638199580	279630	279881
NC_000868	638199581	279888	280037
NC_000868	638199586	284101	284865
NC_000868	638199587	284862	287120
NC_000868	638199584	281046	283244
NC_000868	638199585	283295	284098
NC_000868	638199630	325882	326592
NC_000868	638199631	326589	327200
NC_000868	638199632	327215	327670
NC_000868	638199633	327680	328072
NC_000868	638199634	328083	328637
NC_000868	638199635	328648	329040
NC_000868	638199636	329050	329220
NC_000868	638199637	329224	329790
NC_000868	638199638	329801	330532
NC_000868	638199639	330532	330897
NC_000868	638200348	938071	940689
NC_000868	638199968	593430	594437
NC_000868	638199969	594571	594954
NC_000868	638199960	587936	588583
NC_000868	638199961	588612	588977
NC_000868	638199962	588984	590204
NC_000868	638199963	590259	590492
NC_000868	638199964	590489	590737
NC_000868	638199965	590743	591678
NC_000868	638199966	591688	592116
NC_000868	638199967	592176	593429
NC_000868	638200360	950650	950958
NC_000868	638200844	1361070	1361366
NC_000868	638200845	1361376	1362140
NC_000868	638200846	1362134	1362481
NC_000868	638200847	1362534	1363079
NC_000868	638200840	1357675	1358346
NC_000868	638200841	1358637	1359197
NC_000868	638200842	1359296	1359523
NC_000868	638200843	1359640	1361073
NC_000868	638200848	1363142	1363906
NC_000868	638200849	1363899	1364234
NC_000868	638200938	1447356	1449284
NC_000868	638200939	1449288	1451006
NC_000868	638200930	1440365	1440859
NC_000868	638200931	1440872	1442932
NC_000868	638200932	1443260	1443718
NC_000868	638200933	1443900	1444505
NC_000868	638200934	1444520	1445047
NC_000868	638200935	1445087	1446070
NC_000868	638200936	1446061	1446462
NC_000868	638200937	1446455	1447372
NC_000868	638200448	1022508	1023281
NC_000868	638200440	1016509	1017288
NC_000868	638200441	1017335	1018096
NC_000868	638200442	1018191	1018427
NC_000868	638200443	1018429	1020414
NC_000868	638200444	1020411	1020656
NC_000868	638200445	1020634	1021305
NC_000868	638200446	1021309	1022421
NC_000868	638200447	1021382	1021717
NC_000868	638200710	1241090	1241629
NC_000868	638200711	1241630	1243003
NC_000868	638200712	1243043	1244596
NC_000868	638200713	1244731	1245561
NC_000868	638200714	1245551	1245955
NC_000868	638200715	1245939	1246883
NC_000868	638200716	1246890	1248122
NC_000868	638200717	1248119	1248550
NC_000868	638200718	1248540	1249745
NC_000868	638200719	1249781	1250953
NC_000868	638200372	960276	960752
NC_000868	638200373	960820	961614
NC_000868	638199337	39811	40068
NC_000868	638200371	959200	959901
NC_000868	638199767	428254	428544
NC_000868	638199331	36932	37471
NC_000868	638200377	965213	965716
NC_000868	638199765	426073	427167
NC_000868	638200628	1164111	1165550
NC_000868	638200629	1165547	1165744
NC_000868	638200624	1162706	1163017
NC_000868	638200625	1162998	1163453
NC_000868	638200626	1163450	1163833
NC_000868	638200627	1163836	1164114
NC_000868	638200620	1160109	1161089
NC_000868	638200621	1161114	1161866
NC_000868	638200622	1161863	1162468
NC_000868	638200623	1162444	1162713
NC_000868	638201001	1501523	1501741
NC_000868	638200156	758749	759675
NC_000868	638200157	759685	760251
NC_000868	638200154	756119	757153
NC_000868	638200155	757734	758747
NC_000868	638200152	753910	754899
NC_000868	638200153	754886	755944
NC_000868	638200150	750321	752318
NC_000868	638200151	752315	753916
NC_000868	638200158	760217	761236
NC_000868	638200159	761631	761801
NC_000868	638199357	57350	58042
NC_000868	638199355	55809	56801
NC_000868	638199354	54695	55747
NC_000868	638199353	53402	54616
NC_000868	638199352	52713	53396
NC_000868	638199351	51590	52678
NC_000868	638199350	49918	51603
NC_000868	638199359	58958	59158
NC_000868	638199358	58020	58577
NC_000868	638199441	140688	142268
NC_000868	638201008	1507379	1509598
NC_000868	638200821	1334925	1335563
NC_000868	638201119	1613502	1613765
NC_000868	638201177	1675546	1676034
NC_000868	638201176	1674984	1675535
NC_000868	638201175	1674493	1674945
NC_000868	638201174	1673229	1674419
NC_000868	638201173	1672783	1673232
NC_000868	638201172	1671509	1672786
NC_000868	638201171	1670950	1671497
NC_000868	638201179	1677015	1677323
NC_000868	638201178	1676091	1677014
NC_000868	638200827	1342648	1343715
NC_000868	638199645	332445	333077
NC_000868	638199644	332252	332458
NC_000868	638199647	333560	333958
NC_000868	638199646	333082	333549
NC_000868	638199641	331339	331689
NC_000868	638199640	330908	331333
NC_000868	638199643	331943	332242
NC_000868	638199642	331674	332057
NC_000868	638199649	334700	334960
NC_000868	638199648	333969	334688
NC_000868	638200109	713632	714534
NC_000868	638199529	228504	228950
NC_000868	638199821	470794	471147
NC_000868	638199820	470530	470715
NC_000868	638199823	471785	472129
NC_000868	638199822	471144	471791
NC_000868	638199825	473220	473999
NC_000868	638199824	472101	473072
NC_000868	638199827	475439	476578
NC_000868	638199826	473992	475437
NC_000868	638199829	477789	478874
NC_000868	638199828	476692	477792
NC_000868	638199520	220957	222120
NC_000868	638199521	222110	223018
NC_000868	638200103	707081	707881
NC_000868	638200102	706148	707044
NC_000868	638200105	708936	709688
NC_000868	638199525	224917	225717
NC_000868	638199919	552339	553067
NC_000868	638199918	551920	552339
NC_000868	638199915	548294	549547
NC_000868	638199914	547368	548231
NC_000868	638199917	551013	551861
NC_000868	638199916	549537	550892
NC_000868	638199911	545787	546584
NC_000868	638199910	545196	545744
NC_000868	638199913	547007	547363
NC_000868	638199912	546594	546962
NC_000868	638200541	1099770	1100039
NC_000868	638200540	1097952	1099796
NC_000868	638200543	1100411	1100956
NC_000868	638200542	1100123	1100407
NC_000868	638200545	1101331	1102335
NC_000868	638200544	1101035	1101283
NC_000868	638200899	1410517	1411308
NC_000868	638200546	1102342	1102902
NC_000868	638200549	1104307	1105542
NC_000868	638200896	1408058	1408624
NC_000868	638200895	1406971	1408005
NC_000868	638200894	1406123	1406965
NC_000868	638200893	1404228	1406126
NC_000868	638200892	1403629	1404231
NC_000868	638200891	1402176	1403504
NC_000868	638200890	1401175	1402182
NC_000868	638200949	1458102	1459064
NC_000868	638200948	1457459	1457986
NC_000868	638200945	1455559	1456041
NC_000868	638200944	1454296	1455555
NC_000868	638200947	1456732	1457391
NC_000868	638200946	1456053	1456721
NC_000868	638200941	1452625	1453323
NC_000868	638200940	1451010	1452623
NC_000868	638200943	1453810	1454277
NC_000868	638200942	1453337	1453831
NC_000868	638200439	1015152	1016507
NC_000868	638200438	1014599	1015183
NC_000868	638200435	1013211	1013879
NC_000868	638200434	1012181	1013128
NC_000868	638200437	1014087	1014614
NC_000868	638200436	1013876	1014127
NC_000868	638200431	1009952	1010914
NC_000868	638200430	1009545	1009811
NC_000868	638200433	1011724	1012194
NC_000868	638200432	1011401	1011739
NC_000868	638200097	700860	701537
NC_000868	638200096	698510	700627
NC_000868	638200095	697381	698379
NC_000868	638200094	696207	697370
NC_000868	638200093	695234	696223
NC_000868	638200092	694243	695223
NC_000868	638200091	693819	694214
NC_000868	638200090	692692	693723
NC_000868	638200769	1291802	1292287
NC_000868	638200768	1290450	1291817
NC_000868	638200099	702874	704829
NC_000868	638200098	701550	702869
NC_000868	638200107	711727	712527
NC_000868	638200383	969818	970591
NC_000868	638200382	968790	969821
NC_000868	638200381	967684	968784
NC_000868	638200380	966992	967687
NC_000868	638200387	971732	973183
NC_000868	638200386	971422	971730
NC_000868	638200385	971399	971755
NC_000868	638200384	970583	971425
NC_000868	638200389	973971	974690
NC_000868	638200388	973183	973944
NC_000868	638200169	770884	771474
NC_000868	638200168	770251	770850
NC_000868	638200163	763523	765937
NC_000868	638200162	762795	763517
NC_000868	638200161	762565	762840
NC_000868	638200160	761782	762252
NC_000868	638200167	769830	770258
NC_000868	638200166	769415	769843
NC_000868	638200165	767994	769418
NC_000868	638200164	765937	767997
NC_000868	638199348	49055	49396
NC_000868	638199349	49488	49856
NC_000868	638199340	41412	42401
NC_000868	638199341	42369	43601
NC_000868	638199342	43634	44563
NC_000868	638199343	44539	44826
NC_000868	638199344	44786	45445
NC_000868	638199345	45442	46041
NC_000868	638199346	46008	48575
NC_000868	638199347	48584	49051
NC_000868	638200831	1348615	1348956
NC_000868	638200522	1079808	1080062
NC_000868	638200521	1078344	1079664
	638200520		
NC_000868	638200527	1083722	1085023
NC_000868	638200526	1083295	1083738
NC_000868	638200837	1354566	1355354
NC_000868	638200836	1353323	1354609
NC_000868	638201168	1670482	1670781
NC_000868	638201169	1670784	1670939
NC_000868	638201160	1663507	1666206
NC_000868	638201161	1666190	1667344
NC_000868	638201162	1667319	1667627
NC_000868	638201163	1667722	1668567
NC_000868	638201164	1668632	1669168
NC_000868	638201165	1669205	1669771
NC_000868	638201166	1669768	1669953
NC_000868	638201167	1669953	1670492
NC_000868	638200300	893858	894538
NC_000868	638200307	898001	898204
NC_000868	638200654	1186305	1187489
NC_000868	638200305	895446	897515
NC_000868	638199418	114317	114949
NC_000868	638200304	895093	895449
NC_000868	638199419	115087	119454
NC_000868	638199656	340680	340883
NC_000868	638199657	340953	341762
NC_000868	638199654	338664	339077
NC_000868	638199655	339132	340385
NC_000868	638199652	336831	337607
NC_000868	638199653	337747	338595
NC_000868	638199650	334966	335733
NC_000868	638199651	335744	336829
NC_000868	638199658	341710	342348
NC_000868	638199659	342400	342876
NC_000868	638199410	107330	108769
NC_000868	638199411	108770	109690
NC_000868	638201113	1611188	1611352
NC_000868	638201112	1610652	1611191
NC_000868	638199832	480811	481089
NC_000868	638199833	481082	482050
NC_000868	638199830	478875	480038
NC_000868	638199831	480145	480822
NC_000868	638199836	484911	485765
NC_000868	638199837	485769	486281
NC_000868	638199834	483452	483721
NC_000868	638199835	483688	484914
NC_000868	638199838	486278	487435
NC_000868	638199839	487432	488277
NC_000868	638199908	543887	544408
NC_000868	638199909	544405	545199
NC_000868	638199906	541976	543238
NC_000868	638199907	543346	543771
NC_000868	638199904	539930	540454
NC_000868	638199905	540409	541689
NC_000868	638199902	539017	539652
NC_000868	638199903	539700	539927
NC_000868	638199900	537074	537466
NC_000868	638199901	537463	538986
NC_000868	638200361	950991	951986
NC_000868	638200880	1391117	1391854
NC_000868	638200881	1391857	1392690
NC_000868	638200550	1105769	1106221
NC_000868	638200883	1393233	1396571
NC_000868	638200556	1112745	1113641
NC_000868	638200557	1113720	1114337
NC_000868	638200554	1110597	1111880
NC_000868	638200887	1398139	1399317
NC_000868	638200888	1399275	1400351
NC_000868	638200889	1400311	1401105
NC_000868	638200558	1114340	1115440
NC_000868	638200559	1115437	1116384
NC_000868	638200958	1465674	1466327
NC_000868	638200956	1462886	1464154
NC_000868	638200957	1464166	1465584
NC_000868	638200954	1461465	1461521
NC_000868	638200955	1461547	1462359
NC_000868	638200952	1460493	1461248
NC_000868	638200953	1461291	1461464
NC_000868	638200950	1459075	1459401
NC_000868	638200951	1459543	1460505
NC_000868	638200428	1007917	1008513
NC_000868	638200429	1009145	1009561
NC_000868	638200426	1006603	1007364
NC_000868	638200427	1007361	1007912
NC_000868	638200424	1004872	1005786
NC_000868	638200425	1005773	1006606
NC_000868	638200422	1003323	1004123
NC_000868	638200423	1004120	1004875
NC_000868	638200420	1000676	1001827
NC_000868	638200421	1001824	1003311
NC_000868	638200776	1298938	1299426
NC_000868	638200777	1299428	1299658
NC_000868	638200774	1295763	1297085
NC_000868	638200775	1297028	1298905
NC_000868	638200772	1293401	1294597
NC_000868	638200773	1294602	1295672
NC_000868	638200770	1292318	1292731
NC_000868	638200771	1292755	1293267
NC_000868	638200778	1299655	1301568
NC_000868	638200779	1301877	1302311
NC_000868	638200394	978108	978515
NC_000868	638200395	978618	979307
NC_000868	638200396	979279	979947
NC_000868	638200397	979944	981533
NC_000868	638200390	974687	975655
NC_000868	638200391	975847	977322
NC_000868	638200392	977621	977848
NC_000868	638200393	977889	978473
NC_000868	638200398	981530	982711
NC_000868	638200399	982708	983445
NC_000868	638200178	782494	782946
NC_000868	638200179	782950	783438
NC_000868	638200174	779645	780010
NC_000868	638200175	780007	781590
NC_000868	638200176	781577	782170
NC_000868	638200177	782167	782463
NC_000868	638200170	771464	772561
NC_000868	638200171	772574	774646
NC_000868	638200172	774696	776780
NC_000868	638200173	776853	779591
NC_000868	638200378	965726	966115
NC_000868	638200379	966198	966911
NC_000868	638199339	40555	41427
NC_000868	638199338	40061	40492
NC_000868	638199335	38258	39007
NC_000868	638199334	37498	38261
NC_000868	638200370	958811	959203
NC_000868	638199336	39116	39814
NC_000868	638200376	964374	965165
NC_000868	638199330	36478	36816
NC_000868	638200374	961611	962555
NC_000868	638200375	962577	963902
NC_000868	638200088	691289	691684
NC_000868	638200089	691716	692708
NC_000868	638200080	682898	683401
NC_000868	638200081	683582	684619
NC_000868	638200082	684715	686079
NC_000868	638200083	686131	688653
NC_000868	638200084	688679	689053
NC_000868	638200085	689232	689933
NC_000868	638200086	690146	691000
NC_000868	638200087	690991	691335
NC_000868	638199483	184474	185589
NC_000868	638199482	180345	184433
NC_000868	638199481	179110	180348
NC_000868	638199480	178205	179113
NC_000868	638199487	188934	189401
NC_000868	638199486	187790	188863
NC_000868	638199485	186571	187773
NC_000868	638199484	185586	186623
NC_000868	638199489	190008	191207
NC_000868	638199488	189373	189945
NC_000868	638200467	1040282	1040833
NC_000868	638199469	168207	168653
NC_000868	638201020	1519959	1520633
NC_000868	638201029	1527161	1528183
NC_000868	638199460	159787	160467
NC_000868	638199797	455824	456222
NC_000868	638199796	454062	455339
NC_000868	638199795	453810	454013
NC_000868	638199794	452665	453582
NC_000868	638199793	451953	452672
NC_000868	638199792	451394	451894
NC_000868	638199791	450241	451269
NC_000868	638199790	448936	450171
NC_000868	638201114	1611439	1611857
NC_000868	638201117	1612085	1612614
NC_000868	638201111	1610309	1610614
NC_000868	638201110	1608816	1610105
NC_000868	638199799	457636	458721
NC_000868	638199798	456222	457565
NC_000868	638199669	352812	353141
NC_000868	638199668	349218	352751
NC_000868	638199663	344483	345901
NC_000868	638199662	343770	344486
NC_000868	638199661	343466	343786
NC_000868	638199660	342873	343469
NC_000868	638199667	348559	349215
NC_000868	638199666	348052	348423
NC_000868	638199665	347635	348069
NC_000868	638199664	346035	347648
NC_000868	638201021	1520593	1521036
NC_000868	638199468	167202	168152
NC_000868	638201022	1521033	1521932
NC_000868	638201025	1523604	1524065
NC_000868	638201024	1522958	1523329
NC_000868	638201027	1524789	1524998
NC_000868	638201026	1524114	1524773
NC_000868	638199461	161174	162568
NC_000868	638201028	1525549	1527099
NC_000868	638199463	163583	164263
NC_000868	638199462	163064	163603
NC_000868	638199465	165076	165270
NC_000868	638199464	164385	165107
NC_000868	638199467	166432	167205
NC_000868	638199466	165267	166448
NC_000868	638201249	1739270	1742323
NC_000868	638201248	1737876	1739273
NC_000868	638201241	1731923	1732666
NC_000868	638201240	1730731	1731945
NC_000868	638201243	1733594	1734418
NC_000868	638201242	1732671	1733579
NC_000868	638201245	1735597	1736373
NC_000868	638201244	1734405	1735622
NC_000868	638201247	1737208	1737852
NC_000868	638201246	1736380	1737159
NC_001773	638203145	2230	3423
NC_000868	638199806	462600	463313
NC_000868	638199805	462160	462603
NC_000868	638199804	461682	462110
NC_000868	638199803	461439	461669
NC_000868	638199802	460108	461439
NC_000868	638199801	459452	460069
NC_000868	638199800	458735	459439
NC_000868	638199809	464071	465786
NC_000868	638199808	463615	463959
NC_000868	638199933	564136	565383
NC_000868	638199932	562981	564129
NC_000868	638199931	561312	563006
NC_000868	638199930	560637	561302
NC_000868	638199937	567690	569066
NC_000868	638199936	566351	567697
NC_000868	638199935	565789	566373
NC_000868	638199934	565380	565799
NC_000868	638199939	570311	571375
NC_000868	638199938	569184	570353
NC_000868	638200567	1122416	1122694
NC_000868	638200566	1120990	1122369
NC_000868	638200565	1120246	1120527
NC_000868	638200564	1119815	1120261
NC_000868	638200563	1119210	1119530
NC_000868	638200562	1118992	1119213
NC_000868	638200561	1117771	1118067
NC_000868	638200560	1116385	1117731
NC_000868	638200569	1122708	1122940
NC_000868	638200962	1467808	1468290
NC_000868	638200961	1467422	1467808
NC_000868	638200960	1466692	1467417
NC_000868	638200967	1471703	1472428
NC_000868	638200966	1471356	1471694
NC_000868	638200965	1470069	1471355
NC_000868	638200964	1468781	1469944
NC_000868	638200969	1472743	1473735
NC_000868	638200968	1472412	1472759
NC_000868	638200413	993137	994369
NC_000868	638200412	991866	993140
NC_000868	638200411	991452	991859
NC_000868	638200410	989762	991354
NC_000868	638200417	997424	998482
NC_000868	638200416	996595	997479
NC_000868	638200415	995420	996604
NC_000868	638200414	994416	995423
NC_000868	638200419	999851	1000501
NC_000868	638200418	998523	999629
NC_000868	638200989	1487366	1488163
NC_000868	638200988	1486595	1487356
NC_000868	638200981	1479899	1480345
NC_000868	638200980	1479644	1479877
NC_000868	638200983	1481583	1482551
NC_000868	638200982	1480346	1481539
NC_000868	638200985	1483995	1484504
NC_000868	638200984	1482603	1483916
NC_000868	638200987	1485586	1486581
NC_000868	638200986	1484575	1485576
NC_000868	638201231	1720900	1721571
NC_000868	638200181	784764	785960
NC_000868	638200180	783496	784512
NC_000868	638200183	787103	787675
NC_000868	638200182	786056	787129
NC_000868	638200185	788246	788680
NC_000868	638200184	787744	788205
NC_000868	638200187	788966	789616
NC_000868	638200186	788683	788886
NC_000868	638200189	790201	790869
NC_000868	638200188	789611	790168
NC_000868	638200349	940686	941612
NC_000868	638199329	36041	36508
NC_000868	638199326	33335	33928
NC_000868	638199327	34087	34701
NC_000868	638200345	934478	935920
NC_000868	638199325	32928	33233
NC_000868	638199322	31500	32339
NC_000868	638200342	932838	933254
NC_000868	638200341	932173	932754
NC_000868	638199321	29635	31509
NC_000868	638200749	1274849	1275367
NC_000868	638200748	1274424	1274870
NC_000868	638200743	1270600	1271271
NC_000868	638200742	1269468	1270595
NC_000868	638200741	1269101	1269475
NC_000868	638200740	1268827	1269120
NC_000868	638200747	1273906	1274427
NC_000868	638200746	1272902	1273909
NC_000868	638200745	1272382	1272849
NC_000868	638200744	1271385	1272395
NC_000868	638199494	195926	197158
NC_000868	638199495	197447	198421
NC_000868	638199496	198409	198804
NC_000868	638199497	198801	199013
NC_000868	638199490	191268	192356
NC_000868	638199491	192368	193237
NC_000868	638199492	193237	194178
NC_000868	638199493	194183	195820
NC_000868	638199498	199129	200469
NC_000868	638199499	200458	201297
NC_000868	638201219	1708026	1709225
NC_000868	638199788	447259	447717
NC_000868	638199789	447714	448880
NC_000868	638199780	440100	441170
NC_000868	638199781	441156	441902
NC_000868	638199782	441895	443061
NC_000868	638199783	443048	443674
NC_000868	638199784	443674	444246
NC_000868	638199785	444243	445547
NC_000868	638199786	445529	446503
NC_000868	638199787	446497	447186
NC_000868	638200912	1426902	1427438
NC_000868	638201108	1607463	1608233
NC_000868	638200913	1427494	1428096
NC_000868	638201106	1605323	1606639
NC_000868	638201107	1606782	1607459
NC_000868	638201104	1603031	1604125
NC_000868	638201105	1604167	1605309
NC_000868	638201102	1599110	1600063
NC_000868	638200910	1423046	1424218
NC_000868	638201100	1596977	1598161
NC_000868	638201101	1598164	1599117
NC_000868	638200267	866372	866605
NC_000868	638200260	860950	861696
NC_000868	638200261	861817	862155
NC_000868	638200915	1428275	1428706
NC_000868	638199678	361151	361624
NC_000868	638199679	361602	362081
NC_000868	638199674	357044	357799
NC_000868	638199675	357962	359353
NC_000868	638199676	359343	360293
NC_000868	638199677	360375	361154
NC_000868	638199670	353138	353812
NC_000868	638199671	353809	354393
NC_000868	638199672	354386	355711
NC_000868	638199673	355795	357021
NC_000868	638201032	1528194	1529172
NC_000868	638199478	174754	176721
NC_000868	638199479	176822	178183
NC_000868	638201036	1531441	1532007
NC_000868	638201037	1532010	1532198
NC_000868	638201034	1529169	1529451
NC_000868	638201035	1529856	1531361
NC_000868	638199472	170537	171292
NC_000868	638199473	171437	172126
NC_000868	638201038	1532208	1532768
NC_000868	638201039	1532765	1533535
NC_000868	638199476	173818	174381
NC_000868	638199477	174371	174718
NC_000868	638199474	172104	173222
NC_000868	638199475	173253	173831
NC_000868	638201258	1749468	1750394
NC_000868	638201259	1750473	1751447
NC_000868	638201252	1743753	1744352
NC_000868	638201253	1744384	1744860
NC_000868	638201250	1742330	1742641
NC_000868	638201251	1742638	1743750
NC_000868	638201256	1747260	1747943
NC_000868	638201257	1747948	1749471
NC_000868	638201254	1744865	1746844
NC_000868	638201255	1746846	1747172
NC_000868	638200731	1260603	1261004
NC_000868	638200736	1265004	1265609
NC_000868	638200041	649430	649876
NC_000868	638200042	649873	651822
NC_000868	638200735	1263879	1264964
NC_000868	638200325	918026	918949
NC_000868	638199305	14576	16228
NC_000868	638200327	919766	920179
NC_000868	638199924	555963	556943
NC_000868	638199925	556903	557934
NC_000868	638199926	557922	558395
NC_000868	638199927	558383	559390
NC_000868	638199920	553051	553572
NC_000868	638199921	553605	554390
NC_000868	638199922	554442	555059
NC_000868	638199923	555046	555909
NC_000868	638200321	914366	915232
NC_000868	638199928	559511	559858
NC_000868	638199929	559864	560664
NC_000868	638200320	913365	914369
NC_000868	638200323	915951	917198
NC_000868	638200322	915232	915957
NC_000868	638200329	921973	922269
NC_000868	638200328	920179	921972
NC_000868	638199818	469614	470321
NC_000868	638199819	470343	470528
NC_000868	638199810	465761	466114
NC_000868	638199811	466093	466206
NC_000868	638199812	466232	467341
NC_000868	638199815	467563	468278
NC_000868	638199816	468275	468772
NC_000868	638199817	468763	469578
NC_000868	638200974	1476208	1476831
NC_000868	638200975	1476797	1477132
NC_000868	638200976	1477212	1478285
NC_000868	638200977	1478437	1478592
NC_000868	638200970	1473683	1474054
NC_000868	638200971	1474066	1474419
NC_000868	638200972	1474469	1475383
NC_000868	638200973	1475428	1476156
NC_000868	638200978	1478603	1478887
NC_000868	638200979	1478947	1479630
NC_000868	638200405	985388	986131
NC_000868	638200406	985727	985885
NC_000868	638200407	986109	987269
NC_000868	638200400	983447	984397
NC_000868	638200401	984398	984775
NC_000868	638200402	984974	985384
NC_000868	638200408	987238	987873
NC_000868	638200409	987907	989652
NC_000868	638200998	1496955	1497947
NC_000868	638200999	1497988	1499889
NC_000868	638200992	1489842	1490783
NC_000868	638200993	1490764	1493127
NC_000868	638200990	1488145	1488738
NC_000868	638200991	1488706	1489773
NC_000868	638200996	1495053	1496021
NC_000868	638200997	1496023	1496952
NC_000868	638200994	1493121	1494092
NC_000868	638200995	1494094	1495053
NC_000868	638200578	1129587	1130111
NC_000868	638200579	1130121	1130858
NC_000868	638200570	1123161	1123367
NC_000868	638200571	1123460	1123648
NC_000868	638200572	1123784	1124066
NC_000868	638200573	1124172	1125218
NC_000868	638200574	1125727	1126653
NC_000868	638200575	1126685	1127824
NC_000868	638200576	1127848	1128081
NC_000868	638200577	1128156	1129577
NC_000868	638200192	792276	792575
NC_000868	638200193	792676	792822
NC_000868	638200190	790954	791874
NC_000868	638200191	791871	792269
NC_000868	638200196	794557	794874
NC_000868	638200194	792803	794047
NC_000868	638200195	794031	794469
NC_000868	638200198	795034	795723
NC_000868	638200199	795765	796346
NC_000868	638199313	22736	23590
NC_000868	638199312	21906	22739
NC_000868	638199311	20806	21900
NC_000868	638199310	18751	20727
NC_000868	638199317	26365	26556
NC_000868	638199316	26089	26364
NC_000868	638200356	946018	946875
NC_000868	638199314	23630	24910
NC_000868	638200358	949170	949475
NC_000868	638200359	949492	950643
NC_000868	638199319	27485	27865
NC_000868	638199318	26651	27484
NC_000868	638200758	1281699	1282157
NC_000868	638200759	1282158	1283084
NC_000868	638200754	1278298	1278480
NC_000868	638200755	1278506	1279459
NC_000868	638200756	1279591	1280379
NC_000868	638200757	1280558	1281709
NC_000868	638200750	1275369	1275995
NC_000868	638200751	1275992	1276582
NC_000868	638200752	1276701	1277750
NC_000868	638200753	1277720	1278346
NC_000868	638201133	1633317	1634039
NC_000868	638199573	271993	273351
NC_000868	638201131	1629464	1630468
NC_000868	638201130	1628223	1629086
NC_000868	638201136	1636647	1640261
NC_000868	638201135	1636094	1636624
NC_000868	638200131	733926	734843
NC_000868	638201139	1641316	1642773
NC_000868	638201138	1640418	1641248
NC_000868	638199571	269834	270694
NC_000868	638199570	268989	269780
NC_000868	638199577	276509	278002
NC_000868	638199576	275724	276365
NC_000868	638200136	740279	740443
NC_000868	638200137	740559	741023
NC_000868	638199681	363453	364934
NC_000868	638199680	362135	363403
	638199683		
NC_000868	638199682	364931	365773
NC_000868	638199685	366650	367201
NC_000868	638199684	365802	366735
NC_000868	638199687	367757	368797
NC_000868	638199686	367194	367760
NC_000868	638199689	369545	370354
NC_000868	638199688	368919	369548
NC_000868	638201007	1506581	1507336
NC_000868	638201006	1505544	1506566
NC_000868	638201005	1504262	1505569
NC_000868	638201004	1503103	1504251
NC_000868	638201003	1502187	1502990
NC_000868	638201002	1501745	1502194
NC_000868	638199449	150049	150762
NC_000868	638201000	1500075	1501526
NC_000868	638199446	146749	147786
NC_000868	638199445	145781	146752
NC_000868	638199444	144916	145779
NC_000868	638199443	143982	144914
NC_000868	638199442	142296	143966
NC_000868	638201009	1509615	1510106
NC_000868	638199440	140080	140481
NC_000868	638201269	1761956	1762420
NC_000868	638201267	1758813	1759475
NC_000868	638201266	1757403	1758752
NC_000868	638201265	1755894	1757402
NC_000868	638201264	1755078	1755785
NC_000868	638201263	1754684	1755103
NC_000868	638201262	1753171	1754328
NC_000868	638201261	1752161	1753168
NC_000868	638201260	1751441	1752169
NC_000868	638199869	507947	508120
NC_000868	638199865	506732	507160
NC_000868	638199864	506363	506725
NC_000868	638199867	507629	507826
NC_000868	638199866	507177	507584
NC_000868	638199861	504971	505384
NC_000868	638199860	504432	504974
NC_000868	638199862	505417	506196
NC_000868	638200211	805664	806467
NC_000868	638200210	805485	805667
NC_000868	638200213	807369	808175
NC_000868	638200212	806524	807372
NC_000868	638200215	809123	809650
NC_000868	638200214	808156	809043
NC_000868	638200217	811453	812721
NC_000868	638200216	810150	811505
NC_000868	638200219	813869	817303
NC_000868	638200218	812724	813812
NC_000868	638200699	1229926	1230465
NC_000868	638200698	1229115	1229951
NC_000868	638200695	1227870	1228085
NC_000868	638200694	1227058	1227873
NC_000868	638200697	1228396	1229109
NC_000868	638200696	1228082	1228399
NC_000868	638200691	1222335	1222676
NC_000868	638200690	1221511	1222338
NC_000868	638200693	1223222	1226866
NC_000868	638200692	1222737	1223156
NC_000868	638200509	1071195	1073798
NC_000868	638200508	1070703	1071056
NC_000868	638200505	1068187	1068486
NC_000868	638200504	1067799	1068113
NC_000868	638200507	1069693	1070700
NC_000868	638200506	1068488	1069597
NC_000868	638200501	1064479	1064925
NC_000868	638200500	1064010	1064477
NC_000868	638200503	1065691	1067445
NC_000868	638200502	1064986	1065648
NC_000868	638199304	13785	14531
NC_000868	638200324	917169	918026
NC_000868	638199306	16380	17159
NC_000868	638200326	919054	919776
NC_000868	638199300	8568	9494
NC_000868	638199301	9507	10697
NC_000868	638199302	10729	12123
NC_000868	638199303	12120	13529
NC_000868	638199308	17551	17973
NC_000868	638199309	18022	18744
NC_000868	638200039	648102	648542
NC_000868	638200038	647258	648040
NC_000868	638200031	643040	643390
NC_000868	638200030	643018	643446
NC_000868	638200032	643459	644499
NC_000868	638200035	645546	645905
NC_000868	638200034	644738	645541
NC_000868	638200037	646547	647266
NC_000868	638200036	645911	646501
NC_000868	638201124	1616035	1618311
NC_000868	638201125	1618292	1620709
NC_000868	638201126	1620688	1621497
NC_000868	638201127	1621421	1622860
NC_000868	638201120	1613870	1614145
NC_000868	638201121	1614129	1614425
NC_000868	638201122	1614465	1614908
NC_000868	638201123	1614955	1615488
NC_000868	638201128	1622857	1624812
NC_000868	638201129	1624809	1628213
NC_001773	638203144	103	2067
NC_000868	638199692	372515	373375
NC_000868	638199693	373350	374282
NC_000868	638199690	370351	371565
NC_000868	638199691	371695	372546
NC_000868	638199696	375636	375899
NC_000868	638199697	375997	377001
NC_000868	638199694	374272	374490
NC_000868	638199695	374473	375624
NC_000868	638201010	1510090	1510728
NC_000868	638201011	1510725	1511369
NC_000868	638201012	1511347	1513665
NC_000868	638199699	377385	377984
NC_000868	638201014	1514745	1515107
NC_000868	638201015	1515092	1515943
NC_000868	638201016	1516247	1517371
NC_000868	638201017	1517384	1517821
NC_000868	638199450	150745	151653
NC_000868	638199451	151637	152932
NC_000868	638199452	153053	154087
NC_000868	638199453	154067	154789
NC_000868	638199454	154786	155934
NC_000868	638199455	156041	156787
NC_000868	638199456	156807	157841
NC_000868	638199457	157828	158319
NC_000868	638199458	158368	159051
NC_000868	638199459	159011	159562
NC_000868	638201270	1762406	1762969
NC_000868	638201271	1763029	1763352
NC_000868	638201272	1763394	1764419
NC_000868	638201273	1764431	1765081
NC_000868	638199878	515635	516066
NC_000868	638199879	516170	516466
NC_000868	638199876	513144	513908
NC_000868	638199877	513914	515593
NC_000868	638199874	511763	512137
NC_000868	638199875	512140	513147
NC_000868	638199872	509819	510850
NC_000868	638199873	510885	511760
NC_000868	638199870	508127	509155
NC_000868	638199871	509171	509779
NC_000868	638201018	1517885	1518949
NC_000868	638201019	1519002	1519946
NC_000868	638199698	377070	377402
NC_000868	638200202	798183	798476
NC_000868	638200203	798564	798719
NC_000868	638200200	796339	797490
NC_000868	638200201	797543	798193
NC_000868	638200206	800731	802008
NC_000868	638200207	802166	803428
NC_000868	638200204	798747	800435
NC_000868	638200208	803400	804581
NC_000868	638200209	804647	805474
NC_000868	638200347	937261	938019
NC_000868	638200346	936000	937295
NC_000868	638200106	709740	711554
NC_000868	638199324	32715	32924
NC_000868	638200344	933891	934481
NC_000868	638200688	1220227	1220795
NC_000868	638201150	1650775	1653045
NC_000868	638200686	1219083	1219511
NC_000868	638200343	933255	933830
NC_000868	638200684	1216648	1218069
NC_000868	638200685	1218191	1219075
NC_000868	638200682	1214961	1215296
NC_000868	638200683	1215315	1216646
NC_000868	638200680	1211961	1213313
NC_000868	638200681	1213569	1214918
NC_000868	638199320	28109	29587
NC_000868	638200518	1077930	1078358
	638200519		
NC_000868	638200516	1076656	1076913
NC_000868	638200517	1076945	1077964
NC_000868	638200514	1076352	1076561
NC_000868	638200340	931040	932167
NC_000868	638200512	1074960	1075409
NC_000868	638200513	1075393	1076310
NC_000868	638200510	1073781	1074410
NC_000868	638200511	1074504	1074950
NC_000868	638200336	928624	929463
NC_000868	638200337	929526	930071
NC_000868	638200334	927212	928333
NC_000868	638200335	928330	928641
NC_000868	638200332	925100	926923
NC_000868	638200333	926957	927211
NC_000868	638200330	922359	923600
NC_000868	638200331	923662	924978
NC_000868	638200338	930064	930552
NC_000868	638200339	930556	931068
NC_000868	638200028	640056	641126
NC_000868	638200029	641139	643016
NC_000868	638200022	635800	636549
NC_000868	638200023	636831	638117
NC_000868	638200020	634135	634839
NC_000868	638200021	634914	635702
NC_000868	638200026	638644	639546
NC_000868	638200027	639687	640046
NC_000868	638200024	638154	638462
NC_000868	638199511	211939	213519
NC_000868	638199510	211314	211886
NC_000868	638199513	214390	215073
NC_000868	638199512	213523	214419
NC_000868	638199515	216086	217237
NC_000868	638199514	215137	216093
NC_000868	638199517	217830	218984
NC_000868	638199516	217249	217833
NC_000868	638199519	220040	220957
NC_000868	638199518	219074	219985
NC_000868	638201069	1564552	1565580
NC_000868	638201068	1563636	1564565
NC_000868	638199769	429203	430156
NC_000868	638201065	1559765	1560718
NC_000868	638201064	1557873	1559768
NC_000868	638201067	1562404	1563639
NC_000868	638201066	1560831	1561829
NC_000868	638201061	1554774	1555793
NC_000868	638201060	1553998	1554777
NC_000868	638201063	1556884	1557876
NC_000868	638201062	1555856	1556878
NC_000868	638199425	125386	126141
NC_000868	638199424	125016	125396
NC_000868	638199427	127009	127716
NC_000868	638199426	126195	126986
NC_000868	638199421	121313	122611
NC_000868	638199420	119454	121313
NC_000868	638199423	124281	125006
NC_000868	638199422	123411	124184
NC_000868	638199429	128407	129189
NC_000868	638199428	127664	128410
NC_000868	638201205	1694174	1694986
NC_000868	638201204	1693449	1694177
NC_000868	638201207	1697411	1698154
NC_000868	638201206	1695094	1697409
NC_000868	638201201	1691114	1691398
NC_000868	638201200	1690912	1691127
NC_000868	638201203	1692121	1693413
NC_000868	638201202	1691522	1692085
NC_000868	638201209	1698689	1698973
NC_000868	638201208	1698282	1698692
NC_000868	638199739	407645	409150
NC_000868	638199738	406844	407641
NC_000868	638199731	401557	402255
NC_000868	638199730	401199	401504
NC_000868	638199733	402766	403263
NC_000868	638199732	402324	402779
NC_000868	638199735	404251	405069
NC_000868	638199734	403373	404254
NC_000868	638199737	405856	406812
NC_000868	638199736	405056	405823
NC_000868	638199555	255135	255413
NC_000868	638200113	718025	719365
NC_000868	638200110	714531	715169
NC_000868	638199556	255415	255816
NC_000868	638200116	720624	721442
NC_000868	638200898	1409118	1410476
NC_000868	638199550	250026	250835
NC_000868	638200897	1408585	1409052
NC_000868	638199553	253556	254440
NC_000868	638199552	251514	253412
NC_000868	638199995	617463	618752
NC_000868	638199994	615993	617315
NC_000868	638199997	620782	621336
NC_000868	638199996	618813	620714
NC_000868	638199991	611268	613775
NC_000868	638199990	610711	611271
NC_000868	638199993	614598	615920
NC_000868	638199992	613795	614601
NC_000868	638199999	622019	622375
NC_000868	638199998	621274	622008
NC_000868	638199843	490401	490958
NC_000868	638199842	489953	490414
NC_000868	638199841	488902	489951
NC_000868	638199840	488265	488822
NC_000868	638199847	493726	494508
NC_000868	638199846	492257	493540
NC_000868	638199845	491490	492206
NC_000868	638199844	490955	491530
NC_000868	638199849	495337	496011
NC_000868	638199848	494510	495340
NC_000868	638199396	86051	88510
NC_000868	638200237	834007	834219
NC_000868	638200236	833483	833725
NC_000868	638200235	830311	833214
NC_000868	638200234	829152	830321
NC_000868	638200233	827682	829106
NC_000868	638200232	826475	827578
NC_000868	638200231	825600	826478
NC_000868	638200230	824804	825589
NC_000868	638200239	834783	835850
NC_000868	638200238	834331	834621
NC_000868	638200523	1080142	1080525
NC_000868	638200830	1347091	1348533
NC_000868	638200833	1349983	1351074
NC_000868	638200832	1348904	1349971
NC_000868	638200835	1352282	1352959
NC_000868	638200834	1351027	1352241
NC_000868	638200525	1082023	1083189
NC_000868	638200524	1080639	1082078
NC_000868	638200839	1356452	1357669
NC_000868	638200838	1355740	1356384
NC_000868	638200529	1085709	1086905
NC_000868	638200528	1085033	1085671
NC_000868	638200659	1192280	1194241
NC_000868	638200658	1191016	1192233
NC_000868	638200309	899886	901820
NC_000868	638200308	898185	899747
NC_000868	638200651	1184012	1184206
NC_000868	638200650	1183760	1184089
NC_000868	638200653	1186001	1186285
NC_000868	638200652	1184367	1185878
NC_000868	638200655	1187486	1188217
NC_000868	638200306	897517	897987
NC_000868	638200657	1189613	1190983
NC_000868	638200656	1188214	1189611
NC_000868	638200534	1093193	1093735
NC_000868	638200823	1337296	1338966
NC_000868	638200536	1094651	1094848
NC_000868	638200787	1311224	1312879
NC_000868	638200786	1309654	1311234
NC_000868	638200785	1308612	1309676
NC_000868	638200784	1308121	1308615
NC_000868	638200783	1306853	1308124
NC_000868	638200782	1305352	1306812
NC_000868	638200781	1304323	1305321
NC_000868	638200780	1302633	1304321
NC_000868	638200826	1341725	1342651
NC_000868	638200789	1313791	1314216
NC_000868	638200788	1312905	1313759
NC_000868	638200824	1339168	1340547
NC_000868	638200533	1092854	1093057
NC_000868	638200019	633786	634145
NC_000868	638200018	632579	633682
NC_000868	638200017	631616	632467
NC_000868	638200016	630968	631396
NC_000868	638200015	630772	631005
NC_000868	638200012	629646	630482
NC_000868	638200011	629390	629593
NC_000868	638200010	629169	629384
NC_000868	638200765	1288259	1288672
NC_000868	638200764	1287355	1288245
NC_000868	638200767	1289324	1290433
NC_000868	638200766	1288647	1289273
NC_000868	638200761	1283477	1284655
NC_000868	638200760	1283175	1283474
NC_000868	638199502	203061	203669
NC_000868	638199503	203731	204621
NC_000868	638199500	201375	202565
NC_000868	638199501	202562	203074
NC_000868	638199506	206720	207511
NC_000868	638200763	1286259	1287428
NC_000868	638199508	208202	208909
NC_000868	638199509	209866	211317
NC_000868	638200642	1179058	1180389
NC_000868	638200640	1175119	1176390
NC_000868	638200317	910476	910952
NC_000868	638200646	1181540	1182073
NC_000868	638200647	1182070	1182264
NC_000868	638200644	1180779	1181129
NC_000868	638200645	1181312	1181533
NC_000868	638201078	1578554	1578835
NC_000868	638201079	1578825	1579235
NC_000868	638201076	1576912	1577079
NC_000868	638201077	1577072	1578391
NC_000868	638201074	1569411	1570199
NC_000868	638201075	1570368	1576736
NC_000868	638201072	1568175	1568417
NC_000868	638201073	1568414	1569400
NC_000868	638201070	1565577	1567364
NC_000868	638201071	1567423	1568184
NC_000868	638199436	137317	137793
NC_000868	638199437	137955	139298
NC_000868	638199434	134741	135895
NC_000868	638199435	135916	137316
NC_000868	638199432	132109	133308
NC_000868	638199433	133362	134489
NC_000868	638199430	129347	130249
NC_000868	638199431	130261	131973
NC_000868	638199438	139359	139658
NC_000868	638199439	139600	140040
NC_000868	638201216	1705533	1706810
NC_000868	638201217	1706908	1707372
NC_000868	638201214	1703078	1704505
NC_000868	638201215	1704506	1705384
NC_000868	638201212	1701585	1702757
NC_000868	638201213	1702769	1702972
NC_000868	638201210	1699030	1700799
NC_000868	638201211	1700902	1701543
NC_000868	638201109	1608295	1608819
NC_000868	638201218	1707351	1707989
NC_000868	638201103	1600041	1603034
NC_000868	638199728	400162	400842
NC_000868	638199729	400854	401183
NC_000868	638199722	396786	397424
NC_000868	638199723	397425	397665
NC_000868	638199720	394637	395497
NC_000868	638199721	395500	396789
NC_000868	638199726	399306	399779
NC_000868	638199727	399842	400099
NC_000868	638199724	397945	398694
NC_000868	638199725	398691	399221
NC_000868	638200799	1320442	1321629
NC_000868	638199986	606057	607439
NC_000868	638199987	607533	608444
NC_000868	638199984	605618	605845
NC_000868	638199985	605857	606045
NC_000868	638199982	603555	604958
NC_000868	638199983	605026	605481
NC_000868	638199980	601885	602214
NC_000868	638199981	602194	603558
NC_000868	638199988	608494	609771
NC_000868	638199989	609768	610727
NC_000868	638200515	1076536	1076946
NC_000868	638199854	501143	501547
NC_000868	638199855	501509	502648
NC_000868	638199856	502713	503234
NC_000868	638199857	503278	503865
NC_000868	638199850	495973	497406
NC_000868	638199851	497463	498650
NC_000868	638199852	498692	500047
NC_000868	638199853	500160	501164
NC_000868	638199859	503966	504412
NC_000868	638200822	1335778	1337280
NC_000868	638200535	1093736	1094605
NC_000868	638200820	1334381	1334965
NC_000868	638200537	1094895	1095575
NC_000868	638200530	1086958	1089936
NC_000868	638200531	1090373	1091161
NC_000868	638200532	1091218	1092822
NC_000868	638200825	1340607	1341653
NC_000868	638200828	1343728	1346172
NC_000868	638200829	1346169	1347086
NC_000868	638200538	1095572	1096804
NC_000868	638200539	1096809	1097927
NC_000868	638200648	1182272	1182694
NC_000868	638200649	1183147	1183620
NC_000868	638200318	910955	912379
NC_000868	638200319	912380	913216
NC_000868	638200314	905726	907270
NC_000868	638200315	907361	908671
NC_000868	638200316	909099	910118
NC_000868	638200641	1176395	1179037
NC_000868	638200310	901859	902863
NC_000868	638200311	902864	903784
NC_000868	638200312	903786	904754
NC_000868	638200313	904754	905722
NC_000868	638200798	1319436	1320440
NC_000868	638200369	957305	958645
NC_000868	638200368	956671	957261
NC_000868	638200790	1314179	1314547
NC_000868	638200791	1314632	1315018
NC_000868	638200792	1314994	1315308
NC_000868	638200795	1315627	1315845
NC_000868	638200796	1316111	1318633
NC_000868	638200797	1318614	1319405
NC_000868	638200228	823197	823484
NC_000868	638200229	823521	824807
NC_000868	638200220	817325	818416
NC_000868	638200221	818612	819196
NC_000868	638200222	819232	819675
NC_000868	638200223	819655	820230
NC_000868	638200224	820295	821239
NC_000868	638200225	821309	822169
NC_000868	638200226	822175	823068
NC_000868	638200000	622429	622812
NC_000868	638200001	622818	623189
NC_000868	638200002	623227	624000
NC_000868	638200003	623997	624983
NC_000868	638200004	624970	625368
NC_000868	638200005	625589	626884
NC_000868	638200006	626991	627428
NC_000868	638200007	627397	628065
NC_000868	638200008	628044	628682
NC_000868	638200009	628735	629121
NC_000868	638200363	952661	953428
NC_000868	638200362	951977	952654
NC_000868	638200365	954607	955020
NC_000868	638200364	953510	954595
	638201031		
NC_000868	638200367	955291	956610
NC_000868	638199470	168745	169686
NC_000868	638199537	239796	240395
NC_000868	638199536	238457	239740
NC_000868	638199535	237102	238460
NC_000868	638199534	236436	237029
NC_000868	638199533	235381	236433
NC_000868	638199532	233507	235303
NC_000868	638199531	230564	233494
NC_000868	638199530	228934	230238
NC_000868	638199539	241057	242262
NC_000868	638199538	240382	240951
NC_000868	638201195	1687566	1687769
NC_000868	638201194	1686806	1687612
NC_000868	638201197	1688397	1689140
NC_000868	638201196	1687753	1688403
NC_000868	638201190	1684930	1685508
NC_000868	638201193	1686205	1686819
NC_000868	638201192	1685697	1686176
NC_000868	638201199	1690464	1690937
NC_000868	638201198	1689180	1690400
NC_000868	638201043	1536346	1537035
NC_000868	638201042	1535740	1536300
NC_000868	638201041	1535208	1535804
NC_000868	638199408	99051	102977
NC_000868	638201047	1540376	1543372
NC_000868	638201046	1540165	1540365
NC_000868	638201045	1539123	1540175
NC_000868	638201044	1537074	1539035
NC_000868	638199403	94665	95495
NC_000868	638199402	93332	94678
NC_000868	638199401	92777	93331
NC_000868	638201048	1543375	1543743
NC_000868	638199407	98406	99047
NC_000868	638199406	97900	98310
NC_000868	638199405	96386	97903
NC_000868	638199404	95531	96391
NC_000868	638201118	1612620	1612889
NC_000868	638199717	393936	394592
NC_000868	638199716	392966	393205
NC_000868	638199715	392625	392996
NC_000868	638199714	390871	392058
NC_000868	638199713	390259	390787
NC_000868	638199711	389663	390280
NC_000868	638199710	388781	389644
NC_000868	638201229	1718339	1720456
NC_000868	638201228	1716896	1718350
NC_000868	638201223	1712571	1713257
NC_000868	638201222	1711567	1712574
NC_000868	638201221	1710540	1711565
NC_000868	638201220	1709226	1710374
NC_000868	638201227	1715262	1716875
NC_000868	638201226	1714551	1715177
NC_000868	638201225	1713914	1714573
NC_000868	638201224	1713294	1713926
NC_000868	638199307	17178	17564
NC_000868	638199889	525836	526222
NC_000868	638199888	525332	525847
NC_000868	638199887	524619	525185
NC_000868	638199886	522807	524522
NC_000868	638199885	521484	522743
NC_000868	638199884	520669	521370
NC_000868	638199883	519546	520691
NC_000868	638199882	518293	519549
NC_000868	638199881	516934	518046
NC_000868	638199880	516463	517023
NC_000868	638200499	1062830	1064029
NC_000868	638200498	1062167	1062760
NC_000868	638200493	1058170	1058535
NC_000868	638200492	1057870	1058163
NC_000868	638200491	1057185	1057733
NC_000868	638200490	1056890	1057096
NC_000868	638200497	1060268	1062094
NC_000868	638200496	1059518	1060276
NC_000868	638200495	1058834	1059457
NC_000868	638200494	1058636	1058845
NC_000868	638200817	1333188	1333379
NC_000868	638200816	1332461	1333210
NC_000868	638200815	1331872	1332429
NC_000868	638200814	1330643	1331875
NC_000868	638200812	1329698	1330384
NC_000868	638200811	1329183	1329701
NC_000868	638200810	1328592	1329182
NC_000868	638200819	1333771	1334400
NC_000868	638200818	1333361	1333693
NC_000868	638200679	1211217	1211933
NC_000868	638200678	1210133	1211248
NC_000868	638200677	1209294	1210151
NC_000868	638200676	1208801	1209184
NC_000868	638200675	1206958	1208739
NC_000868	638200674	1206050	1206788
NC_000868	638200673	1204160	1205938
NC_000868	638200672	1203859	1204140
NC_000868	638200671	1202855	1203847
NC_000868	638200670	1202581	1202868
NC_000868	638200259	860579	860935
NC_000868	638200258	860416	860577
NC_000868	638200255	857426	858943
NC_000868	638200254	856185	857414
NC_000868	638200257	859809	860336
NC_000868	638200256	859165	859728
NC_000868	638200251	853653	854090
NC_000868	638200250	852445	853647
NC_000868	638200253	854456	856024
NC_000868	638200252	854093	854446
NC_000868	638200075	681294	681737
NC_000868	638200074	680944	681306
NC_000868	638200077	682026	682280
NC_000868	638200076	681730	682029
NC_000868	638200071	678549	679061
NC_000868	638200070	678025	678552
NC_000868	638200073	679415	680947
NC_000868	638200072	679066	679422
NC_000868	638200079	682635	682922
NC_000868	638200078	682273	682638
NC_000868	638200689	1220914	1221423
NC_000868	638200687	1219501	1219908
NC_000868	638199528	227179	228522
NC_000868	638200108	712529	713575
NC_000868	638200101	705537	706151
NC_000868	638200100	704835	705458
NC_000868	638199522	223019	223594
NC_000868	638199523	223581	224198
NC_000868	638199524	224289	224954
NC_000868	638200104	707942	708949
NC_000868	638199526	225714	226370
NC_000868	638199527	226416	227120
NC_000868	638201013	1513628	1514734
NC_000868	638201186	1682610	1684010
NC_000868	638201187	1683385	1683825
NC_000868	638201184	1680296	1681555
NC_000868	638201185	1681552	1682613
NC_000868	638201182	1679086	1679445
NC_000868	638201183	1679451	1680299
NC_000868	638201180	1677497	1678654
NC_000868	638201181	1678676	1679035
NC_000868	638201188	1684061	1684615
NC_000868	638201189	1684620	1684928
NC_000868	638201054	1548403	1548570
NC_000868	638201055	1548632	1549294
NC_000868	638201056	1549284	1550591
NC_000868	638201057	1550637	1552412
NC_000868	638201050	1545137	1546276
NC_000868	638201051	1546266	1546838
NC_000868	638201052	1546835	1547176
NC_000868	638201053	1547208	1548392
NC_000868	638199414	111481	112890
NC_000868	638199415	112887	113273
NC_000868	638199416	113270	113494
NC_000868	638199417	113617	114336
NC_000868	638201058	1552346	1553176
NC_000868	638201059	1553178	1553936
NC_000868	638199412	109760	110761
NC_000868	638199413	110811	111515
NC_000868	638199700	378041	378973
NC_000868	638199701	378960	379478
NC_000868	638199702	379466	380482
NC_000868	638199703	380779	382239
NC_000868	638199704	382525	383148
NC_000868	638199705	383151	383432
NC_000868	638199706	383520	385907
NC_000868	638199707	386007	387893
NC_000868	638199708	387895	388395
NC_000868	638199709	388379	388690
NC_000868	638199409	103005	107318
NC_000868	638201040	1533605	1535203
NC_000868	638201238	1726401	1727462
NC_000868	638201239	1727649	1730444
NC_000868	638201234	1722413	1722946
NC_000868	638201235	1722959	1723966
NC_000868	638201236	1723976	1724935
NC_000868	638201237	1724945	1726378
NC_000868	638201230	1720677	1720910
NC_000868	638201049	1543726	1545087
NC_000868	638201232	1721573	1721827
NC_000868	638201233	1721881	1722459
NC_000868	638199400	91666	92742
NC_000868	638199890	526365	526841
NC_000868	638199891	526825	527607
NC_000868	638199892	527745	528494
NC_000868	638199893	528520	529866
NC_000868	638199894	529921	531081
NC_000868	638199895	531349	534099
NC_000868	638199896	534099	535574
NC_000868	638199897	535561	535914
NC_000868	638199898	535911	536156
NC_000868	638199899	536153	536935
NC_000868	638200489	1056527	1056812
NC_000868	638200484	1053148	1054203
NC_000868	638200485	1054278	1054988
NC_000868	638200486	1054990	1055913
NC_000868	638200487	1055882	1056559
NC_000868	638200480	1049927	1050586
NC_000868	638200481	1050580	1051227
NC_000868	638200482	1051292	1052488
NC_000868	638200483	1052607	1053155
NC_000868	638200808	1327905	1328354
NC_000868	638200809	1328351	1328590
NC_000868	638200800	1321641	1321958
NC_000868	638200801	1321987	1322922
NC_000868	638200802	1322928	1324115
NC_000868	638200803	1324117	1324434
NC_000868	638200804	1324463	1325020
NC_000868	638200805	1325247	1326299
NC_000868	638200806	1326310	1327476
NC_000868	638200807	1327478	1327882
NC_000868	638200660	1194525	1195649
NC_000868	638200661	1195748	1198069
NC_000868	638200662	1198161	1199264
NC_000868	638200663	1199265	1199492
NC_000868	638200664	1199620	1200057
NC_000868	638200665	1200063	1200527
NC_000868	638200666	1200529	1200771
NC_000868	638200667	1200710	1201339
NC_000868	638200668	1201380	1201898
NC_000868	638200669	1201940	1202584
NC_000868	638199471	169770	170525
NC_000868	638200248	850593	850838
NC_000868	638200249	850912	852129
NC_000868	638200246	847316	849463
NC_000868	638200247	849648	850592
NC_000868	638200244	843935	844396
NC_000868	638200245	844393	847314
NC_000868	638200242	837593	840625
NC_000868	638200243	840622	843951
NC_000868	638200240	836626	837054
NC_000868	638200241	837051	837491
NC_000868	638199588	287117	287776
NC_000868	638200066	673984	675273
NC_000868	638200067	675365	675781
NC_000868	638200064	670768	671973
NC_000868	638200065	672075	673997
NC_000868	638200062	668946	670130
NC_000868	638200063	670127	670771
NC_000868	638200060	667836	668423
NC_000868	638200061	668420	668944
NC_000868	638200068	675778	676743
NC_000868	638200069	676748	678028
NC_000868	638200118	721911	723278
NC_000868	638200119	723328	724026
NC_000868	638199559	257379	258011
NC_000868	638199558	256830	257270
NC_000868	638200112	716162	717970
NC_000868	638199554	254484	255131
NC_000868	638199557	255800	256774
NC_000868	638200111	715166	716089
NC_000868	638199551	250900	251439
NC_000868	638200117	721449	721865
NC_000868	638200114	719358	720101
NC_000868	638200115	720223	720639
NC_000868	638200145	746836	747132
NC_000868	638199399	91118	91579
NC_000868	638199398	89298	91043
NC_000868	638200144	746041	746799
NC_000868	638199393	82651	83667
NC_000868	638199392	81977	82654
NC_000868	638199391	81359	81802
NC_000868	638199390	81193	81912
NC_000868	638199397	88555	89301
NC_000868	638200147	748232	748822
NC_000868	638199395	84564	85934
NC_000868	638199394	83591	84574
NC_000868	638200146	747194	748201
NC_000868	638199560	258032	259708
NC_000868	638200140	741612	743525
NC_000868	638200143	745552	746010
NC_000868	638200142	744199	745482
NC_000868	638200149	749825	750271
NC_000868	638200148	748890	749828
NC_000868	638201089	1587357	1587668
NC_000868	638201088	1586821	1587360
NC_000868	638201087	1585944	1586831
NC_000868	638201086	1585241	1585960
NC_000868	638201085	1583943	1585172
NC_000868	638201084	1583558	1583950
NC_000868	638201083	1582395	1583558
NC_000868	638201082	1582063	1582398
NC_000868	638201081	1580939	1582051
NC_000868	638201080	1579235	1580848
NC_000868	638199775	434207	435421
NC_000868	638199774	433339	434163
NC_000868	638199777	436955	437944
NC_000868	638199776	435466	436962
NC_000868	638199771	430910	431926
NC_000868	638199770	430134	430922
NC_000868	638199773	432567	433361
NC_000868	638199772	431923	432570
NC_000868	638199779	438878	440110
NC_000868	638199778	437941	438849
NC_000868	638199609	310764	311462
NC_000868	638199608	308858	310597
NC_000868	638199601	297371	298600
NC_000868	638199600	297013	297332
NC_000868	638199603	299239	302553
NC_000868	638199602	298941	299258
NC_000868	638199605	303801	305084
NC_000868	638199604	302622	303779
NC_000868	638199607	307126	308868
NC_000868	638199606	305077	306948
NC_000868	638199951	578312	578941
NC_000868	638199953	579183	579431
NC_000868	638199955	582806	585529
NC_000868	638199954	579449	582802
NC_000868	638199957	586732	587031
NC_000868	638199956	585535	586728
NC_000868	638199959	587488	587931
NC_000868	638199958	587040	587477
NC_000868	638200471	1041296	1041868
NC_000868	638200473	1043393	1044649
NC_000868	638200472	1042268	1043332
NC_000868	638200475	1045930	1046553
NC_000868	638200474	1044593	1045933
NC_000868	638200477	1047346	1048590
NC_000868	638200476	1046543	1047349
NC_000868	638200479	1049211	1049855
NC_000868	638200478	1048553	1049227
NC_000868	638200879	1390151	1391029
NC_000868	638200878	1389153	1390154
NC_000868	638200875	1387082	1387825
NC_000868	638200874	1386503	1387075
NC_000868	638200877	1388653	1389030
NC_000868	638200876	1387794	1388555
NC_000868	638200871	1383890	1385821
NC_000868	638200870	1381836	1383893
NC_000868	638200873	1386120	1386401
