Pfer_Contig00025	2501415227	117907	118260
Pfer_Contig00021	2501414678	18746	19483
Pfer_Contig00021	2501414679	19535	19852
Pfer_Contig00021	2501414672	7369	8241
Pfer_Contig00021	2501414673	8311	10263
Pfer_Contig00021	2501414670	5923	6288
Pfer_Contig00021	2501414671	6372	7259
Pfer_Contig00021	2501414676	17527	17973
Pfer_Contig00021	2501414677	18034	18711
Pfer_Contig00021	2501414674	10294	11736
Pfer_Contig00021	2501414675	11736	17474
Pfer_Contig00025	2501415221	110497	110595
Pfer_Contig00035	2501416603	104347	106956
Pfer_Contig00026	2501415415	77450	78814
Pfer_Contig00026	2501415414	75582	77177
Pfer_Contig00026	2501415417	80129	80875
Pfer_Contig00026	2501415416	78921	80060
Pfer_Contig00026	2501415411	73986	74399
Pfer_Contig00026	2501415410	73613	74017
Pfer_Contig00026	2501415413	75318	75545
Pfer_Contig00026	2501415412	74544	75224
Pfer_Contig00026	2501415419	82121	82846
Pfer_Contig00026	2501415418	81073	81795
Pfer_Contig00035	2501416689	177727	179184
Pfer_Contig00035	2501416688	176537	177727
Pfer_Contig00035	2501416685	173858	175030
Pfer_Contig00035	2501416684	173323	173733
Pfer_Contig00035	2501416687	176156	176464
Pfer_Contig00035	2501416686	175003	176130
Pfer_Contig00035	2501416681	170684	171949
Pfer_Contig00035	2501416680	170191	170622
Pfer_Contig00035	2501416683	172335	173066
Pfer_Contig00035	2501416682	171966	172322
Pfer_Contig00025	2501415309	189792	191057
Pfer_Contig00025	2501415308	188305	189795
Pfer_Contig00025	2501415301	181747	182094
Pfer_Contig00025	2501415300	180887	181750
Pfer_Contig00025	2501415303	182416	183675
Pfer_Contig00025	2501415302	182091	182384
Pfer_Contig00025	2501415305	185144	185857
Pfer_Contig00025	2501415304	183734	185056
Pfer_Contig00025	2501415307	186664	188151
Pfer_Contig00025	2501415306	185854	186606
Pfer_Contig00025	2501415244	136579	137007
Pfer_Contig00025	2501415245	137161	138015
Pfer_Contig00025	2501415246	138012	138869
Pfer_Contig00022	2501414849	111395	112189
Pfer_Contig00022	2501414848	106001	111118
Pfer_Contig00025	2501415242	135231	135638
Pfer_Contig00025	2501415243	135628	136569
Pfer_Contig00022	2501414845	103240	104115
Pfer_Contig00022	2501414844	102138	103166
Pfer_Contig00022	2501414847	104992	105900
Pfer_Contig00022	2501414846	104177	104995
Pfer_Contig00025	2501415248	139038	139346
Pfer_Contig00025	2501415249	139406	140692
Pfer_Contig00022	2501414843	101353	102099
Pfer_Contig00022	2501414842	100708	101304
Pfer_Contig00022	2501414880	136106	136204
Pfer_Contig00035	2501416520	26144	26638
Pfer_Contig00035	2501416521	26914	27951
Pfer_Contig00035	2501416522	28058	29317
Pfer_Contig00035	2501416523	29289	29417
Pfer_Contig00035	2501416524	29424	30545
Pfer_Contig00035	2501416525	30615	31382
Pfer_Contig00035	2501416526	31387	32076
Pfer_Contig00035	2501416527	32069	33064
Pfer_Contig00035	2501416528	33099	33809
Pfer_Contig00035	2501416529	33815	34690
Pfer_Contig00022	2501414886	141534	142295
Pfer_Contig00028	2501415938	59115	59456
Pfer_Contig00028	2501415939	59453	60127
Pfer_Contig00028	2501415932	51952	52509
Pfer_Contig00028	2501415933	52532	52906
Pfer_Contig00028	2501415930	49633	49932
Pfer_Contig00028	2501415931	50019	51614
Pfer_Contig00028	2501415936	55259	57568
Pfer_Contig00028	2501415937	57579	58577
Pfer_Contig00028	2501415934	52986	54815
Pfer_Contig00028	2501415935	54826	55122
Pfer_Contig00031	2501416234	23575	23670
Pfer_Contig00031	2501416235	23725	26163
Pfer_Contig00031	2501416236	26352	27038
Pfer_Contig00031	2501416237	27041	27331
Pfer_Contig00031	2501416230	22179	22388
Pfer_Contig00031	2501416231	22385	22579
Pfer_Contig00031	2501416232	22576	23094
Pfer_Contig00031	2501416233	23108	23515
Pfer_Contig00031	2501416238	27324	27947
Pfer_Contig00031	2501416239	27971	28672
Pfer_Contig00021	2501414687	28145	29224
Pfer_Contig00021	2501414686	27398	28132
Pfer_Contig00021	2501414685	26307	27392
Pfer_Contig00021	2501414684	24950	26200
Pfer_Contig00021	2501414683	24648	24950
Pfer_Contig00021	2501414682	21902	24487
Pfer_Contig00021	2501414681	20839	21849
Pfer_Contig00025	2501415133	28173	29405
Pfer_Contig00021	2501414689	30385	30696
Pfer_Contig00021	2501414688	29257	30378
Pfer_Contig00033	2501416308	7113	8432
Pfer_Contig00033	2501416309	8440	9456
Pfer_Contig00033	2501416300	605	1813
Pfer_Contig00033	2501416301	1820	2350
Pfer_Contig00033	2501416302	2395	3240
Pfer_Contig00033	2501416303	3313	4308
Pfer_Contig00033	2501416304	4408	4737
Pfer_Contig00033	2501416305	4861	6198
Pfer_Contig00033	2501416306	6230	6664
Pfer_Contig00033	2501416307	6661	7080
Pfer_Contig00035	2501416643	138955	139623
Pfer_Contig00027	2501415641	111153	111701
Pfer_Contig00027	2501415642	111711	112838
Pfer_Contig00027	2501415643	112953	113837
Pfer_Contig00027	2501415644	113834	114244
Pfer_Contig00027	2501415645	114262	115491
Pfer_Contig00027	2501415646	115559	115942
Pfer_Contig00027	2501415647	116265	117398
Pfer_Contig00027	2501415648	117519	117758
Pfer_Contig00029	2501416018	63129	64439
Pfer_Contig00029	2501416019	64436	65182
Pfer_Contig00029	2501416014	58154	59266
Pfer_Contig00029	2501416015	59232	60461
Pfer_Contig00029	2501416016	60455	62122
Pfer_Contig00029	2501416017	62114	63145
Pfer_Contig00029	2501416010	52104	54488
Pfer_Contig00029	2501416011	54540	55412
Pfer_Contig00029	2501416012	55416	56609
Pfer_Contig00029	2501416013	56596	58143
Pfer_Contig00021	2501414669	5624	5917
Pfer_Contig00021	2501414668	4481	5617
Pfer_Contig00027	2501415794	259996	260880
Pfer_Contig00027	2501415795	260984	262882
Pfer_Contig00027	2501415792	257961	258860
Pfer_Contig00027	2501415793	259317	259985
Pfer_Contig00027	2501415790	254714	255403
Pfer_Contig00027	2501415791	255436	257913
Pfer_Contig00020	2501414661	146651	147877
Pfer_Contig00020	2501414660	145865	146632
Pfer_Contig00020	2501414663	148811	149815
Pfer_Contig00020	2501414662	147874	148533
Pfer_Contig00021	2501414665	2567	2776
Pfer_Contig00021	2501414664	681	2570
Pfer_Contig00021	2501414667	4141	4434
Pfer_Contig00021	2501414666	2779	4098
Pfer_Contig00026	2501415428	86985	88145
Pfer_Contig00026	2501415429	88215	88622
Pfer_Contig00026	2501415420	82830	83897
Pfer_Contig00026	2501415421	83894	84223
Pfer_Contig00026	2501415422	84284	85258
Pfer_Contig00026	2501415423	85255	85641
Pfer_Contig00026	2501415424	85631	85954
Pfer_Contig00026	2501415425	85991	86293
Pfer_Contig00026	2501415426	86322	86672
Pfer_Contig00026	2501415427	86747	86992
Pfer_Contig00035	2501416832	342046	342849
Pfer_Contig00035	2501416833	342929	343234
Pfer_Contig00035	2501416830	339908	341611
Pfer_Contig00035	2501416831	341592	341951
Pfer_Contig00035	2501416836	345486	346325
Pfer_Contig00035	2501416837	346310	347128
Pfer_Contig00035	2501416834	343231	344409
Pfer_Contig00035	2501416835	344378	345445
Pfer_Contig00035	2501416838	347251	347889
Pfer_Contig00035	2501416839	347892	348551
Pfer_Contig00026	2501415338	646	1524
Pfer_Contig00026	2501415339	1571	2587
Pfer_Contig00025	2501415334	211156	211917
Pfer_Contig00025	2501415335	211926	213407
Pfer_Contig00025	2501415336	213397	213750
Pfer_Contig00025	2501415337	213747	214427
Pfer_Contig00025	2501415330	207901	208554
Pfer_Contig00025	2501415331	208544	209212
Pfer_Contig00025	2501415332	209300	210604
Pfer_Contig00025	2501415333	210601	211011
Pfer_Contig00035	2501416784	280509	280874
Pfer_Contig00035	2501416785	280875	281075
Pfer_Contig00025	2501415259	151345	154707
Pfer_Contig00025	2501415258	148622	151339
Pfer_Contig00035	2501416780	275386	276012
Pfer_Contig00035	2501416781	276101	277189
Pfer_Contig00035	2501416782	277173	279860
Pfer_Contig00035	2501416783	280126	280509
Pfer_Contig00025	2501415253	145557	146207
Pfer_Contig00025	2501415252	144228	145505
Pfer_Contig00025	2501415251	141648	143828
Pfer_Contig00025	2501415250	140868	141632
Pfer_Contig00035	2501416788	282512	283783
Pfer_Contig00025	2501415256	147104	147409
Pfer_Contig00025	2501415255	146667	147104
Pfer_Contig00025	2501415254	146213	146656
Pfer_Contig00022	2501414870	128744	129556
Pfer_Contig00022	2501414871	129553	130851
Pfer_Contig00022	2501414872	131059	131274
Pfer_Contig00022	2501414873	131407	132078
Pfer_Contig00022	2501414874	132059	132973
Pfer_Contig00022	2501414876	133224	133664
Pfer_Contig00022	2501414877	133661	134110
Pfer_Contig00022	2501414878	134110	135294
Pfer_Contig00022	2501414879	135291	136004
Pfer_Contig00022	2501414898	153188	153424
Pfer_Contig00022	2501414899	153401	154321
Pfer_Contig00022	2501414892	146623	147297
Pfer_Contig00022	2501414893	147438	148112
Pfer_Contig00022	2501414890	145217	146404
Pfer_Contig00022	2501414891	146401	146604
Pfer_Contig00022	2501414896	151073	152203
Pfer_Contig00022	2501414897	152229	152984
Pfer_Contig00022	2501414894	148274	149368
Pfer_Contig00022	2501414895	150108	151028
Pfer_Contig00035	2501416658	152052	152513
Pfer_Contig00035	2501416659	152506	153156
Pfer_Contig00035	2501416652	144595	145701
Pfer_Contig00035	2501416653	145808	146860
Pfer_Contig00035	2501416650	143027	143479
Pfer_Contig00035	2501416651	143481	144629
Pfer_Contig00035	2501416656	149226	150548
Pfer_Contig00035	2501416657	150755	152035
Pfer_Contig00035	2501416654	146849	147568
Pfer_Contig00035	2501416655	147794	149215
Pfer_Contig00035	2501416537	45279	47183
Pfer_Contig00035	2501416536	43137	45200
Pfer_Contig00035	2501416535	42482	43078
Pfer_Contig00035	2501416534	41383	42450
Pfer_Contig00035	2501416533	39396	41372
Pfer_Contig00035	2501416532	37880	39403
Pfer_Contig00035	2501416531	35917	37779
Pfer_Contig00035	2501416530	34662	35789
Pfer_Contig00035	2501416539	49017	49559
Pfer_Contig00035	2501416538	47237	48985
Pfer_Contig00028	2501415929	48974	49636
Pfer_Contig00028	2501415928	48540	48977
Pfer_Contig00028	2501415921	41929	42792
Pfer_Contig00028	2501415920	40739	41932
Pfer_Contig00028	2501415923	43725	44090
Pfer_Contig00028	2501415922	42789	43391
Pfer_Contig00028	2501415925	45119	46153
Pfer_Contig00028	2501415924	44106	45122
Pfer_Contig00028	2501415927	47752	48543
Pfer_Contig00028	2501415926	46150	47736
Pfer_Contig00031	2501416229	21712	22164
Pfer_Contig00031	2501416228	21491	21715
Pfer_Contig00031	2501416223	19651	19935
Pfer_Contig00031	2501416222	19477	19644
Pfer_Contig00031	2501416221	19183	19395
Pfer_Contig00031	2501416220	18848	19186
Pfer_Contig00031	2501416227	20885	21490
Pfer_Contig00031	2501416226	20552	20713
Pfer_Contig00031	2501416225	20173	20487
Pfer_Contig00031	2501416224	19970	20176
Pfer_Contig00033	2501416319	19467	21326
Pfer_Contig00033	2501416318	17986	19464
Pfer_Contig00033	2501416317	16949	17902
Pfer_Contig00033	2501416316	15828	16970
Pfer_Contig00033	2501416315	14730	15737
Pfer_Contig00033	2501416314	13720	14733
Pfer_Contig00033	2501416313	12274	13590
Pfer_Contig00033	2501416312	11409	12260
Pfer_Contig00033	2501416311	10579	11412
Pfer_Contig00033	2501416310	9466	10569
Pfer_Contig00027	2501415657	125483	126643
Pfer_Contig00027	2501415656	124077	125408
Pfer_Contig00027	2501415655	122822	124087
Pfer_Contig00027	2501415654	121918	122739
Pfer_Contig00027	2501415653	121644	121916
Pfer_Contig00027	2501415652	121045	121611
Pfer_Contig00022	2501414788	49721	50140
Pfer_Contig00027	2501415650	118177	119373
Pfer_Contig00022	2501414786	48337	49320
Pfer_Contig00022	2501414787	49387	49695
Pfer_Contig00022	2501414784	47265	48038
Pfer_Contig00022	2501414785	48139	48327
Pfer_Contig00022	2501414782	45428	46219
Pfer_Contig00022	2501414783	46241	47182
Pfer_Contig00027	2501415659	128054	128353
Pfer_Contig00027	2501415658	126730	128049
Pfer_Contig00020	2501414623	115102	115869
Pfer_Contig00029	2501416003	45549	45791
Pfer_Contig00029	2501416002	44537	45541
Pfer_Contig00029	2501416001	43813	44406
Pfer_Contig00029	2501416000	42971	43765
Pfer_Contig00029	2501416007	49328	50257
Pfer_Contig00029	2501416006	48319	49338
Pfer_Contig00029	2501416005	46592	48322
Pfer_Contig00029	2501416004	45782	46522
Pfer_Contig00029	2501416009	51557	52102
Pfer_Contig00029	2501416008	50261	51556
Pfer_Contig00034	2501416390	60886	61071
Pfer_Contig00027	2501415785	249421	249957
Pfer_Contig00027	2501415784	248819	249385
Pfer_Contig00027	2501415787	251002	251508
Pfer_Contig00027	2501415786	250042	250962
Pfer_Contig00020	2501414658	143794	145308
Pfer_Contig00027	2501415780	247622	247798
Pfer_Contig00027	2501415783	248634	248819
Pfer_Contig00027	2501415782	248092	248637
Pfer_Contig00020	2501414654	139754	140110
Pfer_Contig00020	2501414655	140107	140427
Pfer_Contig00020	2501414656	140494	142995
Pfer_Contig00020	2501414657	142976	143755
Pfer_Contig00027	2501415789	252070	254667
Pfer_Contig00027	2501415788	251505	252017
Pfer_Contig00020	2501414652	138750	139034
Pfer_Contig00020	2501414653	139040	139747
Pfer_Contig00026	2501415439	93076	93225
Pfer_Contig00026	2501415438	92392	93045
Pfer_Contig00026	2501415437	91776	92381
Pfer_Contig00026	2501415436	91528	91800
Pfer_Contig00026	2501415435	91217	91531
Pfer_Contig00026	2501415434	91006	91236
Pfer_Contig00026	2501415433	90764	91009
Pfer_Contig00026	2501415432	90360	90767
Pfer_Contig00026	2501415431	90077	90367
Pfer_Contig00026	2501415430	88599	90080
Pfer_Contig00035	2501416821	328628	329212
Pfer_Contig00035	2501416820	327687	328631
Pfer_Contig00035	2501416823	329784	331172
Pfer_Contig00035	2501416822	329212	329736
Pfer_Contig00035	2501416825	332100	332933
Pfer_Contig00035	2501416824	331249	332088
Pfer_Contig00035	2501416827	336775	337653
Pfer_Contig00035	2501416826	332999	336664
Pfer_Contig00035	2501416829	338613	339734
Pfer_Contig00035	2501416828	337714	338586
Pfer_Contig00035	2501416632	128906	129379
Pfer_Contig00025	2501415321	200015	200998
Pfer_Contig00025	2501415320	199275	199955
Pfer_Contig00025	2501415327	205500	205841
Pfer_Contig00025	2501415326	204670	205503
Pfer_Contig00025	2501415325	203117	204484
Pfer_Contig00025	2501415324	201781	203124
Pfer_Contig00035	2501416634	131876	132202
Pfer_Contig00025	2501415329	206544	207812
Pfer_Contig00025	2501415328	205838	206485
Pfer_Contig00035	2501416635	132212	132415
Pfer_Contig00035	2501416629	125930	127099
Pfer_Contig00035	2501416636	132437	133162
Pfer_Contig00035	2501416637	133243	134178
Pfer_Contig00035	2501416799	306127	307074
Pfer_Contig00035	2501416798	305783	306130
Pfer_Contig00035	2501416793	301294	301464
Pfer_Contig00035	2501416792	287663	301297
Pfer_Contig00035	2501416791	285314	287587
Pfer_Contig00035	2501416790	284818	285231
Pfer_Contig00035	2501416797	305277	305735
Pfer_Contig00035	2501416796	303934	305280
Pfer_Contig00035	2501416795	303072	303929
Pfer_Contig00035	2501416794	301597	302895
Pfer_Contig00025	2501415228	118299	119303
Pfer_Contig00025	2501415229	119432	121093
Pfer_Contig00025	2501415226	116967	117890
Pfer_Contig00025	2501415240	131317	132306
Pfer_Contig00025	2501415224	111964	115680
Pfer_Contig00025	2501415225	116649	116963
Pfer_Contig00025	2501415222	110618	110860
Pfer_Contig00025	2501415223	110857	111540
Pfer_Contig00025	2501415220	109148	110221
Pfer_Contig00025	2501415241	132312	135194
Pfer_Contig00022	2501414867	124847	126124
Pfer_Contig00022	2501414866	124260	124706
Pfer_Contig00022	2501414865	123824	124258
Pfer_Contig00022	2501414864	123634	123843
Pfer_Contig00022	2501414863	122293	123585
Pfer_Contig00022	2501414862	121509	122288
Pfer_Contig00022	2501414861	120611	121498
Pfer_Contig00022	2501414860	119511	120614
Pfer_Contig00022	2501414869	127348	128643
Pfer_Contig00022	2501414868	126166	127176
Pfer_Contig00022	2501414889	144860	145279
Pfer_Contig00022	2501414888	143597	144838
Pfer_Contig00022	2501414881	136473	137828
Pfer_Contig00022	2501414841	100284	100511
Pfer_Contig00022	2501414883	138069	138587
Pfer_Contig00022	2501414882	137825	138064
Pfer_Contig00022	2501414885	140162	141580
Pfer_Contig00022	2501414884	138650	139915
Pfer_Contig00022	2501414887	142358	143488
Pfer_Contig00022	2501414840	99549	100280
Pfer_Contig00025	2501415132	26596	28134
Pfer_Contig00035	2501416648	141871	142200
Pfer_Contig00025	2501415130	24676	25569
Pfer_Contig00025	2501415131	25566	26615
Pfer_Contig00025	2501415136	31358	32623
Pfer_Contig00025	2501415137	32620	33411
Pfer_Contig00025	2501415134	29585	30040
Pfer_Contig00025	2501415135	30166	31311
Pfer_Contig00035	2501416641	137358	138275
Pfer_Contig00035	2501416640	136348	137082
Pfer_Contig00025	2501415138	33408	33785
Pfer_Contig00025	2501415139	33761	34162
Pfer_Contig00035	2501416645	140127	140684
Pfer_Contig00035	2501416644	139689	139952
Pfer_Contig00035	2501416647	141499	141816
Pfer_Contig00035	2501416646	140715	141530
Pfer_Contig00028	2501415918	39532	39912
Pfer_Contig00028	2501415919	39909	40655
Pfer_Contig00028	2501415914	34615	36642
Pfer_Contig00028	2501415915	36649	37335
Pfer_Contig00028	2501415916	37687	38742
Pfer_Contig00028	2501415917	38800	39522
Pfer_Contig00028	2501415910	29380	29955
Pfer_Contig00028	2501415911	30056	32728
Pfer_Contig00028	2501415912	33018	34307
Pfer_Contig00028	2501415913	34276	34464
Pfer_Contig00031	2501416258	36690	37253
Pfer_Contig00031	2501416259	37250	38512
Pfer_Contig00031	2501416256	34991	35548
Pfer_Contig00031	2501416257	35545	36552
Pfer_Contig00031	2501416254	33684	34607
Pfer_Contig00031	2501416255	34646	34987
Pfer_Contig00031	2501416252	32828	33061
Pfer_Contig00031	2501416253	33058	33399
Pfer_Contig00031	2501416250	32347	32547
Pfer_Contig00031	2501416251	32544	32822
Pfer_Contig00034	2501416498	161951	163747
Pfer_Contig00035	2501416499	1	366
Pfer_Contig00034	2501416490	156359	156562
Pfer_Contig00034	2501416491	156705	157151
Pfer_Contig00034	2501416492	157251	158201
Pfer_Contig00034	2501416493	158848	159804
Pfer_Contig00034	2501416494	159917	160444
Pfer_Contig00034	2501416495	160491	161015
Pfer_Contig00034	2501416496	161012	161335
Pfer_Contig00034	2501416497	161373	161840
Pfer_Contig00022	2501414799	58169	59158
Pfer_Contig00022	2501414798	57427	58143
Pfer_Contig00022	2501414795	53837	54376
Pfer_Contig00022	2501414794	53145	53840
Pfer_Contig00022	2501414797	55973	57424
Pfer_Contig00022	2501414796	54614	55933
Pfer_Contig00022	2501414791	51653	51901
Pfer_Contig00022	2501414790	50749	51513
Pfer_Contig00022	2501414793	52536	53111
Pfer_Contig00022	2501414792	51898	52539
Pfer_Contig00029	2501416076	116950	117285
Pfer_Contig00029	2501416077	117452	119002
Pfer_Contig00029	2501416074	113736	116294
Pfer_Contig00029	2501416075	116332	116907
Pfer_Contig00029	2501416072	109746	111299
Pfer_Contig00029	2501416073	111764	113665
Pfer_Contig00029	2501416070	108178	108291
Pfer_Contig00029	2501416071	108331	109707
Pfer_Contig00029	2501416078	119002	119469
Pfer_Contig00029	2501416079	119483	120061
Pfer_Contig00025	2501415270	162050	162148
Pfer_Contig00035	2501416709	202041	202580
Pfer_Contig00020	2501414643	131726	132502
Pfer_Contig00020	2501414642	130925	131767
Pfer_Contig00020	2501414641	130462	130872
Pfer_Contig00020	2501414640	129474	130397
Pfer_Contig00020	2501414647	135110	135601
Pfer_Contig00020	2501414646	134607	135044
Pfer_Contig00020	2501414645	133092	134438
Pfer_Contig00020	2501414644	132781	133029
Pfer_Contig00020	2501414649	136164	137216
Pfer_Contig00020	2501414648	135734	136162
Pfer_Contig00023	2501415019	51695	51982
Pfer_Contig00029	2501416108	146273	147061
Pfer_Contig00029	2501416109	147063	148241
Pfer_Contig00035	2501416705	198373	199440
Pfer_Contig00029	2501416102	142745	143311
Pfer_Contig00029	2501416103	143326	143886
Pfer_Contig00029	2501416100	140508	140693
Pfer_Contig00029	2501416101	140862	142676
Pfer_Contig00029	2501416106	144996	145499
Pfer_Contig00029	2501416107	145545	146276
Pfer_Contig00029	2501416104	143892	144398
Pfer_Contig00029	2501416105	144487	144957
Pfer_Contig00027	2501415708	174788	176170
Pfer_Contig00027	2501415684	152658	152867
Pfer_Contig00027	2501415685	153008	154426
Pfer_Contig00027	2501415686	154442	155701
Pfer_Contig00027	2501415687	155936	156784
Pfer_Contig00027	2501415680	151580	151714
Pfer_Contig00027	2501415681	151686	151826
Pfer_Contig00027	2501415682	151823	152191
Pfer_Contig00027	2501415683	152355	152654
Pfer_Contig00027	2501415706	172876	174057
Pfer_Contig00035	2501416814	322422	323903
Pfer_Contig00035	2501416815	323985	325316
Pfer_Contig00035	2501416816	325442	325891
Pfer_Contig00035	2501416817	325888	326598
Pfer_Contig00035	2501416810	316807	318051
Pfer_Contig00035	2501416811	318215	319831
Pfer_Contig00035	2501416812	319834	320985
Pfer_Contig00035	2501416813	321028	322200
Pfer_Contig00035	2501416818	326694	327302
Pfer_Contig00035	2501416819	327338	327667
Pfer_Contig00026	2501415355	15923	19168
Pfer_Contig00026	2501415352	13983	14690
Pfer_Contig00026	2501415353	14781	15431
Pfer_Contig00026	2501415350	10773	12638
Pfer_Contig00026	2501415351	12805	13854
Pfer_Contig00035	2501416627	124965	125387
Pfer_Contig00026	2501415358	19670	20497
Pfer_Contig00026	2501415359	20594	21259
Pfer_Contig00035	2501416747	240227	241045
Pfer_Contig00025	2501415276	164407	165318
Pfer_Contig00025	2501415239	129132	131312
Pfer_Contig00025	2501415238	128205	129122
Pfer_Contig00025	2501415235	126204	126692
Pfer_Contig00025	2501415234	124399	126117
Pfer_Contig00025	2501415237	127268	128200
Pfer_Contig00025	2501415236	126673	127164
Pfer_Contig00025	2501415231	122001	122633
Pfer_Contig00025	2501415230	121295	121963
Pfer_Contig00025	2501415233	123423	124370
Pfer_Contig00025	2501415232	122615	123439
Pfer_Contig00025	2501415279	167287	168411
Pfer_Contig00025	2501415278	166056	167306
Pfer_Contig00035	2501416630	127458	127745
Pfer_Contig00025	2501415121	17865	18332
Pfer_Contig00025	2501415120	17684	17884
Pfer_Contig00025	2501415123	19068	20807
Pfer_Contig00025	2501415122	18325	18891
Pfer_Contig00035	2501416678	168212	169018
Pfer_Contig00025	2501415124	20797	22554
Pfer_Contig00025	2501415127	23341	24087
Pfer_Contig00025	2501415126	22753	23319
Pfer_Contig00035	2501416674	164792	166012
Pfer_Contig00025	2501415128	24091	24252
Pfer_Contig00035	2501416676	166516	167409
Pfer_Contig00035	2501416677	167442	168209
Pfer_Contig00035	2501416670	162727	163188
Pfer_Contig00035	2501416671	163185	163370
Pfer_Contig00035	2501416672	163367	164020
Pfer_Contig00035	2501416673	164026	164781
Pfer_Contig00030	2501416176	65885	67642
Pfer_Contig00035	2501416631	127768	128586
Pfer_Contig00030	2501416171	60869	61966
Pfer_Contig00030	2501416170	59920	60807
Pfer_Contig00035	2501416633	129758	131848
Pfer_Contig00028	2501415903	23971	24618
Pfer_Contig00028	2501415902	23188	23907
Pfer_Contig00028	2501415901	22515	23039
Pfer_Contig00028	2501415900	21280	22551
Pfer_Contig00028	2501415907	27762	28247
Pfer_Contig00028	2501415906	27532	27765
Pfer_Contig00028	2501415905	25170	27065
Pfer_Contig00028	2501415904	24689	25048
Pfer_Contig00028	2501415909	29172	29408
Pfer_Contig00031	2501416249	32240	32341
Pfer_Contig00031	2501416248	31648	32235
Pfer_Contig00031	2501416245	29926	30033
Pfer_Contig00031	2501416244	29648	29803
Pfer_Contig00031	2501416247	31091	31642
Pfer_Contig00031	2501416246	30066	31010
Pfer_Contig00031	2501416241	28962	29102
Pfer_Contig00031	2501416240	28677	28910
Pfer_Contig00031	2501416243	29286	29642
Pfer_Contig00031	2501416242	29099	29293
Pfer_Contig00034	2501416489	156147	156356
Pfer_Contig00034	2501416488	155717	156088
Pfer_Contig00034	2501416487	155069	155608
Pfer_Contig00034	2501416486	153561	155072
Pfer_Contig00034	2501416485	153225	153464
Pfer_Contig00034	2501416484	152888	153139
Pfer_Contig00034	2501416483	152109	152888
Pfer_Contig00034	2501416482	151015	151824
Pfer_Contig00034	2501416481	149663	150952
Pfer_Contig00034	2501416480	149280	149567
Pfer_Contig00025	2501415277	165511	166056
Pfer_Contig00020	2501414522	32233	32529
Pfer_Contig00020	2501414523	32533	32811
Pfer_Contig00020	2501414520	31419	31580
Pfer_Contig00020	2501414521	31660	32175
Pfer_Contig00020	2501414526	34063	35058
Pfer_Contig00020	2501414527	35350	35553
Pfer_Contig00020	2501414524	32928	33386
Pfer_Contig00020	2501414525	33415	33858
Pfer_Contig00020	2501414528	35646	36023
Pfer_Contig00020	2501414529	36029	36451
Pfer_Contig00027	2501415631	104583	105644
Pfer_Contig00027	2501415630	103499	104425
Pfer_Contig00029	2501416065	105398	105931
Pfer_Contig00029	2501416064	104457	105359
Pfer_Contig00029	2501416067	106980	107345
Pfer_Contig00029	2501416066	105919	106947
Pfer_Contig00029	2501416061	102045	102578
Pfer_Contig00029	2501416060	100177	102048
Pfer_Contig00029	2501416063	103838	104425
Pfer_Contig00029	2501416062	102697	103833
Pfer_Contig00027	2501415698	163997	164968
Pfer_Contig00029	2501416069	107749	108108
Pfer_Contig00029	2501416068	107342	107584
Pfer_Contig00021	2501414720	57460	58212
Pfer_Contig00021	2501414721	58193	60049
Pfer_Contig00020	2501414636	124553	125167
Pfer_Contig00020	2501414637	125167	126459
Pfer_Contig00020	2501414634	122997	123755
Pfer_Contig00020	2501414635	123724	124551
Pfer_Contig00020	2501414632	120961	121620
Pfer_Contig00020	2501414633	121617	122909
Pfer_Contig00020	2501414630	119443	120036
Pfer_Contig00020	2501414631	120038	120964
Pfer_Contig00020	2501414638	126519	127241
Pfer_Contig00020	2501414639	127511	129472
Pfer_Contig00030	2501416119	6661	7131
Pfer_Contig00030	2501416118	5398	6582
Pfer_Contig00030	2501416111	424	927
Pfer_Contig00030	2501416110	3	380
Pfer_Contig00030	2501416113	2095	2370
Pfer_Contig00030	2501416112	1012	2031
Pfer_Contig00030	2501416115	2658	3248
Pfer_Contig00030	2501416114	2393	2569
Pfer_Contig00030	2501416117	3968	5314
Pfer_Contig00027	2501415693	160516	161421
Pfer_Contig00027	2501415692	159016	160467
Pfer_Contig00027	2501415691	158518	158955
Pfer_Contig00027	2501415690	157205	158527
Pfer_Contig00027	2501415697	163113	163973
Pfer_Contig00027	2501415696	162643	163062
Pfer_Contig00027	2501415695	161915	162646
Pfer_Contig00027	2501415694	161418	161891
Pfer_Contig00022	2501414742	15945	16094
Pfer_Contig00022	2501414743	16091	16417
Pfer_Contig00027	2501415699	165037	168063
Pfer_Contig00022	2501414741	15205	15939
Pfer_Contig00022	2501414746	17179	17328
Pfer_Contig00022	2501414747	17318	17626
Pfer_Contig00022	2501414744	16414	16602
Pfer_Contig00022	2501414745	16670	17137
Pfer_Contig00035	2501416809	316192	316734
Pfer_Contig00035	2501416808	315199	316203
Pfer_Contig00035	2501416803	311509	312192
Pfer_Contig00035	2501416802	310933	311379
Pfer_Contig00035	2501416801	310490	310957
Pfer_Contig00035	2501416800	308987	310351
Pfer_Contig00035	2501416807	314817	315143
Pfer_Contig00035	2501416806	314527	314814
Pfer_Contig00035	2501416805	312644	314479
Pfer_Contig00035	2501416804	312234	312488
Pfer_Contig00026	2501415345	7111	7536
Pfer_Contig00026	2501415344	6435	7085
Pfer_Contig00026	2501415347	7910	8437
Pfer_Contig00026	2501415346	7623	7859
Pfer_Contig00026	2501415341	3960	4454
Pfer_Contig00026	2501415340	2945	3958
Pfer_Contig00026	2501415343	5362	6366
Pfer_Contig00026	2501415342	4464	5357
Pfer_Contig00026	2501415349	9450	10637
Pfer_Contig00026	2501415348	8636	9424
Pfer_Contig00025	2501415200	91070	91630
Pfer_Contig00025	2501415201	91748	91942
Pfer_Contig00025	2501415202	91987	92184
Pfer_Contig00025	2501415203	92174	94357
Pfer_Contig00025	2501415204	94363	96597
Pfer_Contig00025	2501415205	96720	97967
Pfer_Contig00025	2501415206	98035	98271
Pfer_Contig00025	2501415207	98273	98833
Pfer_Contig00025	2501415208	98944	99411
Pfer_Contig00025	2501415209	99408	100247
Pfer_Contig00035	2501416759	252829	254226
Pfer_Contig00024	2501415067	4675	5289
Pfer_Contig00035	2501416757	250869	251813
Pfer_Contig00035	2501416756	249173	250837
Pfer_Contig00035	2501416663	155649	156371
Pfer_Contig00035	2501416662	154448	155671
Pfer_Contig00025	2501415116	14095	14658
Pfer_Contig00025	2501415117	14668	15195
Pfer_Contig00025	2501415110	11520	11699
Pfer_Contig00035	2501416666	159742	160503
Pfer_Contig00035	2501416665	157624	159489
Pfer_Contig00025	2501415113	12822	13112
Pfer_Contig00035	2501416669	162255	162725
Pfer_Contig00035	2501416668	161263	162258
Pfer_Contig00025	2501415118	15192	16808
Pfer_Contig00025	2501415119	16855	17625
Pfer_Contig00035	2501416616	116989	118305
Pfer_Contig00023	2501414981	20770	21630
Pfer_Contig00035	2501416614	114867	115826
Pfer_Contig00022	2501414828	86420	87094
Pfer_Contig00035	2501416612	112983	114002
Pfer_Contig00023	2501414985	24253	24849
Pfer_Contig00035	2501416610	110366	111067
Pfer_Contig00035	2501416611	111359	112936
Pfer_Contig00025	2501415268	161747	161893
Pfer_Contig00029	2501415976	20583	22217
Pfer_Contig00029	2501415977	23003	23593
Pfer_Contig00029	2501415974	18585	19466
Pfer_Contig00025	2501415269	161883	162032
Pfer_Contig00029	2501415972	16983	17897
Pfer_Contig00029	2501415973	17924	18598
Pfer_Contig00029	2501415970	15875	16300
Pfer_Contig00029	2501415971	16334	16981
Pfer_Contig00029	2501415978	23577	23864
Pfer_Contig00029	2501415979	23861	24748
Pfer_Contig00031	2501416270	48488	49453
Pfer_Contig00031	2501416271	49643	49864
Pfer_Contig00032	2501416272	2	379
Pfer_Contig00032	2501416273	429	1076
Pfer_Contig00032	2501416274	1096	1569
Pfer_Contig00032	2501416275	1573	2832
Pfer_Contig00032	2501416276	2847	3308
Pfer_Contig00032	2501416277	3308	3781
Pfer_Contig00032	2501416278	3800	4498
Pfer_Contig00032	2501416279	4500	6134
Pfer_Contig00034	2501416472	142523	144676
Pfer_Contig00034	2501416473	144899	146128
Pfer_Contig00034	2501416470	141278	141847
Pfer_Contig00034	2501416471	141905	142522
Pfer_Contig00034	2501416476	147089	147505
Pfer_Contig00034	2501416477	147444	148052
Pfer_Contig00034	2501416474	146153	146644
Pfer_Contig00034	2501416475	146697	147092
Pfer_Contig00034	2501416478	148112	148447
Pfer_Contig00034	2501416479	148444	149283
Pfer_Contig00027	2501415808	272981	273652
Pfer_Contig00027	2501415809	273666	273995
Pfer_Contig00027	2501415802	268223	268654
Pfer_Contig00027	2501415803	268721	269476
Pfer_Contig00027	2501415800	265480	266484
Pfer_Contig00027	2501415801	266602	267891
Pfer_Contig00027	2501415806	271584	272726
Pfer_Contig00027	2501415807	272765	272935
Pfer_Contig00027	2501415804	269478	270104
Pfer_Contig00027	2501415805	270245	271573
Pfer_Contig00035	2501416586	88056	88805
Pfer_Contig00035	2501416587	88837	89235
Pfer_Contig00035	2501416584	86209	87024
Pfer_Contig00035	2501416585	87038	88063
Pfer_Contig00035	2501416582	83113	83763
Pfer_Contig00035	2501416583	83760	86162
Pfer_Contig00035	2501416580	81449	82297
Pfer_Contig00035	2501416581	82446	83129
Pfer_Contig00035	2501416588	89274	89747
Pfer_Contig00035	2501416589	89778	90518
Pfer_Contig00020	2501414531	36902	37759
Pfer_Contig00020	2501414530	36471	36857
Pfer_Contig00020	2501414533	38794	39360
Pfer_Contig00020	2501414532	38084	38653
Pfer_Contig00020	2501414535	42967	43542
Pfer_Contig00020	2501414534	39430	42840
Pfer_Contig00020	2501414537	44319	44516
Pfer_Contig00020	2501414536	43514	44203
Pfer_Contig00020	2501414539	45272	45874
Pfer_Contig00020	2501414538	44517	45209
Pfer_Contig00029	2501416058	99626	99934
Pfer_Contig00029	2501416059	99935	100156
Pfer_Contig00029	2501416050	91981	93123
Pfer_Contig00029	2501416051	93132	94097
Pfer_Contig00029	2501416052	94101	94301
Pfer_Contig00029	2501416053	94298	95083
Pfer_Contig00029	2501416054	95165	95773
Pfer_Contig00029	2501416055	95868	96701
Pfer_Contig00029	2501416056	96701	98557
Pfer_Contig00029	2501416057	98651	99532
Pfer_Contig00032	2501416298	22298	22546
Pfer_Contig00033	2501416299	48	542
Pfer_Contig00032	2501416292	16202	18103
Pfer_Contig00032	2501416293	18024	18722
Pfer_Contig00032	2501416290	14313	14903
Pfer_Contig00032	2501416291	15009	16154
Pfer_Contig00032	2501416296	20976	21668
Pfer_Contig00032	2501416297	21661	22311
Pfer_Contig00032	2501416294	18810	20237
Pfer_Contig00032	2501416295	20320	20847
Pfer_Contig00027	2501415590	74674	75972
Pfer_Contig00027	2501415591	75969	77336
Pfer_Contig00027	2501415592	77410	80817
Pfer_Contig00027	2501415593	80801	81802
Pfer_Contig00027	2501415594	81813	82784
Pfer_Contig00027	2501415595	82781	84037
Pfer_Contig00027	2501415596	84034	84963
Pfer_Contig00027	2501415597	85121	85618
Pfer_Contig00027	2501415598	85615	85878
Pfer_Contig00027	2501415599	85875	86237
Pfer_Contig00027	2501415752	219322	220230
Pfer_Contig00027	2501415753	220242	221438
Pfer_Contig00027	2501415750	216488	217822
Pfer_Contig00027	2501415751	217867	219258
Pfer_Contig00027	2501415756	223749	225380
Pfer_Contig00027	2501415757	225374	226378
Pfer_Contig00027	2501415754	221509	222753
Pfer_Contig00027	2501415755	222872	223705
Pfer_Contig00027	2501415758	226362	227447
Pfer_Contig00027	2501415759	227546	228580
Pfer_Contig00020	2501414625	116508	117158
Pfer_Contig00020	2501414624	116050	116475
Pfer_Contig00020	2501414627	117653	118021
Pfer_Contig00020	2501414626	117537	117656
Pfer_Contig00020	2501414621	113510	114211
Pfer_Contig00020	2501414620	112662	113513
Pfer_Contig00021	2501414680	19956	20894
Pfer_Contig00020	2501414622	114208	114912
Pfer_Contig00020	2501414629	118770	119384
Pfer_Contig00020	2501414628	118031	118792
Pfer_Contig00030	2501416128	15688	17547
Pfer_Contig00030	2501416129	17833	21699
Pfer_Contig00035	2501416607	108465	108803
Pfer_Contig00030	2501416124	12108	14243
Pfer_Contig00030	2501416125	14248	14919
Pfer_Contig00030	2501416126	14921	15163
Pfer_Contig00030	2501416127	15394	15630
Pfer_Contig00030	2501416120	7136	8380
Pfer_Contig00030	2501416121	8467	8652
Pfer_Contig00030	2501416122	9162	10619
Pfer_Contig00030	2501416123	10690	12111
Pfer_Contig00022	2501414759	25645	27897
Pfer_Contig00022	2501414758	25035	25670
Pfer_Contig00022	2501414751	20886	21251
Pfer_Contig00022	2501414750	19996	20838
Pfer_Contig00022	2501414753	21785	22327
Pfer_Contig00022	2501414752	21232	21816
Pfer_Contig00022	2501414755	22953	23765
Pfer_Contig00022	2501414754	22324	22944
Pfer_Contig00022	2501414757	24548	24967
Pfer_Contig00022	2501414756	23768	24451
Pfer_Contig00036	2501416878	2282	2773
Pfer_Contig00042	2501416879	1	939
Pfer_Contig00036	2501416877	1231	2280
Pfer_Contig00036	2501416874	34	435
Pfer_Contig00036	2501416875	557	1123
Pfer_Contig00035	2501416872	376262	377188
Pfer_Contig00035	2501416873	377203	377592
Pfer_Contig00035	2501416870	374841	375761
Pfer_Contig00035	2501416871	375803	376282
Pfer_Contig00026	2501415378	37515	39224
Pfer_Contig00026	2501415379	39296	40687
Pfer_Contig00026	2501415370	33066	34550
Pfer_Contig00026	2501415371	34547	34891
Pfer_Contig00026	2501415372	34888	35604
Pfer_Contig00026	2501415373	35598	35879
Pfer_Contig00026	2501415374	35876	36244
Pfer_Contig00026	2501415375	36241	36495
Pfer_Contig00026	2501415376	36492	36998
Pfer_Contig00026	2501415377	37218	37514
Pfer_Contig00027	2501415578	59370	59912
Pfer_Contig00027	2501415579	59989	61173
Pfer_Contig00027	2501415572	54043	55296
Pfer_Contig00027	2501415573	55289	55918
Pfer_Contig00027	2501415570	51469	51963
Pfer_Contig00027	2501415571	52620	53951
Pfer_Contig00027	2501415576	57908	58408
Pfer_Contig00027	2501415577	58405	59304
Pfer_Contig00027	2501415574	56037	56990
Pfer_Contig00027	2501415575	57165	57896
Pfer_Contig00025	2501415217	107205	107441
Pfer_Contig00025	2501415216	106232	107077
Pfer_Contig00025	2501415215	105162	106172
Pfer_Contig00025	2501415214	104678	105157
Pfer_Contig00025	2501415213	103672	104676
Pfer_Contig00025	2501415212	102685	103671
Pfer_Contig00025	2501415211	101240	102544
Pfer_Contig00025	2501415210	100293	101129
Pfer_Contig00025	2501415219	107752	108672
Pfer_Contig00025	2501415218	107453	107626
Pfer_Contig00020	2501414490	2320	3096
Pfer_Contig00020	2501414491	3109	4425
Pfer_Contig00025	2501415109	10735	11511
Pfer_Contig00025	2501415108	9434	10738
Pfer_Contig00025	2501415103	7095	7385
Pfer_Contig00025	2501415102	6433	6882
Pfer_Contig00025	2501415101	5609	6325
Pfer_Contig00025	2501415100	5039	5566
Pfer_Contig00025	2501415107	9145	9399
Pfer_Contig00025	2501415106	8751	9161
Pfer_Contig00025	2501415105	7828	8754
Pfer_Contig00025	2501415104	7390	7776
Pfer_Contig00023	2501414980	19894	20739
Pfer_Contig00035	2501416617	118308	118766
Pfer_Contig00023	2501414982	21705	23207
Pfer_Contig00035	2501416615	115819	116829
Pfer_Contig00023	2501414984	23480	24193
Pfer_Contig00035	2501416613	114013	114861
Pfer_Contig00023	2501414986	24911	26266
Pfer_Contig00023	2501414987	26311	27363
Pfer_Contig00023	2501414988	27345	27587
Pfer_Contig00023	2501414989	27683	27991
Pfer_Contig00035	2501416618	118818	119231
Pfer_Contig00035	2501416619	119206	119574
Pfer_Contig00023	2501414968	8332	10041
Pfer_Contig00023	2501414969	10125	10895
Pfer_Contig00023	2501414962	4861	5340
Pfer_Contig00023	2501414963	5385	5726
Pfer_Contig00023	2501414960	2898	3848
Pfer_Contig00023	2501414961	3914	4810
Pfer_Contig00023	2501414966	7062	7766
Pfer_Contig00023	2501414967	7763	8335
Pfer_Contig00023	2501414964	5848	6540
Pfer_Contig00023	2501414965	6585	6980
Pfer_Contig00035	2501416728	222106	222846
Pfer_Contig00035	2501416729	223010	224191
Pfer_Contig00035	2501416722	216565	217752
Pfer_Contig00035	2501416723	217767	218819
Pfer_Contig00035	2501416720	214121	215176
Pfer_Contig00035	2501416721	215183	216256
Pfer_Contig00035	2501416726	220085	221020
Pfer_Contig00035	2501416727	220992	222113
Pfer_Contig00035	2501416724	218927	219655
Pfer_Contig00035	2501416725	219878	220081
Pfer_Contig00029	2501415965	11883	12377
Pfer_Contig00029	2501415964	11527	11886
Pfer_Contig00029	2501415967	13259	13690
Pfer_Contig00029	2501415966	12448	13269
Pfer_Contig00029	2501415961	9005	10072
Pfer_Contig00029	2501415960	5578	8994
Pfer_Contig00029	2501415963	10988	11464
Pfer_Contig00029	2501415962	10078	10983
Pfer_Contig00029	2501415969	14640	15878
Pfer_Contig00029	2501415968	13687	14640
Pfer_Contig00031	2501416267	46210	46734
Pfer_Contig00031	2501416266	44864	46204
Pfer_Contig00031	2501416265	44453	44815
Pfer_Contig00031	2501416264	42363	44417
Pfer_Contig00031	2501416263	40977	42299
Pfer_Contig00031	2501416262	40480	40977
Pfer_Contig00031	2501416261	39329	40327
Pfer_Contig00031	2501416260	38586	39332
Pfer_Contig00031	2501416269	48154	48477
Pfer_Contig00031	2501416268	46737	47993
Pfer_Contig00034	2501416461	121147	121671
Pfer_Contig00034	2501416460	120305	121156
Pfer_Contig00034	2501416463	122292	122846
Pfer_Contig00034	2501416462	121711	122295
Pfer_Contig00034	2501416465	123204	124352
Pfer_Contig00034	2501416464	122856	123107
Pfer_Contig00034	2501416467	125587	138060
Pfer_Contig00034	2501416466	124471	125214
Pfer_Contig00034	2501416469	139652	141037
Pfer_Contig00034	2501416468	138129	139670
Pfer_Contig00027	2501415819	282380	283078
Pfer_Contig00027	2501415818	281598	282428
Pfer_Contig00027	2501415811	275380	276051
Pfer_Contig00027	2501415810	274143	275375
Pfer_Contig00027	2501415813	277069	277821
Pfer_Contig00027	2501415812	276281	277063
Pfer_Contig00027	2501415815	279274	279546
Pfer_Contig00027	2501415814	277872	279098
Pfer_Contig00027	2501415817	280337	281596
Pfer_Contig00027	2501415816	279543	280334
Pfer_Contig00035	2501416595	96307	97842
Pfer_Contig00035	2501416594	93221	95974
Pfer_Contig00035	2501416597	98452	99264
Pfer_Contig00035	2501416596	97899	98402
Pfer_Contig00035	2501416591	91645	92361
Pfer_Contig00035	2501416590	90624	91652
Pfer_Contig00035	2501416593	92715	93224
Pfer_Contig00035	2501416592	92448	92660
Pfer_Contig00035	2501416501	1755	2408
Pfer_Contig00035	2501416599	100508	101617
Pfer_Contig00035	2501416598	99261	100511
Pfer_Contig00020	2501414504	16283	17467
Pfer_Contig00020	2501414505	17478	17795
Pfer_Contig00020	2501414506	17867	18802
Pfer_Contig00020	2501414507	18808	19995
Pfer_Contig00020	2501414500	11780	12100
Pfer_Contig00020	2501414501	12111	14510
Pfer_Contig00020	2501414502	14626	15210
Pfer_Contig00020	2501414503	15277	16272
Pfer_Contig00020	2501414508	20006	20323
Pfer_Contig00020	2501414509	20387	20944
Pfer_Contig00029	2501416049	90768	91892
Pfer_Contig00029	2501416048	89901	90776
Pfer_Contig00029	2501416047	88726	89817
Pfer_Contig00029	2501416046	87225	88736
Pfer_Contig00029	2501416045	86153	87208
Pfer_Contig00029	2501416044	85044	85706
Pfer_Contig00029	2501416043	84410	84955
Pfer_Contig00029	2501416042	84171	84386
Pfer_Contig00029	2501416041	83920	84174
Pfer_Contig00029	2501416040	82484	83920
Pfer_Contig00032	2501416289	13689	14309
Pfer_Contig00032	2501416288	13411	13692
Pfer_Contig00032	2501416281	7856	9832
Pfer_Contig00032	2501416280	6144	7859
Pfer_Contig00032	2501416283	10402	10635
Pfer_Contig00032	2501416282	9800	10303
Pfer_Contig00032	2501416285	12177	12737
Pfer_Contig00032	2501416284	10687	12168
Pfer_Contig00032	2501416287	13012	13398
Pfer_Contig00032	2501416286	12701	13015
Pfer_Contig00027	2501415587	70380	71627
Pfer_Contig00027	2501415586	69643	70383
Pfer_Contig00027	2501415585	68771	69646
Pfer_Contig00027	2501415584	67755	68774
Pfer_Contig00027	2501415583	67140	67604
Pfer_Contig00027	2501415582	65345	67147
Pfer_Contig00027	2501415581	62484	65345
Pfer_Contig00027	2501415580	61268	62446
Pfer_Contig00027	2501415589	72469	74535
Pfer_Contig00027	2501415588	71820	72485
Pfer_Contig00027	2501415741	209342	209752
Pfer_Contig00020	2501414619	112216	112542
Pfer_Contig00027	2501415743	210838	211638
Pfer_Contig00027	2501415742	209883	210728
Pfer_Contig00027	2501415745	213588	213986
Pfer_Contig00027	2501415744	211826	213520
Pfer_Contig00027	2501415747	214558	214947
Pfer_Contig00027	2501415746	214010	214504
Pfer_Contig00027	2501415749	215642	216343
Pfer_Contig00020	2501414611	106783	107121
Pfer_Contig00020	2501414612	107126	107815
Pfer_Contig00020	2501414613	107812	108249
Pfer_Contig00020	2501414614	108246	108989
Pfer_Contig00020	2501414615	108986	110098
Pfer_Contig00020	2501414616	110255	110779
Pfer_Contig00020	2501414617	111035	111697
Pfer_Contig00030	2501416133	24703	25176
Pfer_Contig00030	2501416132	23800	24651
Pfer_Contig00030	2501416131	22466	23803
Pfer_Contig00030	2501416130	21887	22351
Pfer_Contig00030	2501416137	30255	30446
Pfer_Contig00030	2501416136	28994	30166
Pfer_Contig00030	2501416135	26398	28911
Pfer_Contig00030	2501416134	25357	26349
Pfer_Contig00030	2501416139	31185	31925
Pfer_Contig00030	2501416138	30585	31115
Pfer_Contig00022	2501414768	33442	34266
Pfer_Contig00022	2501414769	34358	35305
Pfer_Contig00022	2501414764	30642	31514
Pfer_Contig00022	2501414765	31587	32006
Pfer_Contig00022	2501414766	32233	32739
Pfer_Contig00022	2501414767	32736	33476
Pfer_Contig00022	2501414760	27985	28734
Pfer_Contig00022	2501414761	28785	29126
Pfer_Contig00022	2501414762	29113	29742
Pfer_Contig00022	2501414763	29752	30642
Pfer_Contig00035	2501416869	373650	374747
Pfer_Contig00035	2501416868	372447	373643
Pfer_Contig00035	2501416865	369189	370511
Pfer_Contig00035	2501416864	368833	369183
Pfer_Contig00035	2501416867	371440	372231
Pfer_Contig00035	2501416866	370623	371525
Pfer_Contig00035	2501416861	365630	366607
Pfer_Contig00035	2501416860	365079	365618
Pfer_Contig00035	2501416863	367945	368718
Pfer_Contig00035	2501416862	366604	367878
Pfer_Contig00026	2501415369	31213	33069
Pfer_Contig00026	2501415368	30280	31209
Pfer_Contig00026	2501415367	29688	30269
Pfer_Contig00026	2501415366	29146	29685
Pfer_Contig00026	2501415365	27960	29135
Pfer_Contig00026	2501415364	27259	27960
Pfer_Contig00026	2501415363	25873	27150
Pfer_Contig00026	2501415362	23287	25782
Pfer_Contig00026	2501415361	22569	23063
Pfer_Contig00026	2501415360	21639	22256
Pfer_Contig00027	2501415569	50810	51259
Pfer_Contig00027	2501415568	50637	50810
Pfer_Contig00027	2501415561	43789	46107
Pfer_Contig00027	2501415560	43326	43640
Pfer_Contig00027	2501415563	46415	47014
Pfer_Contig00027	2501415562	46156	46431
Pfer_Contig00027	2501415565	48087	49403
Pfer_Contig00027	2501415564	47123	48031
Pfer_Contig00027	2501415567	50340	50540
Pfer_Contig00027	2501415566	49553	50353
Pfer_Contig00027	2501415796	262938	263789
Pfer_Contig00027	2501415797	263789	264349
Pfer_Contig00022	2501414934	189862	190134
Pfer_Contig00027	2501415798	264679	265173
Pfer_Contig00025	2501415178	74045	74767
Pfer_Contig00025	2501415179	74864	75709
Pfer_Contig00025	2501415176	71916	72518
Pfer_Contig00025	2501415177	72624	73904
Pfer_Contig00025	2501415174	70230	71651
Pfer_Contig00025	2501415175	71641	71913
Pfer_Contig00025	2501415172	68740	69588
Pfer_Contig00025	2501415173	69745	70200
Pfer_Contig00025	2501415171	67731	68735
Pfer_Contig00023	2501414997	35143	36771
Pfer_Contig00023	2501414996	34096	35097
Pfer_Contig00023	2501414995	32894	34096
Pfer_Contig00023	2501414994	32327	32839
Pfer_Contig00035	2501416601	102726	102950
Pfer_Contig00023	2501414992	30910	32121
Pfer_Contig00023	2501414991	28805	30784
Pfer_Contig00023	2501414990	28040	28717
Pfer_Contig00035	2501416609	109650	110375
Pfer_Contig00035	2501416608	109064	109711
Pfer_Contig00023	2501414999	37177	37632
Pfer_Contig00023	2501414998	36782	37171
Pfer_Contig00023	2501414979	18225	19835
Pfer_Contig00023	2501414978	16872	18044
Pfer_Contig00023	2501414971	11883	12353
Pfer_Contig00023	2501414970	10900	11886
Pfer_Contig00023	2501414973	12848	13573
Pfer_Contig00023	2501414972	12448	12879
Pfer_Contig00023	2501414975	14362	14940
Pfer_Contig00023	2501414974	13570	14349
Pfer_Contig00023	2501414977	15679	16854
Pfer_Contig00023	2501414976	14933	15544
Pfer_Contig00023	2501415002	39897	40787
Pfer_Contig00023	2501415003	40798	42243
Pfer_Contig00023	2501415000	37639	38766
Pfer_Contig00023	2501415001	38834	39904
Pfer_Contig00023	2501415006	44713	45222
Pfer_Contig00023	2501415007	45227	46417
Pfer_Contig00023	2501415004	42293	43192
Pfer_Contig00023	2501415005	43243	44595
Pfer_Contig00035	2501416731	225342	226073
Pfer_Contig00035	2501416730	224188	225345
Pfer_Contig00035	2501416733	226787	227083
Pfer_Contig00023	2501415009	46815	47075
Pfer_Contig00035	2501416735	227615	229771
Pfer_Contig00035	2501416734	227209	227517
Pfer_Contig00035	2501416737	230453	231190
Pfer_Contig00035	2501416736	229881	230447
Pfer_Contig00023	2501414983	23191	23472
Pfer_Contig00035	2501416711	203300	204388
Pfer_Contig00034	2501416454	115344	116159
Pfer_Contig00034	2501416455	116156	116479
Pfer_Contig00034	2501416456	116463	117578
Pfer_Contig00034	2501416457	117568	117954
Pfer_Contig00034	2501416450	113403	113666
Pfer_Contig00034	2501416451	113676	114875
Pfer_Contig00034	2501416452	114865	115185
Pfer_Contig00034	2501416453	115262	115372
Pfer_Contig00034	2501416458	117964	118677
Pfer_Contig00034	2501416459	118690	120108
Pfer_Contig00025	2501415288	176412	176513
Pfer_Contig00027	2501415828	293654	294115
Pfer_Contig00027	2501415829	294112	294867
Pfer_Contig00025	2501415289	176516	177181
Pfer_Contig00027	2501415824	289079	290134
Pfer_Contig00027	2501415825	290146	291612
Pfer_Contig00027	2501415826	291622	292581
Pfer_Contig00027	2501415827	292592	293599
Pfer_Contig00027	2501415820	283180	284079
Pfer_Contig00027	2501415821	284138	284839
Pfer_Contig00027	2501415822	284823	286043
Pfer_Contig00027	2501415823	286400	288877
Pfer_Contig00025	2501415125	22588	22728
Pfer_Contig00027	2501415651	119817	121013
Pfer_Contig00035	2501416679	169123	170163
Pfer_Contig00025	2501415284	172558	173901
Pfer_Contig00029	2501415958	3350	4603
Pfer_Contig00025	2501415129	24249	24578
Pfer_Contig00035	2501416675	166349	166453
Pfer_Contig00028	2501415950	70298	71248
Pfer_Contig00028	2501415951	71245	72060
Pfer_Contig00028	2501415952	72095	73255
Pfer_Contig00028	2501415953	73349	73666
Pfer_Contig00029	2501415954	2	775
Pfer_Contig00029	2501415955	926	1381
Pfer_Contig00029	2501415956	1366	1626
Pfer_Contig00029	2501415957	1710	2780
Pfer_Contig00020	2501414519	31061	31408
Pfer_Contig00020	2501414518	30849	31022
Pfer_Contig00020	2501414513	25170	26549
Pfer_Contig00020	2501414512	23663	25180
Pfer_Contig00020	2501414511	22176	23459
Pfer_Contig00020	2501414510	21236	22207
Pfer_Contig00020	2501414517	29720	30808
Pfer_Contig00020	2501414516	28285	29619
Pfer_Contig00020	2501414515	26884	28197
Pfer_Contig00020	2501414514	26530	26868
Pfer_Contig00025	2501415285	173898	174332
Pfer_Contig00027	2501415774	241188	243434
Pfer_Contig00027	2501415775	243519	244520
Pfer_Contig00027	2501415776	244745	244882
Pfer_Contig00027	2501415777	244867	245451
Pfer_Contig00027	2501415770	238307	238741
Pfer_Contig00027	2501415771	238743	239351
Pfer_Contig00020	2501414609	105470	106090
Pfer_Contig00027	2501415773	240013	241179
Pfer_Contig00020	2501414607	104180	104995
Pfer_Contig00020	2501414606	101950	104166
Pfer_Contig00020	2501414605	101138	101674
Pfer_Contig00020	2501414604	100605	101081
Pfer_Contig00027	2501415778	245474	246007
Pfer_Contig00020	2501414602	99558	100109
Pfer_Contig00020	2501414601	98454	99491
Pfer_Contig00020	2501414600	97872	98315
Pfer_Contig00030	2501416146	37926	39683
Pfer_Contig00030	2501416147	39690	39998
Pfer_Contig00030	2501416144	35860	36501
Pfer_Contig00030	2501416145	36532	37920
Pfer_Contig00030	2501416142	35126	35401
Pfer_Contig00030	2501416143	35407	35814
Pfer_Contig00030	2501416140	32016	33059
Pfer_Contig00030	2501416141	33438	35069
Pfer_Contig00030	2501416148	39995	41113
Pfer_Contig00030	2501416149	41113	41724
Pfer_Contig00026	2501415488	134319	135095
Pfer_Contig00026	2501415489	135126	135542
Pfer_Contig00026	2501415486	133808	134173
Pfer_Contig00026	2501415484	132955	133362
Pfer_Contig00026	2501415485	133373	133801
Pfer_Contig00026	2501415483	132702	132899
Pfer_Contig00026	2501415480	131368	132399
Pfer_Contig00026	2501415481	132410	132583
Pfer_Contig00027	2501415799	265284	265448
Pfer_Contig00022	2501414773	38325	38522
Pfer_Contig00022	2501414772	37648	38256
Pfer_Contig00022	2501414771	37134	37238
Pfer_Contig00022	2501414770	35659	37137
Pfer_Contig00022	2501414777	40803	42158
Pfer_Contig00022	2501414776	40225	40797
Pfer_Contig00022	2501414775	39630	40214
Pfer_Contig00022	2501414774	38599	39564
Pfer_Contig00022	2501414779	43019	43483
Pfer_Contig00022	2501414778	42155	42895
Pfer_Contig00035	2501416850	355805	356383
Pfer_Contig00035	2501416851	356410	356715
Pfer_Contig00035	2501416852	356716	357282
Pfer_Contig00035	2501416853	357410	358855
Pfer_Contig00035	2501416854	359164	360312
Pfer_Contig00035	2501416855	360373	360840
Pfer_Contig00035	2501416856	361242	361949
Pfer_Contig00035	2501416857	362126	362755
Pfer_Contig00035	2501416858	362765	364207
Pfer_Contig00035	2501416859	364623	365036
Pfer_Contig00026	2501415393	58815	59279
Pfer_Contig00026	2501415390	56679	57950
Pfer_Contig00026	2501415391	58040	58240
Pfer_Contig00026	2501415396	60472	61497
Pfer_Contig00026	2501415397	61503	62153
Pfer_Contig00026	2501415394	59262	59993
Pfer_Contig00026	2501415395	60093	60407
Pfer_Contig00026	2501415398	62239	62727
Pfer_Contig00026	2501415399	62743	63195
Pfer_Contig00027	2501415558	42066	42734
Pfer_Contig00027	2501415559	42739	43329
Pfer_Contig00027	2501415554	38336	38947
Pfer_Contig00027	2501415555	38998	39927
Pfer_Contig00027	2501415556	39964	40893
Pfer_Contig00027	2501415557	40936	42018
Pfer_Contig00027	2501415550	35436	36410
Pfer_Contig00027	2501415551	36407	37045
Pfer_Contig00027	2501415552	37048	37689
Pfer_Contig00027	2501415553	37728	38339
Pfer_Contig00035	2501416667	160593	161273
Pfer_Contig00035	2501416638	134352	134663
Pfer_Contig00035	2501416639	135127	136332
Pfer_Contig00025	2501415169	66264	67499
Pfer_Contig00025	2501415168	65414	66217
Pfer_Contig00025	2501415165	63283	63621
Pfer_Contig00025	2501415164	62808	63152
Pfer_Contig00025	2501415167	64826	65347
Pfer_Contig00025	2501415166	63723	64769
Pfer_Contig00025	2501415161	59343	60758
Pfer_Contig00025	2501415160	58096	59337
Pfer_Contig00025	2501415163	61978	62517
Pfer_Contig00025	2501415162	60910	61932
Pfer_Contig00022	2501414948	202899	203771
Pfer_Contig00022	2501414949	203773	204315
Pfer_Contig00022	2501414944	200087	201280
Pfer_Contig00022	2501414945	201282	201794
Pfer_Contig00022	2501414946	201796	202278
Pfer_Contig00022	2501414947	202282	202821
Pfer_Contig00022	2501414940	195822	196799
Pfer_Contig00022	2501414941	196800	197630
Pfer_Contig00022	2501414942	197728	198780
Pfer_Contig00022	2501414943	198788	199954
Pfer_Contig00023	2501415011	47824	48309
Pfer_Contig00023	2501415010	47392	47763
Pfer_Contig00023	2501415013	49064	49303
Pfer_Contig00023	2501415012	48313	49077
Pfer_Contig00035	2501416708	201343	201978
Pfer_Contig00023	2501415014	49453	50295
Pfer_Contig00023	2501415017	50752	51018
Pfer_Contig00035	2501416704	196401	198338
Pfer_Contig00023	2501415018	51015	51605
Pfer_Contig00035	2501416706	199450	200808
Pfer_Contig00035	2501416707	200963	201238
Pfer_Contig00035	2501416700	189484	192726
Pfer_Contig00035	2501416701	192737	194071
Pfer_Contig00035	2501416702	194068	194970
Pfer_Contig00035	2501416703	195016	196296
Pfer_Contig00034	2501416449	112185	113378
Pfer_Contig00034	2501416448	111628	112047
Pfer_Contig00034	2501416443	108335	108775
Pfer_Contig00034	2501416442	107807	108322
Pfer_Contig00034	2501416441	107184	107807
Pfer_Contig00034	2501416440	106588	107187
Pfer_Contig00034	2501416447	111231	111464
Pfer_Contig00034	2501416446	109996	111210
Pfer_Contig00034	2501416445	109185	109958
Pfer_Contig00034	2501416444	108869	109201
Pfer_Contig00020	2501414618	112022	112219
Pfer_Contig00027	2501415740	208314	209291
Pfer_Contig00027	2501415833	297756	298244
Pfer_Contig00027	2501415832	296773	297696
Pfer_Contig00027	2501415831	295856	296776
Pfer_Contig00027	2501415830	294877	295719
Pfer_Contig00027	2501415837	300006	300647
Pfer_Contig00027	2501415835	298889	299341
Pfer_Contig00027	2501415834	298270	298830
Pfer_Contig00027	2501415839	301414	301875
Pfer_Contig00027	2501415838	300690	301403
Pfer_Contig00020	2501414610	106213	106770
Pfer_Contig00027	2501415748	215000	215641
Pfer_Contig00028	2501415949	69513	70343
Pfer_Contig00028	2501415948	68755	69516
Pfer_Contig00028	2501415947	68157	68750
Pfer_Contig00028	2501415946	67167	68051
Pfer_Contig00028	2501415945	65956	67170
Pfer_Contig00028	2501415944	65153	65830
Pfer_Contig00028	2501415943	64025	65065
Pfer_Contig00028	2501415942	61996	63741
Pfer_Contig00028	2501415941	60726	61880
Pfer_Contig00028	2501415940	60071	60538
Pfer_Contig00020	2501414568	72904	73218
Pfer_Contig00020	2501414569	73356	73514
Pfer_Contig00020	2501414566	71461	71835
Pfer_Contig00020	2501414567	71838	72851
Pfer_Contig00020	2501414564	69854	70333
Pfer_Contig00020	2501414565	70334	71359
Pfer_Contig00020	2501414562	68146	68892
Pfer_Contig00020	2501414563	68879	69811
Pfer_Contig00020	2501414560	65462	67654
Pfer_Contig00020	2501414561	67729	68142
Pfer_Contig00027	2501415769	237862	238326
Pfer_Contig00027	2501415768	236432	237865
Pfer_Contig00027	2501415763	230270	230836
Pfer_Contig00027	2501415762	229824	230273
Pfer_Contig00027	2501415761	229609	229827
Pfer_Contig00027	2501415760	228643	229566
Pfer_Contig00027	2501415767	234369	236435
Pfer_Contig00027	2501415766	231904	234369
Pfer_Contig00027	2501415765	231153	231899
Pfer_Contig00027	2501415764	230923	231201
Pfer_Contig00030	2501416155	46408	47922
Pfer_Contig00030	2501416154	45720	46403
Pfer_Contig00030	2501416157	48888	50162
Pfer_Contig00030	2501416156	47919	48770
Pfer_Contig00030	2501416151	42250	44250
Pfer_Contig00030	2501416150	41761	42246
Pfer_Contig00030	2501416153	44690	45688
Pfer_Contig00030	2501416152	44252	44563
Pfer_Contig00030	2501416158	50350	50772
Pfer_Contig00027	2501415499	1	99
Pfer_Contig00026	2501415498	141154	141453
Pfer_Contig00026	2501415495	139117	140445
Pfer_Contig00026	2501415494	138031	139041
Pfer_Contig00026	2501415497	140889	141140
Pfer_Contig00026	2501415496	140432	140743
Pfer_Contig00026	2501415491	136092	136541
Pfer_Contig00026	2501415490	135539	136081
Pfer_Contig00026	2501415493	136652	137239
Pfer_Contig00021	2501414706	46169	46411
Pfer_Contig00021	2501414707	46401	46931
Pfer_Contig00021	2501414704	41162	43846
Pfer_Contig00021	2501414705	43843	46092
Pfer_Contig00021	2501414702	39553	40377
Pfer_Contig00021	2501414703	40468	41157
Pfer_Contig00021	2501414700	37562	38932
Pfer_Contig00021	2501414701	39108	39494
Pfer_Contig00035	2501416786	281075	281770
Pfer_Contig00021	2501414708	46964	47470
Pfer_Contig00021	2501414709	47622	47846
Pfer_Contig00035	2501416787	281748	282512
Pfer_Contig00035	2501416847	352798	353283
Pfer_Contig00035	2501416846	352377	352847
Pfer_Contig00035	2501416845	351872	352276
Pfer_Contig00035	2501416844	351251	351778
Pfer_Contig00035	2501416843	350804	351169
Pfer_Contig00035	2501416842	350021	350797
Pfer_Contig00035	2501416840	348644	349813
Pfer_Contig00035	2501416628	125400	125864
Pfer_Contig00035	2501416849	354997	355716
Pfer_Contig00035	2501416848	353324	355000
Pfer_Contig00026	2501415381	41150	41536
Pfer_Contig00026	2501415380	40708	40893
Pfer_Contig00026	2501415383	42045	42344
Pfer_Contig00026	2501415382	41612	41995
Pfer_Contig00026	2501415385	43634	44632
Pfer_Contig00026	2501415384	42348	43547
Pfer_Contig00026	2501415387	45138	51212
Pfer_Contig00035	2501416626	124039	124860
Pfer_Contig00026	2501415389	54387	56609
Pfer_Contig00026	2501415388	51251	54382
Pfer_Contig00027	2501415543	28646	29719
Pfer_Contig00027	2501415542	27798	28646
Pfer_Contig00027	2501415541	26860	27801
Pfer_Contig00027	2501415540	25522	26850
Pfer_Contig00027	2501415547	33042	33713
Pfer_Contig00027	2501415546	31539	32927
Pfer_Contig00027	2501415545	31062	31478
Pfer_Contig00027	2501415544	29786	31024
Pfer_Contig00025	2501415257	147427	148620
Pfer_Contig00027	2501415549	34846	35436
Pfer_Contig00027	2501415548	33714	34787
Pfer_Contig00035	2501416789	283784	284767
Pfer_Contig00022	2501414740	14361	15179
Pfer_Contig00016	2501414486	456	2267
Pfer_Contig00025	2501415150	46795	47670
Pfer_Contig00025	2501415151	47719	48261
Pfer_Contig00025	2501415152	48256	49014
Pfer_Contig00025	2501415153	49153	49947
Pfer_Contig00025	2501415154	50101	50895
Pfer_Contig00025	2501415155	50892	51626
Pfer_Contig00025	2501415156	51874	53640
Pfer_Contig00025	2501415157	53659	56157
Pfer_Contig00025	2501415158	56177	56374
Pfer_Contig00025	2501415159	56469	58046
Pfer_Contig00035	2501416625	123356	123982
Pfer_Contig00035	2501416624	122649	123359
Pfer_Contig00035	2501416623	122099	122566
Pfer_Contig00035	2501416622	121503	122045
Pfer_Contig00035	2501416621	120198	121361
Pfer_Contig00035	2501416620	119638	120201
Pfer_Contig00022	2501414953	206619	207491
Pfer_Contig00022	2501414952	206050	206613
Pfer_Contig00022	2501414951	204690	205913
Pfer_Contig00022	2501414950	204448	204669
Pfer_Contig00023	2501414957	3	917
Pfer_Contig00022	2501414956	208830	210026
Pfer_Contig00022	2501414955	208172	208819
Pfer_Contig00022	2501414954	207488	208114
Pfer_Contig00023	2501414959	1876	2880
Pfer_Contig00023	2501414958	914	1879
Pfer_Contig00035	2501416713	205025	206467
Pfer_Contig00023	2501415025	56252	57259
Pfer_Contig00023	2501415026	57351	58523
Pfer_Contig00035	2501416710	202693	203295
Pfer_Contig00035	2501416717	210094	211578
Pfer_Contig00023	2501415021	52617	53060
Pfer_Contig00023	2501415022	53110	54420
Pfer_Contig00023	2501415023	54445	54744
Pfer_Contig00035	2501416719	211963	214110
Pfer_Contig00035	2501416718	211650	211748
Pfer_Contig00023	2501415028	59055	59246
Pfer_Contig00023	2501415029	59636	61039
Pfer_Contig00034	2501416438	104998	105963
Pfer_Contig00034	2501416439	106014	106442
Pfer_Contig00034	2501416436	104007	104468
Pfer_Contig00034	2501416437	104603	105001
Pfer_Contig00034	2501416434	100889	103288
Pfer_Contig00034	2501416435	103427	103903
Pfer_Contig00034	2501416432	98851	100110
Pfer_Contig00034	2501416433	100123	100809
Pfer_Contig00034	2501416430	97049	97204
Pfer_Contig00034	2501416431	97367	98596
Pfer_Contig00027	2501415846	307700	308509
Pfer_Contig00027	2501415847	308643	308744
Pfer_Contig00027	2501415844	306454	306567
Pfer_Contig00027	2501415845	306940	307734
Pfer_Contig00027	2501415842	305382	305705
Pfer_Contig00027	2501415843	305788	306423
Pfer_Contig00027	2501415840	301875	303671
Pfer_Contig00027	2501415841	303711	305381
Pfer_Contig00027	2501415848	308766	309467
Pfer_Contig00027	2501415849	309457	310158
Pfer_Contig00034	2501416380	53317	53877
Pfer_Contig00034	2501416381	53874	54206
Pfer_Contig00034	2501416382	54601	57378
Pfer_Contig00025	2501415283	171391	172161
Pfer_Contig00034	2501416384	57843	57998
Pfer_Contig00034	2501416385	57991	58263
Pfer_Contig00034	2501416386	58260	58532
Pfer_Contig00034	2501416387	58668	59741
Pfer_Contig00034	2501416388	59754	60272
Pfer_Contig00034	2501416389	60547	60687
Pfer_Contig00035	2501416542	52500	53657
Pfer_Contig00035	2501416543	53647	53922
Pfer_Contig00035	2501416540	49608	50888
Pfer_Contig00035	2501416541	50971	52362
Pfer_Contig00035	2501416546	56110	57270
Pfer_Contig00035	2501416547	57272	58750
Pfer_Contig00035	2501416544	54026	54532
Pfer_Contig00035	2501416545	54525	55970
Pfer_Contig00035	2501416548	58918	60534
Pfer_Contig00035	2501416549	60531	60710
Pfer_Contig00020	2501414579	78591	79325
Pfer_Contig00020	2501414578	78238	78567
Pfer_Contig00020	2501414575	77155	77589
Pfer_Contig00020	2501414574	76294	77025
Pfer_Contig00020	2501414577	78020	78220
Pfer_Contig00020	2501414576	77644	78009
Pfer_Contig00020	2501414571	73741	74139
Pfer_Contig00020	2501414570	73517	73681
Pfer_Contig00020	2501414573	75360	76310
Pfer_Contig00020	2501414572	74285	75277
Pfer_Contig00029	2501416094	133098	134147
Pfer_Contig00029	2501416095	134191	136926
Pfer_Contig00029	2501416096	136943	137401
Pfer_Contig00029	2501416097	137449	138201
Pfer_Contig00029	2501416090	130498	131328
Pfer_Contig00029	2501416091	131344	131598
Pfer_Contig00029	2501416092	131604	132197
Pfer_Contig00029	2501416093	132200	133135
Pfer_Contig00029	2501416098	138234	138506
Pfer_Contig00029	2501416099	138511	140508
Pfer_Contig00023	2501415024	54838	56154
Pfer_Contig00027	2501415718	187922	188371
Pfer_Contig00035	2501416712	204360	204980
Pfer_Contig00027	2501415716	184002	186506
Pfer_Contig00027	2501415717	186499	187761
Pfer_Contig00027	2501415714	179722	182715
Pfer_Contig00027	2501415715	182948	183739
Pfer_Contig00027	2501415712	178772	179074
Pfer_Contig00027	2501415713	179084	179653
Pfer_Contig00027	2501415710	177707	178108
Pfer_Contig00027	2501415711	178182	178784
Pfer_Contig00023	2501415027	58590	58979
Pfer_Contig00023	2501415020	51982	52596
Pfer_Contig00035	2501416716	209224	209910
Pfer_Contig00030	2501416168	57688	58353
Pfer_Contig00030	2501416169	58487	59671
Pfer_Contig00035	2501416715	208454	209170
Pfer_Contig00030	2501416160	51509	51715
Pfer_Contig00030	2501416161	51748	52152
Pfer_Contig00030	2501416162	52290	52892
Pfer_Contig00035	2501416714	206584	208464
Pfer_Contig00030	2501416164	53493	54563
Pfer_Contig00030	2501416165	54560	55831
Pfer_Contig00030	2501416166	55849	56850
Pfer_Contig00030	2501416167	56914	57684
Pfer_Contig00034	2501416368	42020	43063
Pfer_Contig00034	2501416369	43323	44789
Pfer_Contig00034	2501416362	37905	38231
Pfer_Contig00034	2501416363	38399	38611
Pfer_Contig00034	2501416361	37749	37904
Pfer_Contig00034	2501416366	40946	41755
Pfer_Contig00034	2501416367	41742	41969
Pfer_Contig00034	2501416364	38618	39805
Pfer_Contig00034	2501416365	39880	40905
Pfer_Contig00027	2501415622	98870	99418
Pfer_Contig00027	2501415623	99411	100655
Pfer_Contig00027	2501415620	98070	98408
Pfer_Contig00027	2501415621	98409	98867
Pfer_Contig00027	2501415624	100652	101617
Pfer_Contig00027	2501415625	101618	102091
Pfer_Contig00027	2501415629	102925	103497
Pfer_Contig00021	2501414715	52627	53760
Pfer_Contig00021	2501414714	51723	52646
Pfer_Contig00021	2501414717	54449	55201
Pfer_Contig00021	2501414716	53803	54495
Pfer_Contig00021	2501414711	48590	50536
Pfer_Contig00021	2501414710	47983	48570
Pfer_Contig00021	2501414713	50938	51729
Pfer_Contig00021	2501414712	50540	50851
Pfer_Contig00021	2501414719	56077	57312
Pfer_Contig00021	2501414718	55192	55971
Pfer_Contig00027	2501415536	21328	22692
Pfer_Contig00027	2501415537	22724	23566
Pfer_Contig00027	2501415534	18682	20382
Pfer_Contig00027	2501415535	20388	21251
Pfer_Contig00027	2501415532	17681	17929
Pfer_Contig00027	2501415533	17926	18543
Pfer_Contig00027	2501415530	16211	17023
Pfer_Contig00027	2501415531	17020	17676
Pfer_Contig00027	2501415538	23538	24272
Pfer_Contig00027	2501415539	24272	25333
Pfer_Contig00035	2501416649	142201	143022
Pfer_Contig00026	2501415448	98825	99271
Pfer_Contig00026	2501415449	99268	99903
Pfer_Contig00026	2501415442	94517	95254
Pfer_Contig00026	2501415443	95251	96006
Pfer_Contig00026	2501415440	93255	93575
Pfer_Contig00026	2501415441	93704	94513
Pfer_Contig00026	2501415446	97665	98174
Pfer_Contig00026	2501415447	98171	98764
Pfer_Contig00026	2501415444	96003	96713
Pfer_Contig00026	2501415445	96725	97507
Pfer_Contig00016	2501414485	2	475
Pfer_Contig00030	2501416180	70031	70600
Pfer_Contig00025	2501415147	41544	45071
Pfer_Contig00025	2501415146	39318	41465
Pfer_Contig00025	2501415145	38525	39313
Pfer_Contig00025	2501415144	37596	38528
Pfer_Contig00025	2501415143	35807	37492
Pfer_Contig00025	2501415142	35346	35672
Pfer_Contig00025	2501415140	34174	35148
Pfer_Contig00006	2501414481	1	375
Pfer_Contig00025	2501415149	45766	46668
Pfer_Contig00025	2501415148	45098	45769
Pfer_Contig00030	2501416185	75517	75744
Pfer_Contig00022	2501414926	182713	183858
Pfer_Contig00022	2501414927	183855	184652
Pfer_Contig00022	2501414924	179496	181202
Pfer_Contig00022	2501414925	181364	182716
Pfer_Contig00022	2501414922	176581	177432
Pfer_Contig00022	2501414923	177476	178987
Pfer_Contig00022	2501414920	174229	175023
Pfer_Contig00022	2501414928	184700	186322
Pfer_Contig00022	2501414929	186442	187020
Pfer_Contig00023	2501415039	72389	73852
Pfer_Contig00023	2501415038	70539	72272
Pfer_Contig00023	2501415033	64046	65242
Pfer_Contig00023	2501415032	63114	64055
Pfer_Contig00023	2501415031	62458	63003
Pfer_Contig00023	2501415030	61153	62427
Pfer_Contig00023	2501415037	69135	70235
Pfer_Contig00023	2501415036	68018	69133
Pfer_Contig00023	2501415035	66673	67953
Pfer_Contig00023	2501415034	65346	66593
Pfer_Contig00035	2501416766	259502	259951
Pfer_Contig00035	2501416767	260216	261727
Pfer_Contig00035	2501416764	257352	258434
Pfer_Contig00035	2501416765	258538	259338
Pfer_Contig00035	2501416762	254831	256108
Pfer_Contig00035	2501416763	256194	257351
Pfer_Contig00035	2501416760	254260	254448
Pfer_Contig00035	2501416761	254449	254655
Pfer_Contig00035	2501416768	261779	262063
Pfer_Contig00035	2501416769	262073	262465
Pfer_Contig00022	2501414812	68772	69533
Pfer_Contig00022	2501414813	69652	70056
Pfer_Contig00022	2501414810	67288	68271
Pfer_Contig00022	2501414811	68385	68762
Pfer_Contig00022	2501414816	72498	73703
Pfer_Contig00022	2501414817	73713	74555
Pfer_Contig00022	2501414814	70049	71620
Pfer_Contig00022	2501414815	71617	72438
Pfer_Contig00022	2501414818	74558	74923
Pfer_Contig00022	2501414819	74920	75510
Pfer_Contig00034	2501416429	96767	97042
Pfer_Contig00034	2501416428	96051	96743
Pfer_Contig00034	2501416425	94674	95093
Pfer_Contig00034	2501416424	93363	94628
Pfer_Contig00034	2501416427	95808	96044
Pfer_Contig00034	2501416426	95304	95741
Pfer_Contig00034	2501416421	91493	92089
Pfer_Contig00034	2501416420	91146	91490
Pfer_Contig00034	2501416423	92453	93382
Pfer_Contig00034	2501416422	92147	92422
Pfer_Contig00027	2501415855	312838	314508
Pfer_Contig00027	2501415854	312079	312753
Pfer_Contig00027	2501415857	315797	316321
Pfer_Contig00027	2501415856	314672	315628
Pfer_Contig00027	2501415851	310531	311346
Pfer_Contig00027	2501415850	310142	310534
Pfer_Contig00027	2501415853	311694	312137
Pfer_Contig00027	2501415852	311333	311704
Pfer_Contig00027	2501415859	317485	318519
Pfer_Contig00027	2501415858	316331	317488
Pfer_Contig00034	2501416397	65226	66245
Pfer_Contig00034	2501416396	64574	65182
Pfer_Contig00034	2501416395	64268	64525
Pfer_Contig00034	2501416394	63573	64226
Pfer_Contig00034	2501416393	62907	63533
Pfer_Contig00034	2501416392	61585	62805
Pfer_Contig00034	2501416391	61411	61575
Pfer_Contig00025	2501415182	79540	79821
Pfer_Contig00034	2501416399	67009	67494
Pfer_Contig00034	2501416398	66259	66996
Pfer_Contig00035	2501416551	61449	61577
Pfer_Contig00035	2501416550	60920	61402
Pfer_Contig00035	2501416553	61864	62070
Pfer_Contig00035	2501416552	61601	61864
Pfer_Contig00035	2501416555	62763	63005
Pfer_Contig00035	2501416554	62314	62766
Pfer_Contig00035	2501416557	64317	64775
Pfer_Contig00035	2501416556	63052	64215
Pfer_Contig00035	2501416559	65480	66268
Pfer_Contig00035	2501416558	64846	65346
Pfer_Contig00035	2501416642	138437	138958
Pfer_Contig00020	2501414540	45871	47874
Pfer_Contig00020	2501414541	48022	49185
Pfer_Contig00020	2501414542	49185	50609
Pfer_Contig00020	2501414543	50590	51336
Pfer_Contig00020	2501414544	51429	52055
Pfer_Contig00020	2501414545	52003	53094
Pfer_Contig00020	2501414546	53096	54052
Pfer_Contig00020	2501414547	54131	56614
Pfer_Contig00020	2501414548	56748	57086
Pfer_Contig00020	2501414549	57113	57598
Pfer_Contig00029	2501416089	129953	130456
Pfer_Contig00029	2501416088	129525	129785
Pfer_Contig00029	2501416083	124355	127375
Pfer_Contig00029	2501416082	122512	124368
Pfer_Contig00029	2501416081	121215	122519
Pfer_Contig00029	2501416080	120061	121218
Pfer_Contig00029	2501416087	128698	129177
Pfer_Contig00029	2501416086	128460	128711
Pfer_Contig00029	2501416085	128193	128435
Pfer_Contig00029	2501416084	127372	128100
Pfer_Contig00027	2501415709	176215	177582
Pfer_Contig00027	2501415602	86790	87248
Pfer_Contig00027	2501415705	171413	172810
Pfer_Contig00027	2501415704	170764	171339
Pfer_Contig00027	2501415707	174060	174791
Pfer_Contig00027	2501415603	87245	87598
Pfer_Contig00027	2501415701	168876	169781
Pfer_Contig00027	2501415700	168205	168879
Pfer_Contig00027	2501415703	170109	170693
Pfer_Contig00027	2501415702	169930	170109
Pfer_Contig00020	2501414496	8711	9829
Pfer_Contig00020	2501414497	9832	10524
Pfer_Contig00020	2501414494	6928	7674
Pfer_Contig00020	2501414495	7671	8711
Pfer_Contig00020	2501414492	4548	5450
Pfer_Contig00020	2501414493	5954	6844
Pfer_Contig00030	2501416179	69310	69891
Pfer_Contig00030	2501416178	68090	69136
Pfer_Contig00030	2501416177	67710	68093
Pfer_Contig00022	2501414733	5142	5501
Pfer_Contig00030	2501416175	65152	65763
Pfer_Contig00030	2501416174	63822	65150
Pfer_Contig00030	2501416173	62707	63825
Pfer_Contig00030	2501416172	62063	62704
Pfer_Contig00020	2501414498	10676	11092
Pfer_Contig00020	2501414499	11170	11748
Pfer_Contig00034	2501416379	53065	53331
Pfer_Contig00034	2501416378	52176	52877
Pfer_Contig00034	2501416371	45774	47588
Pfer_Contig00034	2501416370	44922	45677
Pfer_Contig00034	2501416373	48907	49287
Pfer_Contig00034	2501416372	47610	48929
Pfer_Contig00034	2501416375	49637	49825
Pfer_Contig00034	2501416374	49357	49533
Pfer_Contig00034	2501416377	51131	52135
Pfer_Contig00034	2501416376	49845	51059
Pfer_Contig00021	2501414728	66174	67154
Pfer_Contig00021	2501414729	67165	67836
Pfer_Contig00027	2501415633	106006	106815
Pfer_Contig00027	2501415632	105644	106009
Pfer_Contig00027	2501415635	107750	108130
Pfer_Contig00027	2501415634	106898	107737
Pfer_Contig00027	2501415637	108672	108884
Pfer_Contig00027	2501415636	108140	108682
Pfer_Contig00027	2501415639	110330	110758
Pfer_Contig00027	2501415638	109007	110260
Pfer_Contig00021	2501414722	60009	60350
Pfer_Contig00021	2501414723	60350	61753
Pfer_Contig00021	2501414724	61760	62614
Pfer_Contig00021	2501414725	62614	65433
Pfer_Contig00021	2501414726	65427	66008
Pfer_Contig00021	2501414727	66018	66167
Pfer_Contig00034	2501416383	57378	57740
Pfer_Contig00027	2501415525	12755	13015
Pfer_Contig00027	2501415524	12024	12743
Pfer_Contig00027	2501415527	13801	14838
Pfer_Contig00027	2501415526	13022	13789
Pfer_Contig00027	2501415521	10498	11130
Pfer_Contig00027	2501415520	10301	10501
Pfer_Contig00027	2501415523	11611	12012
Pfer_Contig00027	2501415522	11135	11599
Pfer_Contig00027	2501415529	15735	16205
Pfer_Contig00027	2501415528	14840	15607
Pfer_Contig00026	2501415459	106881	107096
Pfer_Contig00026	2501415458	105711	106784
Pfer_Contig00026	2501415451	100293	101024
Pfer_Contig00026	2501415450	99930	100289
Pfer_Contig00026	2501415453	101836	102597
Pfer_Contig00026	2501415452	101048	101839
Pfer_Contig00026	2501415455	102955	103590
Pfer_Contig00026	2501415454	102594	103013
Pfer_Contig00026	2501415457	104449	105465
Pfer_Contig00026	2501415456	103708	104292
Pfer_Contig00022	2501414935	190147	190794
Pfer_Contig00035	2501416605	107342	107569
Pfer_Contig00022	2501414937	192387	194432
Pfer_Contig00022	2501414936	190871	192301
Pfer_Contig00022	2501414931	187413	188201
Pfer_Contig00022	2501414930	187021	187368
Pfer_Contig00022	2501414933	189068	189868
Pfer_Contig00022	2501414932	188198	189019
Pfer_Contig00022	2501414939	195073	195768
Pfer_Contig00022	2501414938	194551	195066
Pfer_Contig00035	2501416606	107626	108468
Pfer_Contig00023	2501415048	80084	81772
Pfer_Contig00023	2501415049	81765	82928
Pfer_Contig00023	2501415046	78741	79508
Pfer_Contig00023	2501415047	79501	80067
Pfer_Contig00023	2501415044	76734	78239
Pfer_Contig00023	2501415045	78348	78731
Pfer_Contig00023	2501415042	74776	75039
Pfer_Contig00023	2501415043	75412	76662
Pfer_Contig00023	2501415040	73849	74133
Pfer_Contig00023	2501415041	74210	74710
Pfer_Contig00035	2501416775	269622	270920
Pfer_Contig00035	2501416774	266777	269311
Pfer_Contig00035	2501416777	272931	274283
Pfer_Contig00035	2501416776	271242	272843
Pfer_Contig00035	2501416771	263153	263971
Pfer_Contig00035	2501416770	262536	262964
Pfer_Contig00035	2501416773	265278	266774
Pfer_Contig00035	2501416772	263971	265281
Pfer_Contig00025	2501415280	168404	168676
Pfer_Contig00025	2501415281	168673	170106
Pfer_Contig00025	2501415282	170195	170383
Pfer_Contig00035	2501416602	103033	104205
Pfer_Contig00035	2501416779	274938	275384
Pfer_Contig00035	2501416778	274291	274842
Pfer_Contig00025	2501415286	174467	175414
Pfer_Contig00025	2501415287	175577	175996
Pfer_Contig00022	2501414801	60294	61049
Pfer_Contig00022	2501414800	59226	60242
Pfer_Contig00022	2501414803	62028	62906
Pfer_Contig00022	2501414802	61081	62043
Pfer_Contig00022	2501414805	63840	64394
Pfer_Contig00022	2501414804	62993	63823
Pfer_Contig00022	2501414807	65562	65819
Pfer_Contig00022	2501414806	64378	65565
Pfer_Contig00022	2501414809	66529	67254
Pfer_Contig00022	2501414808	66003	66569
Pfer_Contig00027	2501415719	188392	188781
Pfer_Contig00034	2501416410	78790	79614
Pfer_Contig00034	2501416411	79671	81551
Pfer_Contig00034	2501416412	81687	82436
Pfer_Contig00034	2501416413	82393	83652
Pfer_Contig00034	2501416414	83893	85185
Pfer_Contig00034	2501416415	85912	87339
Pfer_Contig00034	2501416416	87887	88300
Pfer_Contig00034	2501416417	88304	88756
Pfer_Contig00034	2501416418	88950	89828
Pfer_Contig00034	2501416419	89892	90995
Pfer_Contig00025	2501415198	89395	89790
Pfer_Contig00025	2501415199	89830	91056
Pfer_Contig00025	2501415194	86590	87099
Pfer_Contig00025	2501415195	87198	88013
Pfer_Contig00025	2501415197	88225	89385
Pfer_Contig00025	2501415190	83600	84232
Pfer_Contig00025	2501415191	84340	85173
Pfer_Contig00025	2501415192	85154	86068
Pfer_Contig00025	2501415193	86078	86593
Pfer_Contig00022	2501414748	17665	18531
Pfer_Contig00022	2501414749	18626	19837
Pfer_Contig00035	2501416564	68551	68835
Pfer_Contig00035	2501416565	68881	69510
Pfer_Contig00035	2501416566	69512	70285
Pfer_Contig00035	2501416567	70691	71623
Pfer_Contig00035	2501416560	66287	66481
Pfer_Contig00035	2501416561	66478	66954
Pfer_Contig00035	2501416562	66957	67676
Pfer_Contig00035	2501416563	67677	68561
Pfer_Contig00035	2501416568	71670	72644
Pfer_Contig00035	2501416569	72890	73162
Pfer_Contig00029	2501415994	36646	37992
Pfer_Contig00029	2501415995	38078	39385
Pfer_Contig00029	2501415996	39349	39903
Pfer_Contig00029	2501415997	39953	40465
Pfer_Contig00029	2501415990	32311	32766
Pfer_Contig00029	2501415991	32766	34043
Pfer_Contig00029	2501415992	34054	34596
Pfer_Contig00029	2501415993	34729	36636
Pfer_Contig00029	2501415998	40476	42218
Pfer_Contig00029	2501415999	42540	42974
Pfer_Contig00020	2501414557	62112	63116
Pfer_Contig00020	2501414556	61660	62082
Pfer_Contig00020	2501414555	60843	61658
Pfer_Contig00020	2501414554	60332	60685
Pfer_Contig00020	2501414553	59012	60319
Pfer_Contig00020	2501414552	58630	58959
Pfer_Contig00020	2501414551	58421	58627
Pfer_Contig00020	2501414550	57667	58203
Pfer_Contig00020	2501414559	64808	65140
Pfer_Contig00020	2501414558	63192	64721
Pfer_Contig00025	2501415260	154726	154899
Pfer_Contig00027	2501415868	329045	329806
Pfer_Contig00027	2501415869	329772	330434
Pfer_Contig00027	2501415860	318488	319321
Pfer_Contig00027	2501415861	319318	320076
Pfer_Contig00027	2501415862	320076	321050
Pfer_Contig00027	2501415863	321203	323167
Pfer_Contig00027	2501415864	323202	324890
Pfer_Contig00027	2501415865	324900	325793
Pfer_Contig00027	2501415866	326581	328011
Pfer_Contig00027	2501415867	328011	328880
Pfer_Contig00027	2501415730	197470	198165
Pfer_Contig00027	2501415731	198167	198436
Pfer_Contig00027	2501415732	198497	198682
Pfer_Contig00027	2501415733	198779	199606
Pfer_Contig00027	2501415734	199603	200670
Pfer_Contig00027	2501415735	200733	201263
Pfer_Contig00027	2501415736	201306	202496
Pfer_Contig00027	2501415737	202627	202992
Pfer_Contig00027	2501415738	203221	204342
Pfer_Contig00027	2501415739	204855	208052
Pfer_Contig00030	2501416182	71660	73366
Pfer_Contig00030	2501416183	73363	74619
Pfer_Contig00020	2501414487	174	893
Pfer_Contig00030	2501416181	70755	71654
Pfer_Contig00030	2501416186	75802	76446
Pfer_Contig00030	2501416187	76420	76740
Pfer_Contig00030	2501416184	74806	75432
Pfer_Contig00006	2501414482	387	599
Pfer_Contig00030	2501416188	76807	78687
Pfer_Contig00030	2501416189	78691	79563
Pfer_Contig00020	2501414489	1288	1524
Pfer_Contig00020	2501414488	890	1300
Pfer_Contig00034	2501416348	21910	22398
Pfer_Contig00034	2501416349	22455	22940
Pfer_Contig00034	2501416344	13963	14367
Pfer_Contig00034	2501416345	14393	17716
Pfer_Contig00034	2501416346	17729	20488
Pfer_Contig00034	2501416347	20545	21633
Pfer_Contig00034	2501416340	11282	11821
Pfer_Contig00034	2501416341	11913	12374
Pfer_Contig00034	2501416342	12458	13477
Pfer_Contig00027	2501415604	87595	89130
Pfer_Contig00027	2501415605	89132	89479
Pfer_Contig00027	2501415606	89486	90004
Pfer_Contig00027	2501415607	90001	90528
Pfer_Contig00027	2501415600	86234	86500
Pfer_Contig00027	2501415601	86497	86793
Pfer_Contig00022	2501414739	13571	14374
Pfer_Contig00022	2501414738	12597	13571
Pfer_Contig00022	2501414737	11384	12592
Pfer_Contig00022	2501414736	8703	11381
Pfer_Contig00022	2501414735	7366	8706
Pfer_Contig00022	2501414734	5606	7369
Pfer_Contig00027	2501415608	90525	91820
Pfer_Contig00022	2501414732	4450	5145
Pfer_Contig00022	2501414731	725	4390
Pfer_Contig00021	2501414730	67829	68086
Pfer_Contig00035	2501416739	232371	234086
Pfer_Contig00035	2501416738	231187	232368
Pfer_Contig00027	2501415518	9733	9999
Pfer_Contig00027	2501415519	9996	10292
Pfer_Contig00027	2501415510	6155	6709
Pfer_Contig00027	2501415511	6720	7112
Pfer_Contig00027	2501415512	7124	7294
Pfer_Contig00027	2501415513	7298	7837
Pfer_Contig00027	2501415514	7849	8595
Pfer_Contig00027	2501415515	8598	8960
Pfer_Contig00027	2501415516	8971	9396
Pfer_Contig00027	2501415517	9401	9736
Pfer_Contig00023	2501415008	46447	46686
Pfer_Contig00035	2501416732	226172	226618
Pfer_Contig00026	2501415468	117681	118448
Pfer_Contig00026	2501415469	119314	119541
Pfer_Contig00026	2501415464	112443	112628
Pfer_Contig00026	2501415465	112844	115738
Pfer_Contig00026	2501415466	115762	116322
Pfer_Contig00022	2501414789	50256	50777
Pfer_Contig00026	2501415460	107170	108378
Pfer_Contig00026	2501415461	108375	109589
Pfer_Contig00026	2501415462	109594	110643
Pfer_Contig00026	2501415463	110842	112437
Pfer_Contig00022	2501414780	43563	44375
Pfer_Contig00022	2501414781	44372	45202
Pfer_Contig00026	2501415467	116341	117456
Pfer_Contig00035	2501416748	241038	241928
Pfer_Contig00035	2501416749	242422	242802
Pfer_Contig00024	2501415059	3	899
Pfer_Contig00023	2501415058	89499	91127
Pfer_Contig00023	2501415055	86091	87413
Pfer_Contig00023	2501415054	85751	85894
Pfer_Contig00023	2501415057	87855	89387
Pfer_Contig00035	2501416743	237267	237785
Pfer_Contig00023	2501415051	84168	84557
Pfer_Contig00023	2501415050	82925	84232
Pfer_Contig00023	2501415053	85305	85508
Pfer_Contig00023	2501415052	84554	85330
Pfer_Contig00025	2501415298	180136	180489
Pfer_Contig00025	2501415297	179924	180136
Pfer_Contig00025	2501415296	179377	179916
Pfer_Contig00025	2501415295	178592	179377
Pfer_Contig00025	2501415294	177934	178425
Pfer_Contig00025	2501415293	177758	177937
Pfer_Contig00025	2501415292	177544	177726
Pfer_Contig00025	2501415291	177311	177547
Pfer_Contig00025	2501415290	177174	177311
Pfer_Contig00022	2501414834	93144	93863
Pfer_Contig00022	2501414835	93864	95606
Pfer_Contig00022	2501414836	95639	96571
Pfer_Contig00022	2501414837	97029	97352
Pfer_Contig00022	2501414830	88906	89730
Pfer_Contig00022	2501414831	89756	90367
Pfer_Contig00022	2501414832	90509	91120
Pfer_Contig00022	2501414833	91181	93025
Pfer_Contig00022	2501414838	97426	98469
Pfer_Contig00022	2501414839	98506	99543
Pfer_Contig00034	2501416407	75874	77190
Pfer_Contig00034	2501416406	74746	75576
Pfer_Contig00034	2501416405	74383	74745
Pfer_Contig00034	2501416404	73305	74372
Pfer_Contig00034	2501416403	71011	73299
Pfer_Contig00034	2501416402	70398	71021
Pfer_Contig00034	2501416401	69766	70401
Pfer_Contig00034	2501416400	67533	69776
Pfer_Contig00034	2501416409	77639	78730
Pfer_Contig00034	2501416408	77201	77638
Pfer_Contig00022	2501414908	162758	163072
Pfer_Contig00022	2501414909	163075	163596
Pfer_Contig00025	2501415181	77769	79502
Pfer_Contig00025	2501415180	75785	77545
Pfer_Contig00025	2501415187	82123	82410
Pfer_Contig00025	2501415186	81404	82072
Pfer_Contig00025	2501415185	81105	81407
Pfer_Contig00025	2501415184	80123	81115
Pfer_Contig00022	2501414900	154394	155293
Pfer_Contig00022	2501414901	155371	155955
Pfer_Contig00022	2501414902	156074	157870
Pfer_Contig00022	2501414903	157881	160730
Pfer_Contig00022	2501414904	160727	161122
Pfer_Contig00022	2501414905	161400	161603
Pfer_Contig00022	2501414906	161626	162132
Pfer_Contig00022	2501414907	162137	162697
Pfer_Contig00030	2501416163	52889	53422
Pfer_Contig00035	2501416579	80003	81448
Pfer_Contig00035	2501416578	78963	79907
Pfer_Contig00035	2501416573	75799	76146
Pfer_Contig00035	2501416572	75287	75802
Pfer_Contig00035	2501416571	74445	75281
Pfer_Contig00035	2501416570	73167	74390
Pfer_Contig00035	2501416577	78316	78876
Pfer_Contig00035	2501416576	77474	78319
Pfer_Contig00035	2501416575	76321	77469
Pfer_Contig00035	2501416574	76118	76324
Pfer_Contig00029	2501415989	32084	32314
Pfer_Contig00029	2501415988	31818	32078
Pfer_Contig00029	2501415983	26924	27649
Pfer_Contig00029	2501415982	26272	26853
Pfer_Contig00029	2501415981	25788	26243
Pfer_Contig00029	2501415980	24864	25787
Pfer_Contig00029	2501415987	31279	31818
Pfer_Contig00029	2501415986	29702	30961
Pfer_Contig00029	2501415985	27801	29387
Pfer_Contig00029	2501415984	27692	27790
Pfer_Contig00027	2501415878	338477	340633
Pfer_Contig00027	2501415877	337826	338407
Pfer_Contig00027	2501415876	336852	337829
Pfer_Contig00027	2501415875	335865	336842
Pfer_Contig00027	2501415874	334721	335872
Pfer_Contig00027	2501415873	333703	334710
Pfer_Contig00027	2501415872	331403	333559
Pfer_Contig00027	2501415871	330821	331066
Pfer_Contig00027	2501415870	330506	330820
Pfer_Contig00027	2501415727	194089	196059
Pfer_Contig00027	2501415726	193523	194092
Pfer_Contig00027	2501415725	193065	193526
Pfer_Contig00027	2501415724	192021	192965
Pfer_Contig00027	2501415723	191338	191760
Pfer_Contig00027	2501415722	189986	191335
Pfer_Contig00027	2501415721	189494	189973
Pfer_Contig00027	2501415720	188793	189497
Pfer_Contig00027	2501415729	196882	197460
Pfer_Contig00027	2501415728	196070	196885
Pfer_Contig00030	2501416191	80393	82372
Pfer_Contig00030	2501416190	79569	80339
Pfer_Contig00030	2501416193	85706	86323
Pfer_Contig00030	2501416192	82485	85685
Pfer_Contig00030	2501416195	87204	88124
Pfer_Contig00030	2501416194	86301	86999
Pfer_Contig00030	2501416197	89054	90043
Pfer_Contig00030	2501416196	88182	89057
Pfer_Contig00031	2501416199	470	1651
Pfer_Contig00031	2501416198	231	473
Pfer_Contig00034	2501416353	28989	29777
Pfer_Contig00034	2501416352	26368	26727
Pfer_Contig00034	2501416351	25924	26151
Pfer_Contig00034	2501416350	22993	25629
Pfer_Contig00034	2501416357	34322	34672
Pfer_Contig00034	2501416356	34221	34313
Pfer_Contig00034	2501416355	32317	33990
Pfer_Contig00034	2501416354	29949	30818
Pfer_Contig00034	2501416359	36566	37438
Pfer_Contig00034	2501416358	34900	35814
Pfer_Contig00027	2501415619	96526	98073
Pfer_Contig00027	2501415618	96167	96529
Pfer_Contig00027	2501415613	94538	94834
Pfer_Contig00027	2501415612	94038	94541
Pfer_Contig00027	2501415611	93243	93740
Pfer_Contig00027	2501415610	92803	93219
Pfer_Contig00027	2501415617	95706	96170
Pfer_Contig00027	2501415616	95437	95709
Pfer_Contig00027	2501415615	95177	95440
Pfer_Contig00027	2501415614	94831	95187
Pfer_Contig00020	2501414588	86889	88601
Pfer_Contig00020	2501414589	88598	89482
Pfer_Contig00020	2501414584	83226	84242
Pfer_Contig00020	2501414585	84426	84875
Pfer_Contig00020	2501414586	85032	86126
Pfer_Contig00020	2501414587	86205	86795
Pfer_Contig00020	2501414580	79445	79921
Pfer_Contig00020	2501414581	79987	80340
Pfer_Contig00020	2501414582	81163	82353
Pfer_Contig00020	2501414583	82340	83224
Pfer_Contig00027	2501415509	5764	6144
Pfer_Contig00027	2501415508	5312	5758
Pfer_Contig00027	2501415507	4710	5306
Pfer_Contig00027	2501415506	3996	4703
Pfer_Contig00027	2501415505	3520	3984
Pfer_Contig00027	2501415504	3066	3509
Pfer_Contig00027	2501415503	1635	3029
Pfer_Contig00027	2501415502	943	1536
Pfer_Contig00027	2501415501	429	950
Pfer_Contig00027	2501415500	108	374
Pfer_Contig00027	2501415781	247803	248102
Pfer_Contig00020	2501414659	145310	145717
Pfer_Contig00026	2501415473	123456	124778
Pfer_Contig00026	2501415472	122355	123386
Pfer_Contig00026	2501415471	120934	122253
Pfer_Contig00026	2501415470	119566	120933
Pfer_Contig00026	2501415477	128606	129616
Pfer_Contig00026	2501415476	127029	127898
Pfer_Contig00026	2501415475	126151	126948
Pfer_Contig00026	2501415474	124914	126038
Pfer_Contig00026	2501415479	130757	131362
Pfer_Contig00026	2501415478	129812	130687
Pfer_Contig00020	2501414650	137297	138064
Pfer_Contig00020	2501414651	138156	138563
Pfer_Contig00026	2501415386	44629	44841
Pfer_Contig00024	2501415060	1017	1259
Pfer_Contig00024	2501415061	1232	1600
Pfer_Contig00024	2501415062	1593	1943
Pfer_Contig00024	2501415063	1953	3074
Pfer_Contig00024	2501415064	3125	3739
Pfer_Contig00024	2501415065	3770	4378
Pfer_Contig00024	2501415066	4359	4670
Pfer_Contig00035	2501416758	251823	252731
Pfer_Contig00024	2501415068	5356	6081
Pfer_Contig00024	2501415069	6203	8110
Pfer_Contig00035	2501416755	248559	248915
Pfer_Contig00035	2501416754	246477	248558
Pfer_Contig00035	2501416753	245912	246472
Pfer_Contig00035	2501416752	245340	245915
Pfer_Contig00035	2501416751	243238	245151
Pfer_Contig00035	2501416750	242821	243075
Pfer_Contig00025	2501415262	156162	156473
Pfer_Contig00025	2501415263	156470	156610
Pfer_Contig00022	2501414829	87081	88832
Pfer_Contig00025	2501415261	155305	156165
Pfer_Contig00025	2501415266	158827	160161
Pfer_Contig00025	2501415267	160176	161750
Pfer_Contig00025	2501415264	156699	156794
Pfer_Contig00025	2501415265	157007	158779
Pfer_Contig00022	2501414823	80066	81019
Pfer_Contig00022	2501414822	77885	80062
Pfer_Contig00022	2501414821	75947	77725
Pfer_Contig00022	2501414820	75512	75898
Pfer_Contig00022	2501414827	84641	86374
Pfer_Contig00022	2501414826	83618	84442
Pfer_Contig00022	2501414825	82572	83615
Pfer_Contig00022	2501414824	81080	82339
Pfer_Contig00035	2501416740	234222	234827
Pfer_Contig00035	2501416741	234827	235423
Pfer_Contig00035	2501416742	235434	237257
Pfer_Contig00029	2501415959	4608	5633
Pfer_Contig00035	2501416744	237930	238478
Pfer_Contig00035	2501416745	238578	239480
Pfer_Contig00035	2501416746	239461	240150
Pfer_Contig00022	2501414919	173564	174169
Pfer_Contig00022	2501414918	173319	173567
Pfer_Contig00022	2501414917	172514	173242
Pfer_Contig00022	2501414916	170922	172334
Pfer_Contig00022	2501414915	170147	170947
Pfer_Contig00022	2501414914	167864	170095
Pfer_Contig00022	2501414913	165976	167670
Pfer_Contig00022	2501414912	165887	165979
Pfer_Contig00022	2501414911	165110	165751
Pfer_Contig00022	2501414910	163644	165047
Pfer_Contig00025	2501415114	13237	13821
Pfer_Contig00025	2501415115	13818	14063
Pfer_Contig00035	2501416661	153603	154472
Pfer_Contig00035	2501416660	153322	153516
Pfer_Contig00035	2501416508	6910	7590
Pfer_Contig00035	2501416509	7596	8855
Pfer_Contig00035	2501416506	4981	6033
Pfer_Contig00035	2501416507	6193	6861
Pfer_Contig00035	2501416504	3403	3807
Pfer_Contig00035	2501416505	3810	4970
Pfer_Contig00035	2501416502	2408	2704
Pfer_Contig00035	2501416503	2684	3301
Pfer_Contig00035	2501416500	347	1639
Pfer_Contig00025	2501415111	11696	12523
Pfer_Contig00025	2501415112	12621	12818
Pfer_Contig00035	2501416664	156523	157614
Pfer_Contig00024	2501415088	21919	22392
Pfer_Contig00024	2501415089	22379	23305
Pfer_Contig00024	2501415082	18609	18989
Pfer_Contig00024	2501415083	18994	19365
Pfer_Contig00024	2501415080	16062	17321
Pfer_Contig00024	2501415081	17372	18238
Pfer_Contig00024	2501415086	20197	20898
Pfer_Contig00024	2501415087	20907	21770
Pfer_Contig00024	2501415084	19436	19909
Pfer_Contig00024	2501415085	19893	20213
Pfer_Contig00031	2501416212	14016	15089
Pfer_Contig00031	2501416213	15064	15792
Pfer_Contig00031	2501416210	12336	12860
Pfer_Contig00031	2501416211	12940	13971
Pfer_Contig00031	2501416216	16918	17460
Pfer_Contig00031	2501416217	17445	17909
Pfer_Contig00031	2501416214	15874	16386
Pfer_Contig00031	2501416215	16535	16819
Pfer_Contig00027	2501415882	342240	342647
Pfer_Contig00027	2501415883	342761	343174
Pfer_Contig00027	2501415880	340803	341423
Pfer_Contig00027	2501415881	341358	342104
Pfer_Contig00028	2501415886	1745	6025
Pfer_Contig00028	2501415887	6210	7289
Pfer_Contig00028	2501415884	102	569
Pfer_Contig00028	2501415885	719	1750
Pfer_Contig00028	2501415888	7292	9226
Pfer_Contig00028	2501415889	9226	10479
Pfer_Contig00034	2501416326	906	1073
Pfer_Contig00034	2501416327	1057	2175
Pfer_Contig00034	2501416322	3	122
Pfer_Contig00034	2501416323	148	570
Pfer_Contig00033	2501416320	21313	22233
Pfer_Contig00033	2501416321	22360	23442
Pfer_Contig00027	2501415668	139684	141063
Pfer_Contig00027	2501415669	141185	143536
Pfer_Contig00027	2501415666	137672	138646
Pfer_Contig00027	2501415667	138639	139700
Pfer_Contig00027	2501415664	135674	136906
Pfer_Contig00027	2501415665	137013	137675
Pfer_Contig00027	2501415662	129841	134229
Pfer_Contig00027	2501415663	134461	135612
Pfer_Contig00027	2501415660	128406	128819
Pfer_Contig00027	2501415661	128840	129724
Pfer_Contig00020	2501414593	91974	93065
Pfer_Contig00020	2501414592	91418	91963
Pfer_Contig00020	2501414591	90106	91341
Pfer_Contig00020	2501414590	89551	89997
Pfer_Contig00020	2501414597	95802	96431
Pfer_Contig00020	2501414596	94692	95792
Pfer_Contig00020	2501414595	93770	94672
Pfer_Contig00020	2501414594	93120	93644
Pfer_Contig00020	2501414599	97037	97828
Pfer_Contig00020	2501414598	96418	97035
Pfer_Contig00029	2501416038	80241	81380
Pfer_Contig00029	2501416039	81420	82478
Pfer_Contig00029	2501416032	76661	77068
Pfer_Contig00029	2501416033	77154	78107
Pfer_Contig00029	2501416030	75250	76242
Pfer_Contig00029	2501416031	76243	76671
Pfer_Contig00029	2501416036	79587	79730
Pfer_Contig00029	2501416037	79982	80209
Pfer_Contig00029	2501416034	78328	78858
Pfer_Contig00029	2501416035	79113	79517
Pfer_Contig00026	2501415406	69701	70462
Pfer_Contig00026	2501415407	70513	71721
Pfer_Contig00026	2501415404	66909	67235
Pfer_Contig00026	2501415405	67237	69582
Pfer_Contig00026	2501415402	64641	65459
Pfer_Contig00026	2501415403	65773	66771
Pfer_Contig00026	2501415400	63216	63407
Pfer_Contig00026	2501415401	63440	64567
Pfer_Contig00026	2501415408	71774	72361
Pfer_Contig00026	2501415409	72379	73485
Pfer_Contig00027	2501415609	91817	92806
Pfer_Contig00035	2501416698	187897	188295
Pfer_Contig00035	2501416699	188335	189453
Pfer_Contig00035	2501416696	185662	186477
Pfer_Contig00035	2501416697	186505	187866
Pfer_Contig00035	2501416694	183098	183430
Pfer_Contig00035	2501416695	183483	185369
Pfer_Contig00035	2501416692	181572	181802
Pfer_Contig00035	2501416693	181817	183097
Pfer_Contig00035	2501416690	179300	180043
Pfer_Contig00035	2501416691	180074	181327
Pfer_Contig00025	2501415318	197414	198916
Pfer_Contig00025	2501415319	198932	199234
Pfer_Contig00025	2501415312	192230	192442
Pfer_Contig00025	2501415313	192435	193154
Pfer_Contig00025	2501415310	191054	191404
Pfer_Contig00025	2501415311	191401	192180
Pfer_Contig00025	2501415316	194626	195921
Pfer_Contig00025	2501415317	196048	197403
Pfer_Contig00025	2501415314	193188	193850
Pfer_Contig00025	2501415315	193853	194452
Pfer_Contig00024	2501415077	14117	14776
Pfer_Contig00024	2501415076	13547	14128
Pfer_Contig00024	2501415075	12949	13578
Pfer_Contig00024	2501415074	11692	12825
Pfer_Contig00024	2501415073	10409	11695
Pfer_Contig00024	2501415072	9034	10107
Pfer_Contig00024	2501415071	8480	9037
Pfer_Contig00024	2501415070	8203	8493
Pfer_Contig00024	2501415079	15371	16003
Pfer_Contig00024	2501415078	14850	15374
Pfer_Contig00025	2501415271	162190	162573
Pfer_Contig00025	2501415183	79831	80112
Pfer_Contig00025	2501415273	163291	163974
Pfer_Contig00025	2501415272	162573	163289
Pfer_Contig00025	2501415275	164277	164429
Pfer_Contig00025	2501415274	163974	164273
Pfer_Contig00022	2501414858	117179	118114
Pfer_Contig00022	2501414859	118114	119250
Pfer_Contig00022	2501414856	115464	116459
Pfer_Contig00022	2501414857	116472	117182
Pfer_Contig00022	2501414854	114029	114358
Pfer_Contig00022	2501414855	114452	115453
Pfer_Contig00022	2501414852	112727	113479
Pfer_Contig00022	2501414853	113524	114051
Pfer_Contig00022	2501414850	112195	112407
Pfer_Contig00022	2501414851	112404	112724
Pfer_Contig00025	2501415189	82815	83642
Pfer_Contig00025	2501415188	82407	82811
Pfer_Contig00027	2501415772	239385	240020
Pfer_Contig00020	2501414608	105114	105464
Pfer_Contig00029	2501415975	19558	20115
Pfer_Contig00035	2501416519	18171	26138
Pfer_Contig00035	2501416518	17726	18157
Pfer_Contig00035	2501416515	11960	12988
Pfer_Contig00035	2501416514	11420	11959
Pfer_Contig00035	2501416517	13692	17630
Pfer_Contig00035	2501416516	12985	13686
Pfer_Contig00035	2501416510	8952	9926
Pfer_Contig00035	2501416512	10633	11247
Pfer_Contig00020	2501414603	100215	100592
Pfer_Contig00027	2501415779	246286	247563
Pfer_Contig00025	2501415099	4576	4932
Pfer_Contig00025	2501415098	4247	4531
Pfer_Contig00024	2501415090	23268	23996
Pfer_Contig00025	2501415093	570	2279
Pfer_Contig00025	2501415092	1	432
Pfer_Contig00025	2501415095	2613	2915
Pfer_Contig00025	2501415094	2276	2620
Pfer_Contig00025	2501415097	3742	4245
Pfer_Contig00025	2501415096	2996	3733
Pfer_Contig00031	2501416201	2874	3116
Pfer_Contig00031	2501416200	1686	2840
Pfer_Contig00031	2501416203	3472	4332
Pfer_Contig00031	2501416202	3180	3482
Pfer_Contig00031	2501416205	4848	5597
Pfer_Contig00031	2501416204	4489	4842
Pfer_Contig00031	2501416207	6504	8468
Pfer_Contig00031	2501416206	5663	6502
Pfer_Contig00031	2501416209	10320	12290
Pfer_Contig00031	2501416208	8571	10100
Pfer_Contig00028	2501415891	12128	13069
Pfer_Contig00028	2501415890	10750	11355
Pfer_Contig00028	2501415893	14246	14803
Pfer_Contig00028	2501415892	13173	14249
Pfer_Contig00028	2501415895	15584	16717
Pfer_Contig00028	2501415894	14914	15573
Pfer_Contig00028	2501415897	17083	18906
Pfer_Contig00028	2501415896	16719	16970
Pfer_Contig00028	2501415899	19897	21180
Pfer_Contig00028	2501415898	19193	19891
Pfer_Contig00021	2501414690	30698	32038
Pfer_Contig00021	2501414691	32151	32627
Pfer_Contig00021	2501414692	32706	32861
Pfer_Contig00021	2501414693	32790	33596
Pfer_Contig00021	2501414694	33721	34266
Pfer_Contig00021	2501414695	34289	34558
Pfer_Contig00021	2501414696	34648	34866
Pfer_Contig00021	2501414697	34854	35312
Pfer_Contig00021	2501414698	35700	36341
Pfer_Contig00021	2501414699	36397	37365
Pfer_Contig00034	2501416335	6536	8476
Pfer_Contig00034	2501416334	5149	6525
Pfer_Contig00034	2501416337	9153	9722
Pfer_Contig00034	2501416336	8473	9081
Pfer_Contig00034	2501416331	3025	3168
Pfer_Contig00034	2501416330	2535	2960
Pfer_Contig00034	2501416333	4276	4950
Pfer_Contig00034	2501416332	3227	4207
Pfer_Contig00035	2501416600	101614	102723
Pfer_Contig00034	2501416339	10889	11281
Pfer_Contig00034	2501416338	9810	10847
Pfer_Contig00027	2501415679	151402	151575
Pfer_Contig00027	2501415678	150506	151366
Pfer_Contig00027	2501415675	145997	147094
Pfer_Contig00027	2501415674	145853	145993
Pfer_Contig00027	2501415677	148941	150353
Pfer_Contig00027	2501415676	147238	148701
Pfer_Contig00027	2501415671	144154	144582
Pfer_Contig00027	2501415670	143588	144097
Pfer_Contig00027	2501415673	144869	145714
Pfer_Contig00027	2501415672	144583	144858
Pfer_Contig00029	2501416029	74110	75168
Pfer_Contig00029	2501416028	73080	74099
Pfer_Contig00029	2501416021	66536	67015
Pfer_Contig00029	2501416020	65179	66279
Pfer_Contig00029	2501416023	68869	69114
Pfer_Contig00029	2501416022	67374	68675
Pfer_Contig00029	2501416025	70040	70597
Pfer_Contig00029	2501416024	69135	69986
Pfer_Contig00029	2501416027	71942	73036
Pfer_Contig00029	2501416026	70627	71940
