AE009950	638173245	716903	717427
AE009950	638173244	715679	716515
AE009950	638174567	1779108	1779800
AE009950	638173246	718003	718746
AE009950	638174561	1775245	1776321
AE009950	638173240	713171	714104
AE009950	638173243	715081	715617
AE009950	638173242	714293	714814
AE009950	638174569	1780734	1781477
AE009950	638174568	1780133	1780552
AE009950	638173353	794974	795462
AE009950	638174628	1836100	1836639
AE009950	638174626	1832161	1832973
AE009950	638174627	1833103	1836093
AE009950	638173872	1218577	1219869
AE009950	638174625	1831391	1832089
AE009950	638174622	1830044	1830676
AE009950	638174623	1830669	1831238
AE009950	638174620	1828315	1829226
AE009950	638174621	1829236	1830066
AE009950	638173173	662539	663525
AE009950	638172489	19339	23130
AE009950	638173350	793421	793920
AE009950	638174194	1478198	1478539
AE009950	638174195	1478690	1479679
AE009950	638174196	1479685	1480143
AE009950	638174197	1480146	1481171
AE009950	638174190	1473914	1475062
AE009950	638174191	1475037	1476743
AE009950	638174192	1476753	1477418
AE009950	638174193	1477391	1478191
AE009950	638174198	1481131	1482114
AE009950	638174199	1482171	1483025
AE009950	638174555	1770216	1771223
AE009950	638173179	668273	668512
AE009950	638174565	1778285	1779061
AE009950	638172483	12573	13322
AE009950	638174564	1777604	1778224
AE009950	638173328	774691	775161
AE009950	638174288	1550606	1550935
AE009950	638173329	775174	776883
AE009950	638174280	1544485	1545612
AE009950	638174281	1545679	1546209
AE009950	638174282	1546209	1546793
AE009950	638174283	1546795	1547517
AE009950	638174284	1547486	1548241
AE009950	638174285	1548216	1548881
AE009950	638174286	1548878	1549894
AE009950	638174287	1549885	1550601
AE009950	638173355	795782	795910
AE009950	638174563	1776415	1777464
AE009950	638174562	1776305	1776418
AE009950	638174442	1677394	1677954
AE009950	638174443	1677965	1678696
AE009950	638173320	769252	769524
AE009950	638174524	1742875	1743663
AE009950	638173354	795416	795789
AE009950	638174441	1677219	1677389
AE009950	638173249	719457	719673
AE009950	638174447	1679841	1680224
AE009950	638173324	772085	772646
AE009950	638173325	772789	773660
AE009950	638174551	1765453	1766625
AE009950	638174378	1628290	1629363
AE009950	638174379	1629457	1630206
AE009950	638174374	1624679	1625638
AE009950	638174375	1625662	1626630
AE009950	638174376	1626608	1627294
AE009950	638174377	1627288	1628301
AE009950	638174370	1619071	1620087
AE009950	638174371	1620093	1621211
AE009950	638174372	1621258	1622760
AE009950	638174373	1622785	1624698
AE009950	638174179	1464340	1465173
AE009950	638174172	1456903	1459626
AE009950	638174173	1459639	1462992
AE009950	638174170	1455396	1455695
AE009950	638174171	1455699	1456892
AE009950	638174176	1463491	1464111
AE009950	638174174	1463013	1463261
AE009950	638173748	1124713	1125654
AE009950	638173749	1125717	1125920
AE009950	638173740	1119426	1120001
AE009950	638173742	1120410	1121645
AE009950	638173743	1121628	1122020
AE009950	638173744	1122074	1122487
AE009950	638173745	1122487	1123119
AE009950	638173746	1123120	1123413
AE009950	638173747	1123434	1124729
AE009950	638172611	141855	143318
AE009950	638172613	143884	144492
AE009950	638172612	143324	143890
AE009950	638172615	146184	147086
AE009950	638172614	144607	146178
AE009950	638172617	147810	148781
AE009950	638172616	147057	147743
AE009950	638172619	149426	150589
AE009950	638172618	148852	149451
AE009950	638172929	432279	432961
AE009950	638172923	425775	426761
AE009950	638172922	424832	425785
AE009950	638172921	423623	424822
AE009950	638172920	422811	423626
AE009950	638172926	430811	432130
AE009950	638172925	429657	430799
AE009950	638172924	426743	429601
AE009950	638173528	928888	930072
AE009950	638173529	930085	930402
AE009950	638173524	925374	926369
AE009950	638173525	926380	927570
AE009950	638173526	927581	927898
AE009950	638173527	927947	928882
AE009950	638173520	921062	921280
AE009950	638173521	921442	921960
AE009950	638173522	922036	924549
AE009950	638173523	924554	925324
AE009950	638173702	1084016	1084222
AE009950	638172725	249878	250138
AE009950	638172724	249473	249826
AE009950	638172727	250877	251719
AE009950	638172726	250298	250831
AE009950	638172721	246614	247876
AE009950	638172720	245544	246617
AE009950	638172723	248781	249398
AE009950	638172722	247929	248768
AE009950	638172729	252929	253584
AE009950	638172728	251788	252945
AE009950	638173452	872110	873090
AE009950	638174495	1717470	1718510
AE009950	638173410	835634	836992
AE009950	638173411	837012	837549
AE009950	638173412	837611	838738
AE009950	638173413	838710	839225
AE009950	638173414	839232	839720
AE009950	638173415	839724	840257
AE009950	638173416	840367	841176
AE009950	638173417	841173	841484
AE009950	638173418	841620	842861
AE009950	638173419	842922	844238
AE009950	638173453	873517	873930
AE009950	638173454	874193	875188
AE009950	638174487	1711817	1713091
AE009950	638173349	792435	793424
AE009950	638173900	1241194	1242160
AE009950	638174485	1710535	1711314
AE009950	638173450	870647	871348
AE009950	638173451	871468	871755
AE009950	638174480	1704745	1705971
AE009950	638174481	1705987	1706748
AE009950	638173256	723739	723957
AE009950	638173257	724074	724715
AE009950	638173254	722875	723267
AE009950	638174575	1786805	1788052
AE009950	638173252	721320	722156
AE009950	638173253	722255	722839
AE009950	638173250	719708	720274
AE009950	638173251	720416	720985
AE009950	638173258	724719	725885
AE009950	638174579	1792387	1792659
AE009950	638173510	915933	916301
AE009950	638172826	341307	342230
AE009950	638174613	1818876	1819997
AE009950	638174612	1818064	1818897
AE009950	638174611	1817213	1818067
AE009950	638174610	1815891	1817174
AE009950	638174617	1823620	1825269
AE009950	638174616	1822744	1823466
AE009950	638174615	1822044	1822760
AE009950	638174614	1820217	1822034
AE009950	638174619	1826876	1828270
AE009950	638174618	1825412	1826830
AE009950	638173861	1210188	1210562
AE009950	638172778	297558	301754
AE009950	638173686	1066025	1066282
AE009950	638173860	1209542	1210066
AE009950	638172776	296416	297234
AE009950	638174381	1632002	1632502
AE009950	638174380	1630248	1631990
AE009950	638174383	1633325	1633510
AE009950	638174382	1632493	1633311
AE009950	638174385	1633903	1634613
AE009950	638174384	1633559	1633903
AE009950	638174386	1634603	1635562
AE009950	638174389	1637197	1638324
AE009950	638174388	1635746	1637191
AE009950	638174547	1761982	1762851
AE009950	638174149	1440649	1440837
AE009950	638174148	1439252	1440640
AE009950	638174147	1438255	1439157
AE009950	638174146	1436914	1438173
AE009950	638174145	1435967	1436914
AE009950	638174144	1435432	1435983
AE009950	638174143	1432910	1435429
AE009950	638174142	1432096	1432905
AE009950	638174141	1430753	1432096
AE009950	638174140	1429318	1430634
AE009950	638173866	1212834	1214261
AE009950	638173889	1234037	1234240
AE009950	638173888	1233501	1233920
AE009950	638173739	1119163	1119432
AE009950	638173738	1118839	1119138
AE009950	638173735	1113537	1114823
AE009950	638173734	1111866	1113521
AE009950	638173737	1117465	1118820
AE009950	638173736	1114820	1117468
AE009950	638173731	1110332	1110787
AE009950	638173730	1109722	1110357
AE009950	638173733	1110664	1111845
AE009950	638173732	1110411	1110662
AE009950	638172602	131060	132394
AE009950	638172603	132382	133227
AE009950	638172600	129706	130731
AE009950	638172601	130715	130948
AE009950	638172606	135009	135617
AE009950	638172607	135637	136581
AE009950	638172604	133314	134513
AE009950	638172605	134510	135022
AE009950	638172938	440866	441687
AE009950	638172939	442034	442189
AE009950	638172934	435969	437450
AE009950	638172935	437647	438339
AE009950	638172936	438413	439702
AE009950	638172937	439838	440842
AE009950	638172930	432964	433728
AE009950	638172931	433790	434908
AE009950	638172932	434901	435413
AE009950	638172933	435498	435947
AE009950	638173083	581261	584083
AE009950	638173081	580237	581202
AE009950	638173080	579480	580229
AE009950	638173085	584508	587825
AE009950	638173084	584080	584508
AE009950	638173089	590873	591298
AE009950	638173088	587822	590831
AE009950	638173641	1027500	1028822
AE009950	638173640	1026067	1027488
AE009950	638173645	1030401	1031123
AE009950	638173644	1028841	1030029
AE009950	638173440	859406	860383
AE009950	638173352	794519	794749
AE009950	638173649	1033428	1033910
AE009950	638173648	1032190	1033431
AE009950	638174431	1670984	1671574
AE009950	638172736	257146	257634
AE009950	638172737	257646	258203
AE009950	638172734	255759	256070
AE009950	638172735	256063	256992
AE009950	638172732	255150	255350
AE009950	638172733	255427	255729
AE009950	638172730	253719	254945
AE009950	638172731	254994	255248
AE009950	638173357	797137	797838
AE009950	638172738	258208	258687
AE009950	638173356	796206	797018
AE009950	638173726	1105951	1107117
AE009950	638174435	1674040	1674750
AE009950	638173727	1107110	1107934
AE009950	638174434	1673561	1674028
AE009950	638173896	1239539	1239796
AE009950	638173050	551146	551790
AE009950	638173360	798141	799148
AE009950	638173051	551853	552281
AE009950	638173890	1235031	1235333
AE009950	638173891	1235314	1236804
AE009950	638173397	824720	825121
AE009950	638173464	882732	883817
AE009950	638173467	884391	884501
AE009950	638173466	884008	884385
AE009950	638173461	880090	880929
AE009950	638173460	879754	880080
AE009950	638173463	881669	882748
AE009950	638173462	880926	881672
AE009950	638173893	1237357	1238064
AE009950	638173469	885394	885783
AE009950	638173468	884623	885336
AE009950	638173399	826577	827374
AE009950	638173398	825103	826431
AE009950	638173058	560366	561253
AE009950	638173345	788600	789585
AE009950	638174549	1764306	1764779
AE009950	638173268	733362	733907
AE009950	638173263	728694	729599
AE009950	638173262	727982	728660
AE009950	638173261	727207	727956
AE009950	638173260	726925	727122
AE009950	638173267	733190	733343
AE009950	638174546	1760551	1761981
AE009950	638173265	730718	731680
AE009950	638173264	729599	730714
AE009950	638173069	568724	568903
AE009950	638173068	568058	568720
AE009950	638173061	562627	562899
AE009950	638173060	561410	562615
AE009950	638173063	563290	563583
AE009950	638173062	562896	563297
AE009950	638173065	565055	566401
AE009950	638173064	563543	564835
AE009950	638173067	566870	567973
AE009950	638173066	566642	566869
AE009950	638174604	1811080	1812948
AE009950	638174605	1812929	1813309
AE009950	638174606	1813313	1814146
AE009950	638174607	1814247	1814429
AE009950	638174600	1807522	1808382
AE009950	638174601	1808379	1808852
AE009950	638174602	1808901	1810136
AE009950	638174603	1810244	1811080
AE009950	638174608	1814430	1814705
AE009950	638174609	1814702	1815706
AE009950	638174490	1714612	1715471
AE009950	638173247	718782	719006
AE009950	638172642	171965	173227
AE009950	638173241	714059	714241
AE009950	638174392	1640658	1641821
AE009950	638174393	1641930	1642607
AE009950	638174390	1638428	1639594
AE009950	638174391	1639584	1640657
AE009950	638174396	1644004	1644264
AE009950	638174397	1644267	1645457
AE009950	638174394	1642596	1642874
AE009950	638174395	1642867	1643835
AE009950	638174398	1645457	1646305
AE009950	638174399	1646309	1646824
AE009950	638174150	1440849	1441079
AE009950	638174151	1441333	1441788
AE009950	638174152	1441806	1443272
AE009950	638174153	1443253	1443588
AE009950	638174155	1444121	1444462
AE009950	638174156	1444497	1445543
AE009950	638174157	1445653	1446831
AE009950	638174158	1446828	1447856
AE009950	638174159	1447868	1448380
AE009950	638173347	791326	792084
AE009950	638174509	1729289	1729588
AE009950	638172977	481195	481485
AE009950	638172795	318794	319789
AE009950	638173225	706356	706775
AE009950	638174504	1725794	1726009
AE009950	638173728	1107965	1109080
AE009950	638173729	1109080	1109688
AE009950	638173894	1238066	1238719
AE009950	638173895	1238924	1239481
AE009950	638173724	1104056	1104583
AE009950	638173725	1104585	1105847
AE009950	638173722	1102626	1103231
AE009950	638173723	1103228	1103980
AE009950	638173720	1102070	1102384
AE009950	638173721	1102381	1102650
AE009950	638172636	164091	166994
AE009950	638172634	162480	163793
AE009950	638172633	160961	162310
AE009950	638172632	160186	160890
AE009950	638172631	159491	160150
AE009950	638172630	158703	159494
AE009950	638174500	1721830	1723035
AE009950	638173658	1038325	1039455
AE009950	638172639	168884	169933
AE009950	638172638	167010	168806
AE009950	638173659	1039452	1039727
AE009950	638173094	594596	594823
AE009950	638173095	594811	595212
AE009950	638173096	595671	596009
AE009950	638173097	596048	596188
AE009950	638173092	591279	592396
AE009950	638173093	592552	594519
AE009950	638173098	596299	597150
AE009950	638173099	597147	597848
AE009950	638173652	1035603	1036055
AE009950	638173653	1036049	1036387
AE009950	638173650	1033957	1035285
AE009950	638173656	1037290	1037898
AE009950	638173657	1037895	1038323
AE009950	638173654	1036421	1036723
AE009950	638173655	1036723	1037229
AE009950	638172703	236943	237632
AE009950	638172702	235633	236793
AE009950	638172701	235100	235555
AE009950	638172700	234934	235125
AE009950	638172707	239229	239843
AE009950	638172706	238448	239236
AE009950	638172705	238269	238451
AE009950	638172704	237626	238285
AE009950	638172791	315361	316047
AE009950	638173388	815721	816518
AE009950	638173389	816519	817322
AE009950	638173381	812605	813301
AE009950	638173382	813298	813549
AE009950	638173383	813549	813929
AE009950	638173386	814031	814497
AE009950	638173387	814536	815505
AE009950	638173476	889729	890211
AE009950	638173477	890208	890636
AE009950	638173474	888055	888924
AE009950	638173475	888936	889742
AE009950	638173472	887164	887382
AE009950	638173473	887281	887973
AE009950	638173470	885793	886296
AE009950	638173471	886345	887145
AE009950	638173478	890633	891617
AE009950	638173479	891798	892025
AE009950	638173278	743892	744968
AE009950	638174559	1773331	1774107
AE009950	638173274	739644	739886
AE009950	638173275	740116	741705
AE009950	638173276	742393	743028
AE009950	638173277	743091	743900
AE009950	638173270	735280	735900
AE009950	638173271	736025	738424
AE009950	638174552	1766613	1767770
AE009950	638173273	738843	739367
AE009950	638173078	577963	578865
AE009950	638173079	578968	579471
AE009950	638173072	570884	571873
AE009950	638173073	571932	572882
AE009950	638173070	568808	570007
AE009950	638173071	570148	570597
AE009950	638173076	574633	575520
AE009950	638173077	575593	577932
AE009950	638173074	572901	573674
AE009950	638173075	573664	574446
AE009950	638174570	1781493	1782302
AE009950	638174641	1844183	1844653
AE009950	638173230	707755	708570
AE009950	638174709	1891926	1892684
AE009950	638174705	1889624	1890964
AE009950	638174707	1891159	1891866
AE009950	638174706	1890953	1891168
AE009950	638174701	1888256	1889236
AE009950	638174700	1887478	1888167
AE009950	638174702	1889233	1889460
AE009950	638172840	354894	355577
AE009950	638172665	195110	195754
AE009950	638172842	356987	358120
AE009950	638172667	196975	197802
AE009950	638172844	358419	360236
AE009950	638172845	360431	361408
AE009950	638174010	1331601	1332017
AE009950	638174013	1332309	1333163
AE009950	638174012	1332014	1332309
AE009950	638174015	1334089	1334545
AE009950	638174014	1333376	1334071
AE009950	638174017	1334722	1336086
AE009950	638174016	1334538	1334753
AE009950	638174019	1337413	1337916
AE009950	638174018	1336194	1337264
AE009950	638174125	1416190	1417230
AE009950	638174124	1415074	1416078
AE009950	638174127	1418206	1419771
AE009950	638174126	1417217	1418212
AE009950	638174120	1412755	1413369
AE009950	638174123	1414031	1414972
AE009950	638174122	1413455	1414021
AE009950	638174129	1421852	1422625
AE009950	638174128	1419794	1421797
AE009950	638174239	1514164	1514949
AE009950	638174238	1512589	1513906
AE009950	638174231	1505326	1508238
AE009950	638174230	1503856	1505319
AE009950	638174233	1509677	1511017
AE009950	638174232	1508482	1509633
AE009950	638174235	1511908	1512570
AE009950	638174234	1511043	1511792
AE009950	638172628	157236	158027
AE009950	638173712	1096655	1097506
AE009950	638173711	1095823	1096626
AE009950	638173862	1210573	1210737
AE009950	638173865	1211743	1212834
AE009950	638173716	1099504	1100967
AE009950	638173867	1214251	1214982
AE009950	638173714	1098283	1099170
AE009950	638172620	150678	151595
AE009950	638172621	151648	152568
AE009950	638172622	152568	153731
AE009950	638173718	1101239	1101622
AE009950	638172624	154652	155266
AE009950	638172625	155263	155853
AE009950	638172626	155840	156457
AE009950	638172627	156649	157221
AE009950	638173506	913334	913510
AE009950	638172521	57707	58366
AE009950	638173507	913536	913865
AE009950	638173976	1298919	1299302
AE009950	638172520	57460	57747
AE009950	638173504	911973	912758
AE009950	638173667	1047131	1048117
AE009950	638173666	1045816	1046697
AE009950	638173665	1045164	1045754
AE009950	638173664	1044057	1045121
AE009950	638172718	243538	244101
AE009950	638172719	244161	245558
AE009950	638173661	1039944	1040225
AE009950	638173660	1039877	1040188
AE009950	638172714	240484	241000
AE009950	638172715	240936	242504
AE009950	638172716	242646	243224
AE009950	638172717	243233	243538
AE009950	638172710	239893	240377
AE009950	638173669	1049547	1050569
AE009950	638173668	1048214	1049533
AE009950	638173919	1255811	1256608
AE009950	638173918	1255191	1255814
AE009950	638173449	869994	870257
AE009950	638173448	868846	869988
AE009950	638174499	1721054	1721833
AE009950	638174498	1720274	1720975
AE009950	638173911	1247601	1249025
AE009950	638174494	1716895	1717473
AE009950	638173441	860619	863522
AE009950	638173912	1249026	1249862
AE009950	638173915	1251888	1252601
AE009950	638173914	1251022	1251888
AE009950	638173445	866525	867811
AE009950	638173444	865743	866528
AE009950	638174558	1772562	1773251
AE009950	638173887	1232001	1233455
AE009950	638173281	745196	745674
AE009950	638174554	1769133	1770209
AE009950	638173283	746296	747540
AE009950	638173282	745739	746326
AE009950	638173285	748043	748909
AE009950	638173284	747589	748038
AE009950	638173287	750669	752189
AE009950	638173286	748906	750618
AE009950	638173288	752343	753044
AE009950	638174556	1771227	1771913
AE009950	638174557	1771951	1772565
AE009950	638173049	549209	551149
AE009950	638173048	547843	549216
AE009950	638173047	547053	547667
AE009950	638174550	1764755	1765399
AE009950	638173045	546149	546802
AE009950	638173044	545343	546152
AE009950	638173043	545022	545363
AE009950	638173042	544265	545041
AE009950	638173041	542993	544219
AE009950	638173040	542786	542974
AE009950	638173272	738440	738742
AE009950	638174553	1767878	1768924
AE009950	638174415	1661230	1661562
AE009950	638173374	809133	809909
AE009950	638172658	186107	188098
AE009950	638173377	810684	811382
AE009950	638173376	810368	810687
AE009950	638173308	764943	765216
AE009950	638174560	1774163	1775248
AE009950	638174410	1655335	1656009
AE009950	638173373	808750	809136
AE009950	638173372	808520	808714
AE009950	638172789	314674	315144
AE009950	638172519	56554	57459
AE009950	638173378	811379	812260
AE009950	638172788	314195	314617
AE009950	638174718	1897530	1897727
AE009950	638174719	1898123	1899826
AE009950	638174716	1896268	1896744
AE009950	638174717	1897085	1897543
AE009950	638174714	1894574	1894825
AE009950	638174715	1894803	1896236
AE009950	638174712	1893535	1893981
AE009950	638174713	1893978	1894574
AE009950	638174710	1892803	1893201
AE009950	638174711	1893179	1893454
AE009950	638172911	413631	415394
AE009950	638174002	1324943	1325941
AE009950	638174003	1325953	1327104
AE009950	638174000	1321789	1322466
AE009950	638174001	1322707	1324824
AE009950	638174006	1329102	1329491
AE009950	638174004	1327097	1328077
AE009950	638174005	1328088	1329077
AE009950	638174008	1329579	1330601
AE009950	638174009	1330591	1331592
AE009950	638173715	1099298	1099495
AE009950	638174136	1425303	1425896
AE009950	638174137	1425928	1426935
AE009950	638174134	1424604	1424798
AE009950	638174135	1424776	1425177
AE009950	638174133	1423803	1424599
AE009950	638174130	1422597	1422998
AE009950	638174131	1423007	1423798
AE009950	638174138	1427036	1427794
AE009950	638174139	1427923	1429212
AE009950	638172892	397700	398401
AE009950	638172891	396645	397553
AE009950	638172890	396310	396648
AE009950	638172897	401435	402160
AE009950	638172896	400138	401364
AE009950	638172895	399753	400157
AE009950	638172894	398596	399753
AE009950	638172899	403030	403560
AE009950	638172898	402144	403040
AE009950	638174228	1503210	1503455
AE009950	638174229	1503510	1503863
AE009950	638174222	1499439	1499843
AE009950	638174223	1499974	1500165
AE009950	638174220	1497260	1497907
AE009950	638174221	1497925	1499436
AE009950	638174226	1502177	1502971
AE009950	638174227	1502971	1503216
AE009950	638174224	1500370	1501464
AE009950	638174225	1501744	1501965
AE009950	638173704	1084902	1085771
AE009950	638172878	389836	390276
AE009950	638173870	1217218	1217787
AE009950	638173707	1092336	1093598
AE009950	638173876	1222581	1223405
AE009950	638173877	1223395	1223817
AE009950	638173874	1221392	1221952
AE009950	638173875	1222001	1222576
AE009950	638172655	183486	185003
AE009950	638172654	182599	183489
AE009950	638172873	384410	385411
AE009950	638173879	1224347	1224973
AE009950	638173708	1093579	1094745
AE009950	638172650	178650	179810
AE009950	638172653	181525	182499
AE009950	638172876	387603	388580
AE009950	638173956	1286462	1287292
AE009950	638173483	893390	893860
AE009950	638173950	1283955	1284269
AE009950	638173953	1285590	1285805
AE009950	638173952	1285169	1285543
AE009950	638173679	1055952	1059349
AE009950	638173208	692075	692257
AE009950	638173670	1050633	1051466
AE009950	638173671	1051467	1052429
AE009950	638173672	1052537	1053073
AE009950	638173673	1053060	1054040
AE009950	638173674	1054030	1054470
AE009950	638173676	1054664	1055878
AE009950	638172741	262484	262783
AE009950	638174521	1740245	1741066
AE009950	638172740	262329	262481
AE009950	638173200	685459	685710
AE009950	638174523	1741853	1742809
AE009950	638173908	1245494	1245976
AE009950	638173909	1245982	1247070
AE009950	638173458	877515	878279
AE009950	638173459	878282	879742
AE009950	638174488	1713098	1714615
AE009950	638174486	1711295	1711765
AE009950	638173903	1242157	1242499
AE009950	638173456	875553	876521
AE009950	638173457	876531	877259
AE009950	638173906	1244802	1245029
AE009950	638174483	1708277	1709227
AE009950	638173904	1242886	1244292
AE009950	638173905	1244575	1244805
AE009950	638173207	692070	692276
AE009950	638173206	691384	692061
AE009950	638172475	6464	7951
AE009950	638172474	5308	6300
AE009950	638172477	8538	9230
AE009950	638172476	8054	8548
AE009950	638172471	2240	3340
AE009950	638172470	939	2243
AE009950	638172473	4123	4926
AE009950	638172472	3353	4126
AE009950	638172479	9916	10905
AE009950	638173291	753017	753390
AE009950	638173297	755060	755789
AE009950	638173294	753633	754933
AE009950	638173298	755893	756036
AE009950	638173299	756033	757328
AE009950	638172509	45552	46013
AE009950	638172508	44919	45509
AE009950	638173052	552553	553254
AE009950	638173053	553680	555992
AE009950	638173055	556872	558308
AE009950	638173056	558415	559286
AE009950	638173057	559431	560165
AE009950	638172501	38333	39247
AE009950	638172500	37233	38330
AE009950	638172503	40169	40429
AE009950	638172502	39735	40019
AE009950	638172505	41109	42077
AE009950	638172504	40405	40983
AE009950	638172507	43228	44922
AE009950	638172506	42064	42855
AE009950	638173318	768279	768449
AE009950	638172884	392615	393535
AE009950	638174723	1902398	1902682
AE009950	638174722	1901579	1902394
AE009950	638174721	1899840	1901209
AE009950	638174726	1906416	1908185
AE009950	638174725	1904500	1905918
AE009950	638174724	1902688	1904442
AE009950	638174037	1349191	1350399
AE009950	638174036	1348779	1349117
AE009950	638174035	1346821	1348725
AE009950	638174034	1345546	1346850
AE009950	638174032	1345015	1345434
AE009950	638174031	1344053	1345018
AE009950	638174030	1342767	1344050
AE009950	638174039	1351020	1352195
AE009950	638174038	1350388	1351014
AE009950	638174109	1401156	1401527
AE009950	638174108	1399597	1401159
AE009950	638174100	1395881	1397077
AE009950	638174107	1399006	1399617
AE009950	638174106	1398731	1399009
AE009950	638174105	1398214	1398666
AE009950	638174104	1397791	1398210
AE009950	638173705	1085844	1087967
AE009950	638172868	380352	381266
AE009950	638173551	944277	945947
AE009950	638173844	1197174	1198526
AE009950	638173706	1088001	1090955
AE009950	638173002	505821	506618
AE009950	638173310	765537	765860
AE009950	638173553	947243	948172
AE009950	638172648	176949	178058
AE009950	638172885	393570	393923
AE009950	638172886	393960	394295
AE009950	638172887	394252	395244
AE009950	638172880	390548	391231
AE009950	638172881	391258	391545
AE009950	638172882	391556	391711
AE009950	638172883	391838	392566
AE009950	638173007	508590	510569
AE009950	638173840	1193950	1194522
AE009950	638172888	395249	395575
AE009950	638172889	395581	396306
AE009950	638172862	373064	373978
AE009950	638173005	508068	508349
AE009950	638174219	1496972	1497211
AE009950	638174218	1496502	1496981
AE009950	638174217	1495219	1496502
AE009950	638174216	1493675	1494937
AE009950	638174215	1493159	1493584
AE009950	638173556	952697	953626
AE009950	638174213	1492512	1493033
AE009950	638172860	370134	372029
AE009950	638174211	1491167	1491724
AE009950	638174210	1490339	1491130
AE009950	638173847	1200806	1201735
AE009950	638173846	1199777	1200793
AE009950	638173845	1198668	1199768
AE009950	638172869	381252	381842
AE009950	638173843	1196737	1197153
AE009950	638173842	1195302	1196675
AE009950	638173841	1194569	1195240
AE009950	638172649	178150	178653
AE009950	638172646	175745	176437
AE009950	638172863	373975	374949
AE009950	638172644	173847	174428
AE009950	638172645	174556	175761
AE009950	638172866	376900	379218
AE009950	638172867	379215	380150
AE009950	638172640	169930	170520
AE009950	638172865	375904	376881
AE009950	638172864	374942	375907
AE009950	638172641	170595	171968
AE009950	638172647	176434	176952
AE009950	638173609	998603	1000360
AE009950	638173605	996174	997394
AE009950	638173604	995486	996088
AE009950	638173607	997903	998565
AE009950	638173606	997397	997843
AE009950	638173601	992439	993200
AE009950	638173600	991757	992374
AE009950	638173603	993579	995435
AE009950	638173602	993197	993625
AE009950	638173954	1285811	1286011
AE009950	638173210	692731	693059
AE009950	638173939	1271810	1273066
AE009950	638173938	1271365	1271586
AE009950	638173937	1270974	1271378
AE009950	638173936	1269025	1270902
AE009950	638173935	1267796	1269082
AE009950	638173934	1266619	1267689
AE009950	638173933	1266277	1266483
AE009950	638173932	1265926	1266202
AE009950	638173930	1265294	1265962
AE009950	638173111	609612	610340
AE009950	638173110	608213	609598
AE009950	638173113	611563	614166
AE009950	638173112	610337	611521
AE009950	638173115	615154	616101
AE009950	638173114	614163	615095
AE009950	638173117	617011	617838
AE009950	638173116	616202	617011
AE009950	638173119	619025	619483
AE009950	638173118	617887	619035
AE009950	638172469	94	927
AE009950	638172643	173278	173844
AE009950	638173599	991550	991768
AE009950	638173598	991090	991452
AE009950	638173595	989258	989908
AE009950	638173594	988026	989195
AE009950	638173597	990790	991083
AE009950	638173596	990043	990591
AE009950	638173591	984618	985466
AE009950	638173590	983651	984613
AE009950	638173593	987709	988020
AE009950	638173592	985542	987716
AE009950	638174587	1798437	1799051
AE009950	638174585	1796669	1798391
AE009950	638174582	1795097	1796563
AE009950	638174581	1793572	1795095
AE009950	638174580	1792853	1793353
AE009950	638174589	1799630	1800595
AE009950	638174588	1799153	1799587
AE009950	638173025	530687	530977
AE009950	638173024	528588	530690
AE009950	638172518	55848	56570
AE009950	638173026	530974	531792
AE009950	638173021	526092	526314
AE009950	638173020	526010	526126
AE009950	638173023	526555	528582
AE009950	638173022	526371	526565
AE009950	638172512	48375	49118
AE009950	638172513	49183	51636
AE009950	638172510	46038	46613
AE009950	638172511	46636	48378
AE009950	638173029	532443	533822
AE009950	638173028	531918	532442
AE009950	638172514	51760	53145
AE009950	638172515	53135	54169
AE009950	638172970	474638	476242
AE009950	638174459	1686903	1687298
AE009950	638173338	784759	784959
AE009950	638173331	778050	779660
AE009950	638173330	776880	778049
AE009950	638173333	779986	781062
AE009950	638174452	1681739	1682137
AE009950	638173335	782274	782774
AE009950	638173334	781059	782261
AE009950	638173337	783839	784747
AE009950	638173336	782783	783826
AE009950	638174576	1788049	1788945
AE009950	638174577	1788984	1790288
AE009950	638174574	1783451	1786794
AE009950	638174028	1341753	1342256
AE009950	638174029	1342249	1342770
AE009950	638173255	723271	723645
AE009950	638174020	1337913	1338167
AE009950	638174021	1338164	1338538
AE009950	638174022	1338528	1338785
AE009950	638174023	1338782	1339081
AE009950	638174024	1339074	1339520
AE009950	638174025	1339517	1339870
AE009950	638174026	1339867	1341399
AE009950	638174027	1341401	1341748
AE009950	638174479	1703344	1704669
AE009950	638174571	1782299	1783411
AE009950	638174477	1702086	1702760
AE009950	638173316	767357	767491
AE009950	638173315	767181	767360
AE009950	638173209	692283	692699
AE009950	638173314	766956	767174
AE009950	638174473	1697291	1697470
AE009950	638173248	719033	719356
AE009950	638174472	1696784	1697155
AE009950	638174578	1790387	1792324
AE009950	638173259	725943	726857
AE009950	638174118	1411866	1412114
AE009950	638174119	1412270	1412746
AE009950	638174114	1409796	1410389
AE009950	638174115	1410437	1411018
AE009950	638174116	1411026	1411463
AE009950	638174117	1411468	1411869
AE009950	638174110	1401589	1404336
AE009950	638174111	1404410	1406506
AE009950	638174112	1406599	1408695
AE009950	638174113	1408709	1409809
AE009950	638173713	1097496	1098299
AE009950	638173892	1237035	1237334
AE009950	638172659	188100	188579
AE009950	638174200	1483022	1483645
AE009950	638174201	1483702	1484457
AE009950	638174203	1484516	1485025
AE009950	638174204	1485067	1485903
AE009950	638174205	1486031	1487371
AE009950	638174206	1487345	1488607
AE009950	638174207	1488674	1489546
AE009950	638174208	1489560	1489919
AE009950	638174209	1489965	1490333
AE009950	638172673	204772	206196
AE009950	638172672	203712	204761
AE009950	638172671	201035	203524
AE009950	638172670	199478	200722
AE009950	638172677	208695	209264
AE009950	638172676	208160	208702
AE009950	638172675	207177	208184
AE009950	638172674	206207	207166
AE009950	638172857	367848	368297
AE009950	638172856	367052	367855
AE009950	638172679	209565	210248
AE009950	638172854	365038	365601
AE009950	638172853	364274	364954
AE009950	638172852	363090	364033
AE009950	638172850	362400	363074
AE009950	638174511	1730235	1731149
AE009950	638172988	491442	492863
AE009950	638172985	488057	489745
AE009950	638172984	487387	488067
AE009950	638172987	490572	491330
AE009950	638172986	489742	490572
AE009950	638172981	485548	485889
AE009950	638172980	484979	485551
AE009950	638172983	487196	487333
AE009950	638172982	485963	487156
AE009950	638173618	1008202	1009080
AE009950	638173619	1009071	1010255
AE009950	638173616	1006040	1007161
AE009950	638173617	1007172	1008251
AE009950	638173614	1002922	1003272
AE009950	638173615	1003300	1005900
AE009950	638173613	1001903	1002916
AE009950	638173610	1000398	1000697
AE009950	638173611	1000677	1001801
AE009950	638173858	1208389	1208733
AE009950	638173859	1208774	1209319
AE009950	638173851	1203884	1204195
AE009950	638173852	1204579	1205346
AE009950	638173853	1205343	1206026
AE009950	638173854	1206019	1207008
AE009950	638173855	1207044	1207352
AE009950	638173856	1207349	1207630
AE009950	638173857	1207631	1208395
AE009950	638173920	1256605	1257858
AE009950	638173921	1257851	1258489
AE009950	638173922	1258479	1259123
AE009950	638173923	1259216	1259887
AE009950	638173924	1259884	1260549
AE009950	638173925	1260646	1261842
AE009950	638172657	185794	186105
AE009950	638173927	1262501	1263547
AE009950	638173928	1263683	1264393
AE009950	638173929	1264393	1265316
AE009950	638173102	600032	601354
AE009950	638173103	601462	602226
AE009950	638173100	597845	598537
AE009950	638173101	598798	599799
AE009950	638173106	603707	605014
AE009950	638173107	605418	606017
AE009950	638173104	602223	603188
AE009950	638173105	603157	603642
AE009950	638173108	606010	606624
AE009950	638173109	606805	608172
AE009950	638172699	234645	234929
AE009950	638172698	233948	234520
AE009950	638172656	185009	185701
AE009950	638172691	225439	226260
AE009950	638172690	224091	225470
AE009950	638172693	228005	228619
AE009950	638172692	226257	227870
AE009950	638172695	231034	231846
AE009950	638172694	228606	230933
AE009950	638172697	232621	233913
AE009950	638172696	231843	232583
AE009950	638173588	981072	982379
AE009950	638173589	982426	983547
AE009950	638173586	978478	979929
AE009950	638173587	979926	980984
AE009950	638173584	977368	977595
AE009950	638173585	977662	978363
AE009950	638173582	975450	976688
AE009950	638173583	976693	977361
AE009950	638173580	974612	974725
AE009950	638173581	974725	975378
AE009950	638174598	1806301	1806516
AE009950	638174599	1806615	1807460
AE009950	638172651	179807	180805
AE009950	638174590	1800588	1800989
AE009950	638174591	1800990	1801202
AE009950	638174592	1801271	1801918
AE009950	638174593	1801964	1802848
AE009950	638174594	1802989	1804914
AE009950	638174595	1804967	1805506
AE009950	638174597	1805557	1806291
AE009950	638174082	1385861	1386082
AE009950	638173036	539348	540538
AE009950	638173037	540549	540809
AE009950	638173034	537725	538948
AE009950	638173035	538942	539355
AE009950	638173032	536364	536783
AE009950	638173033	536770	537714
AE009950	638173030	533881	535524
AE009950	638172528	64434	65492
AE009950	638172527	62786	64441
AE009950	638172526	62346	62714
AE009950	638172525	61948	62283
AE009950	638172524	61472	61939
AE009950	638172523	58953	61463
AE009950	638172522	58363	58956
AE009950	638173038	540820	541992
AE009950	638173039	542154	542582
AE009950	638173505	912771	913127
AE009950	638173719	1101622	1102089
AE009950	638172585	114881	115924
AE009950	638173503	910599	911372
AE009950	638172587	117115	118179
AE009950	638173501	909426	909833
AE009950	638174448	1680110	1680406
AE009950	638174449	1680419	1680637
AE009950	638173322	770736	771326
AE009950	638173323	771392	772093
AE009950	638174440	1676811	1677203
AE009950	638173321	769551	770768
AE009950	638174446	1679503	1679844
AE009950	638173327	774027	774686
AE009950	638174444	1678696	1679070
AE009950	638174445	1679072	1679497
AE009950	638174538	1751962	1753305
AE009950	638174502	1724035	1724895
AE009950	638172749	267040	269811
AE009950	638172748	265918	267048
AE009950	638174059	1368918	1369076
AE009950	638174058	1367474	1368790
AE009950	638174055	1363240	1364175
AE009950	638174054	1362930	1363259
AE009950	638174057	1365679	1367412
AE009950	638174056	1364250	1365701
AE009950	638174051	1360246	1362012
AE009950	638174050	1359534	1360040
AE009950	638174053	1362325	1362855
AE009950	638174052	1362022	1362288
AE009950	638174699	1886959	1887417
AE009950	638174693	1882806	1883357
AE009950	638174692	1882385	1882873
AE009950	638174691	1881861	1882388
AE009950	638174697	1885567	1886922
AE009950	638174696	1884653	1885528
AE009950	638174695	1884068	1884652
AE009950	638174694	1883422	1884012
AE009950	638172629	158092	158706
AE009950	638174501	1723191	1724060
AE009950	638173332	779679	779924
AE009950	638174533	1747969	1748215
AE009950	638174275	1538770	1540515
AE009950	638174274	1538315	1538668
AE009950	638174277	1542238	1542801
AE009950	638174276	1540505	1542241
AE009950	638174270	1536580	1537026
AE009950	638174273	1537755	1538318
AE009950	638174272	1537136	1537723
AE009950	638174279	1543881	1544495
AE009950	638174278	1543003	1543884
AE009950	638172664	193691	195079
AE009950	638172841	355681	356946
AE009950	638172666	195786	197000
AE009950	638172843	358122	358370
AE009950	638172660	188614	189210
AE009950	638172661	189217	190329
AE009950	638172662	190326	190637
AE009950	638172663	190644	193685
AE009950	638172849	361528	362229
AE009950	638172668	197868	198776
AE009950	638172669	198787	199530
AE009950	638172998	502464	503201
AE009950	638172999	503315	504169
AE009950	638172996	501129	501617
AE009950	638172997	501670	502416
AE009950	638172994	497513	497935
AE009950	638172995	497978	501127
AE009950	638172992	496589	497362
AE009950	638172990	492789	494958
AE009950	638172991	495032	496429
AE009950	638174309	1566463	1567563
AE009950	638174308	1565708	1566457
AE009950	638174685	1877092	1877712
AE009950	638174301	1560039	1560554
AE009950	638174300	1559206	1559943
AE009950	638174303	1561855	1562997
AE009950	638174302	1560773	1561858
AE009950	638174305	1563682	1563849
AE009950	638174304	1562994	1563488
AE009950	638174307	1564705	1565697
AE009950	638174306	1563887	1564708
AE009950	638173623	1014012	1015187
AE009950	638173622	1012727	1014019
AE009950	638173621	1011463	1012695
AE009950	638173620	1010252	1011256
AE009950	638173627	1016450	1017484
AE009950	638173626	1016146	1016418
AE009950	638173625	1015845	1016054
AE009950	638173624	1015156	1015779
AE009950	638173629	1017843	1018601
AE009950	638173628	1017447	1017848
AE009950	638173863	1210814	1211329
AE009950	638173710	1095644	1095826
AE009950	638174537	1750198	1751973
AE009950	638173717	1100964	1101236
AE009950	638173346	789582	791270
AE009950	638173864	1211434	1211613
AE009950	638173431	850576	851979
AE009950	638172969	473792	474565
AE009950	638173436	855887	856378
AE009950	638172968	473220	473786
AE009950	638173437	856590	857495
AE009950	638173869	1216166	1217128
AE009950	638173342	787669	788598
AE009950	638173868	1215072	1216163
AE009950	638173825	1181229	1182179
AE009950	638173824	1179929	1181077
AE009950	638173827	1183142	1184068
AE009950	638173826	1182150	1183021
AE009950	638173821	1177712	1177999
AE009950	638173820	1175771	1177696
AE009950	638173823	1178445	1179923
AE009950	638173822	1178002	1178280
AE009950	638173955	1286152	1286427
AE009950	638173486	894645	895130
AE009950	638173485	893960	894655
AE009950	638172623	153721	154650
AE009950	638173951	1284317	1285096
AE009950	638173482	893178	893336
AE009950	638173481	892897	893126
AE009950	638173480	892432	892854
AE009950	638173959	1287536	1287655
AE009950	638173489	897630	898016
AE009950	638173488	895395	897290
AE009950	638173137	636089	636814
AE009950	638173136	635673	636092
AE009950	638173135	635224	635622
AE009950	638173134	634042	635169
AE009950	638173133	633007	633798
AE009950	638173132	631869	633017
AE009950	638173131	631526	631819
AE009950	638173130	631168	631545
AE009950	638173139	637268	637858
AE009950	638173138	636827	637303
AE009950	638173433	852867	853331
AE009950	638172688	221929	222756
AE009950	638172689	222845	224077
AE009950	638172682	212635	214077
AE009950	638172683	214120	216615
AE009950	638172680	210357	212471
AE009950	638172681	212461	212631
AE009950	638172686	219318	220427
AE009950	638172687	220424	221932
AE009950	638172684	216620	217822
AE009950	638172685	217828	218961
AE009950	638173430	850422	850553
AE009950	638172516	54156	55124
AE009950	638172517	55124	55792
AE009950	638173559	955455	956522
AE009950	638173558	955166	955501
AE009950	638173009	513832	517476
AE009950	638173008	510566	513748
AE009950	638173003	506615	507346
AE009950	638173550	942767	944266
AE009950	638173001	505347	505724
AE009950	638173000	504156	505157
AE009950	638173555	949263	952715
AE009950	638173554	948183	949250
AE009950	638173557	953631	955040
AE009950	638173004	507364	507951
AE009950	638172530	66216	67424
AE009950	638172531	67490	68041
AE009950	638172532	68034	69098
AE009950	638172533	69088	69561
AE009950	638172534	69558	70730
AE009950	638172535	70838	71470
AE009950	638172538	71424	72156
AE009950	638172539	72153	72935
AE009950	638173319	768446	768862
AE009950	638174478	1702767	1703351
AE009950	638173317	767568	768269
AE009950	638174476	1701760	1702089
AE009950	638174475	1698153	1701686
AE009950	638174474	1697525	1698163
AE009950	638173313	766356	767003
AE009950	638173312	765847	766259
AE009950	638174471	1696367	1696801
AE009950	638174470	1694743	1696380
AE009950	638173434	853328	854083
AE009950	638173435	854080	855123
AE009950	638173817	1173286	1173744
AE009950	638174048	1358912	1359286
AE009950	638174049	1359283	1359537
AE009950	638174046	1357921	1358637
AE009950	638174047	1358631	1358915
AE009950	638174044	1356102	1357583
AE009950	638174045	1357580	1357924
AE009950	638174042	1353316	1354245
AE009950	638174043	1354249	1356105
AE009950	638174040	1352206	1352730
AE009950	638174041	1352727	1353305
AE009950	638174688	1879256	1880314
AE009950	638174689	1880348	1881100
AE009950	638174684	1876134	1877126
AE009950	638173818	1173816	1175099
AE009950	638174686	1877748	1878449
AE009950	638174682	1873389	1874278
AE009950	638174683	1874290	1875891
AE009950	638173339	785140	786003
AE009950	638174458	1685959	1686798
AE009950	638174512	1731133	1731657
AE009950	638174513	1731645	1732661
AE009950	638173234	710933	711451
AE009950	638174515	1733551	1733832
AE009950	638173236	712700	712906
AE009950	638173237	712933	713175
AE009950	638174267	1534790	1535575
AE009950	638174264	1533831	1534259
AE009950	638174265	1534266	1534628
AE009950	638174262	1533155	1533367
AE009950	638174263	1533412	1533819
AE009950	638174260	1532854	1533027
AE009950	638174450	1680624	1681256
AE009950	638173663	1040727	1043927
AE009950	638174453	1682148	1682867
AE009950	638174268	1535609	1536022
AE009950	638174269	1536019	1536561
AE009950	638172835	350944	351738
AE009950	638172834	350457	350933
AE009950	638172837	352470	353420
AE009950	638172836	351748	352341
AE009950	638172831	348225	348707
AE009950	638172830	347500	348198
AE009950	638172833	349245	350453
AE009950	638172832	348707	349264
AE009950	638174455	1683145	1683912
AE009950	638172839	353954	354922
AE009950	638172838	353433	353759
AE009950	638174454	1682879	1683145
AE009950	638174457	1685028	1685810
AE009950	638174456	1683928	1685025
AE009950	638173787	1156358	1156758
AE009950	638174318	1573779	1574600
AE009950	638174319	1574650	1575846
AE009950	638172499	35819	37252
AE009950	638174312	1568979	1569632
AE009950	638174313	1569629	1570552
AE009950	638174310	1567538	1568518
AE009950	638173783	1153573	1154541
AE009950	638174316	1572339	1572992
AE009950	638174317	1572989	1573804
AE009950	638174314	1570563	1571351
AE009950	638174315	1571339	1572346
AE009950	638172949	451759	456981
AE009950	638173635	1021338	1022753
AE009950	638173636	1022880	1023293
AE009950	638173637	1023286	1024578
AE009950	638173630	1018658	1019818
AE009950	638173631	1019936	1020082
AE009950	638173632	1020266	1020397
AE009950	638173633	1020469	1020852
AE009950	638172941	443269	444636
AE009950	638174522	1741053	1741820
AE009950	638172943	446395	447693
AE009950	638172942	445419	446393
AE009950	638172945	448194	448645
AE009950	638173639	1025324	1025983
AE009950	638172947	449147	450351
AE009950	638174525	1743809	1744333
AE009950	638173838	1192664	1192984
AE009950	638173839	1193034	1193948
AE009950	638173836	1191037	1191969
AE009950	638173837	1191971	1192660
AE009950	638173834	1190160	1190258
AE009950	638173835	1190306	1191040
AE009950	638173832	1187250	1188419
AE009950	638173833	1188551	1190149
AE009950	638173830	1184065	1186264
AE009950	638173831	1186268	1187257
AE009950	638173946	1279379	1280530
AE009950	638173947	1280539	1281777
AE009950	638173944	1277390	1278295
AE009950	638173945	1278292	1279389
AE009950	638173942	1275204	1276214
AE009950	638173943	1276458	1277366
AE009950	638173940	1273076	1274359
AE009950	638173941	1274356	1275207
AE009950	638173120	619484	620410
AE009950	638173121	620502	621560
AE009950	638173122	621557	622444
AE009950	638173123	622480	622998
AE009950	638173124	625714	626160
AE009950	638173125	626147	627118
AE009950	638173948	1281755	1282723
AE009950	638173949	1282720	1283841
AE009950	638173421	846032	846439
AE009950	638173420	844239	846032
AE009950	638173548	941348	941923
AE009950	638173549	941910	942548
AE009950	638173018	522953	525403
AE009950	638173019	525443	525991
AE009950	638173542	937611	938864
AE009950	638173543	938821	939381
AE009950	638173016	521219	521935
AE009950	638173017	521928	522923
AE009950	638173546	940318	940650
AE009950	638173547	940738	941361
AE009950	638173012	518797	519114
AE009950	638173013	519111	519824
AE009950	638172547	79562	80317
AE009950	638172546	78019	79437
AE009950	638172541	73872	74774
AE009950	638172540	72993	73694
AE009950	638172543	76489	77631
AE009950	638172542	74780	76492
AE009950	638172549	81513	82406
AE009950	638172548	80328	81500
AE009950	638174493	1716363	1716914
AE009950	638173499	908668	909094
AE009950	638173490	898325	900019
AE009950	638173491	900021	901019
AE009950	638173492	901054	902553
AE009950	638173493	902558	903832
AE009950	638173494	903829	904323
AE009950	638173495	904320	905387
AE009950	638173496	905368	906945
AE009950	638173497	906942	908597
AE009950	638174492	1715515	1716448
AE009950	638173897	1239812	1241182
AE009950	638173300	757388	758677
AE009950	638173301	758735	759685
AE009950	638173302	759691	760785
AE009950	638173303	760795	761409
AE009950	638173304	761479	762375
AE009950	638173305	762368	763246
AE009950	638173306	763243	764475
AE009950	638173307	764538	764936
AE009950	638173425	847219	848157
AE009950	638173309	765189	765497
AE009950	638173443	864854	865732
AE009950	638173442	863754	864857
AE009950	638174497	1719412	1720233
AE009950	638174496	1718792	1719409
AE009950	638173424	846441	847151
AE009950	638173447	868425	868853
AE009950	638173446	867808	868428
AE009950	638173917	1253839	1255194
AE009950	638173916	1252604	1253842
AE009950	638173562	957770	958801
AE009950	638172790	315141	315401
AE009950	638173563	958931	960028
AE009950	638174073	1378926	1379621
AE009950	638173568	964528	965358
AE009950	638174071	1377177	1377758
AE009950	638174070	1375936	1377114
AE009950	638174077	1380572	1382260
AE009950	638174076	1380121	1380447
AE009950	638174075	1379965	1380120
AE009950	638173569	965355	966116
AE009950	638174079	1382919	1383440
AE009950	638174078	1382407	1382637
AE009950	638174671	1868989	1869738
AE009950	638174670	1868394	1868960
AE009950	638174673	1870412	1871665
AE009950	638174672	1869772	1870419
AE009950	638174674	1871822	1872361
AE009950	638174677	1872463	1873389
AE009950	638174678	1872542	1872607
AE009950	638172861	372068	373060
AE009950	638174212	1491721	1492515
AE009950	638174259	1531828	1532847
AE009950	638174258	1531206	1531814
AE009950	638174253	1525737	1527422
AE009950	638174252	1525300	1525581
AE009950	638174251	1524746	1525303
AE009950	638174250	1523720	1524814
AE009950	638174257	1530127	1531164
AE009950	638174256	1529201	1530079
AE009950	638174255	1528186	1529190
AE009950	638174254	1527419	1528189
AE009950	638174099	1394793	1395809
AE009950	638174098	1393705	1394778
AE009950	638174091	1389982	1390650
AE009950	638174090	1388969	1389892
AE009950	638174093	1391224	1391871
AE009950	638174092	1390696	1391238
AE009950	638174095	1392151	1392555
AE009950	638174094	1391951	1392154
AE009950	638174097	1393153	1393731
AE009950	638174096	1392619	1393080
AE009950	638173552	946117	947163
AE009950	638172827	342178	344142
AE009950	638172824	339945	340940
AE009950	638172825	340937	341320
AE009950	638172822	338773	339378
AE009950	638172823	339395	339928
AE009950	638172821	338238	338678
AE009950	638173849	1202750	1203610
AE009950	638172828	344148	345854
AE009950	638172829	345866	347479
AE009950	638174329	1583717	1584463
AE009950	638174328	1583405	1583728
AE009950	638174327	1582954	1583400
AE009950	638174326	1581932	1582969
AE009950	638174325	1581718	1581948
AE009950	638174324	1580641	1581651
AE009950	638174323	1579245	1580567
AE009950	638174322	1578362	1579270
AE009950	638174321	1577380	1578369
AE009950	638174320	1575891	1577396
AE009950	638172958	463562	464263
AE009950	638172959	464859	465722
AE009950	638172952	459482	460813
AE009950	638172953	460800	461894
AE009950	638172950	457188	458171
AE009950	638172951	458228	459493
AE009950	638172957	462991	464782
AE009950	638172954	461891	462949
AE009950	638173803	1161130	1161530
AE009950	638172940	442192	442530
AE009950	638173800	1160968	1161111
AE009950	638173807	1163631	1164083
AE009950	638173806	1162991	1163668
AE009950	638173805	1162413	1162994
AE009950	638173804	1161571	1162350
AE009950	638173809	1164636	1165967
AE009950	638173808	1164067	1164513
AE009950	638173159	648765	650135
AE009950	638173158	647323	648672
AE009950	638173155	644654	645437
AE009950	638173154	643597	644610
AE009950	638173157	645887	647263
AE009950	638173156	645439	645894
AE009950	638173151	642417	642713
AE009950	638173150	641065	642424
AE009950	638173153	643384	643572
AE009950	638173152	642719	643387
AE009950	638173799	1159977	1160348
AE009950	638173798	1159693	1160004
AE009950	638173793	1158106	1158468
AE009950	638173792	1157583	1158104
AE009950	638173791	1157225	1157569
AE009950	638173790	1156775	1157231
AE009950	638173797	1158674	1159671
AE009950	638173794	1158419	1158607
AE009950	638174311	1568672	1568986
AE009950	638172816	335118	336095
AE009950	638173634	1020830	1021252
AE009950	638172948	451299	451526
AE009950	638173886	1229839	1232004
AE009950	638173579	973527	974315
AE009950	638173578	972838	973521
AE009950	638173577	972249	972419
AE009950	638173576	971045	972259
AE009950	638173575	970159	970719
AE009950	638173574	969765	970154
AE009950	638173573	968293	969474
AE009950	638173572	967412	968296
AE009950	638173571	966769	967308
AE009950	638173570	966113	966706
AE009950	638172556	88332	88844
AE009950	638172554	86517	87308
AE009950	638172555	87301	88335
AE009950	638172552	84030	85325
AE009950	638172553	85449	86486
AE009950	638172550	82448	83155
AE009950	638172551	83138	84046
AE009950	638172559	88867	92935
AE009950	638173979	1300654	1301496
AE009950	638173978	1299938	1300657
AE009950	638173882	1226160	1226570
AE009950	638173973	1296839	1297909
AE009950	638173972	1296391	1296825
AE009950	638173971	1294497	1296386
AE009950	638173970	1293416	1294486
AE009950	638173977	1299303	1299893
AE009950	638173881	1225224	1225910
AE009950	638173975	1298119	1298922
AE009950	638174406	1651503	1652225
AE009950	638173880	1224970	1225224
AE009950	638174407	1652268	1653551
AE009950	638173638	1024580	1025224
AE009950	638173364	800391	800636
AE009950	638172944	447736	447987
AE009950	638174405	1650968	1651543
AE009950	638173885	1227353	1229839
AE009950	638174402	1648819	1649361
AE009950	638173884	1226636	1227343
AE009950	638174403	1649441	1650532
AE009950	638173375	810182	810364
AE009950	638174414	1660205	1661227
AE009950	638174417	1662412	1663335
AE009950	638174416	1661667	1662365
AE009950	638174411	1655977	1657518
AE009950	638173370	807782	808471
AE009950	638174413	1658728	1660092
AE009950	638174412	1657500	1658687
AE009950	638174401	1647977	1648822
AE009950	638174419	1664132	1664740
AE009950	638174418	1663392	1664048
AE009950	638173046	546805	547056
AE009950	638173368	805426	806532
AE009950	638173369	806556	807785
AE009950	638174529	1746259	1746873
AE009950	638174528	1745899	1746201
AE009950	638173201	685707	686651
AE009950	638174520	1739367	1740251
AE009950	638173203	688955	690064
AE009950	638173202	686783	688945
AE009950	638173205	690764	691177
AE009950	638173204	690118	690789
AE009950	638174527	1745653	1745898
AE009950	638174526	1744333	1745550
AE009950	638174064	1373299	1373691
AE009950	638174065	1373666	1374181
AE009950	638174066	1374195	1374467
AE009950	638174060	1369129	1371015
AE009950	638174061	1371124	1371711
AE009950	638174062	1371708	1372529
AE009950	638174063	1372508	1373302
AE009950	638174069	1374705	1375985
AE009950	638174662	1861224	1862027
AE009950	638174663	1862030	1862794
AE009950	638174660	1858621	1858869
AE009950	638174661	1858962	1861160
AE009950	638174666	1865392	1866042
AE009950	638174667	1866088	1866897
AE009950	638174664	1862800	1865094
AE009950	638174665	1865225	1865395
AE009950	638174668	1866894	1867262
AE009950	638174669	1867264	1868340
AE009950	638173910	1247067	1247567
AE009950	638172874	385602	386894
AE009950	638174248	1521080	1522222
AE009950	638174249	1522219	1523523
AE009950	638174244	1517263	1518969
AE009950	638174245	1519033	1520292
AE009950	638174247	1520405	1521097
AE009950	638174240	1514933	1515409
AE009950	638174241	1515549	1516076
AE009950	638174242	1516352	1516750
AE009950	638174243	1516742	1517239
AE009950	638174088	1388279	1388575
AE009950	638174089	1388586	1388978
AE009950	638173913	1250021	1251025
AE009950	638174083	1386168	1386383
AE009950	638174080	1383451	1385323
AE009950	638174081	1385396	1385827
AE009950	638174086	1387381	1388070
AE009950	638174084	1386483	1387211
AE009950	638173128	629376	630041
AE009950	638173129	630051	631178
AE009950	638173266	731806	732366
AE009950	638174330	1584456	1585622
AE009950	638174331	1585609	1586235
AE009950	638174332	1586235	1586801
AE009950	638174333	1586803	1588101
AE009950	638174334	1588083	1589057
AE009950	638174335	1589057	1589743
AE009950	638174336	1589900	1590580
AE009950	638174337	1590675	1591790
AE009950	638174338	1591787	1594957
AE009950	638174339	1594946	1595731
AE009950	638172783	307989	308978
AE009950	638172782	307149	307949
AE009950	638172781	304315	306990
AE009950	638172780	302436	304310
AE009950	638172787	311040	311897
AE009950	638172786	310341	311036
AE009950	638172785	309968	310393
AE009950	638172784	309015	309971
AE009950	638172967	472643	473209
AE009950	638172966	471039	472538
AE009950	638172965	470710	471042
AE009950	638172964	469587	470699
AE009950	638172963	467898	469481
AE009950	638172962	467478	467888
AE009950	638172961	467197	467475
AE009950	638172960	465719	467038
AE009950	638173219	702106	702582
AE009950	638173126	627232	628103
AE009950	638173127	628148	629350
AE009950	638173814	1170548	1170928
AE009950	638173815	1170990	1171346
AE009950	638173816	1171391	1173289
AE009950	638172818	337346	337762
AE009950	638173812	1166614	1169842
AE009950	638173813	1170171	1170542
AE009950	638172813	332150	334012
AE009950	638172812	331274	332116
AE009950	638172811	330225	331277
AE009950	638172810	329612	330157
AE009950	638172817	336067	337245
AE009950	638173819	1175104	1175802
AE009950	638172815	334060	335070
AE009950	638173647	1031490	1031975
AE009950	638173146	640386	640847
AE009950	638174536	1749516	1750166
AE009950	638173144	638636	639486
AE009950	638173145	639487	639987
AE009950	638173140	637852	638256
AE009950	638173141	638313	638639
AE009950	638172497	34545	35099
AE009950	638172496	32979	34340
AE009950	638172495	32207	32998
AE009950	638172494	30812	32164
AE009950	638172493	25862	26638
AE009950	638172492	24499	25908
AE009950	638172491	23795	24502
AE009950	638172490	23182	23814
AE009950	638173784	1154534	1155484
AE009950	638173786	1155668	1156165
AE009950	638174535	1748733	1749524
AE009950	638173780	1149709	1151577
AE009950	638173781	1151648	1152634
AE009950	638173782	1152639	1153571
AE009950	638172498	35386	35838
AE009950	638173560	956523	956642
AE009950	638173561	956635	957768
AE009950	638172569	103332	104030
AE009950	638172568	102519	103199
AE009950	638173564	960123	961250
AE009950	638173565	961264	962748
AE009950	638173566	962782	963624
AE009950	638173567	963693	964541
AE009950	638172563	95567	96568
AE009950	638172562	94057	95562
AE009950	638172561	93646	94050
AE009950	638172560	92940	93584
AE009950	638172567	99866	102424
AE009950	638172566	98420	99859
AE009950	638172565	97598	98419
AE009950	638172564	96627	97550
AE009950	638172769	291361	292299
AE009950	638172768	290580	291368
AE009950	638172761	281405	281866
AE009950	638172760	278656	281400
AE009950	638172763	283979	284890
AE009950	638172762	281958	283928
AE009950	638172765	285783	286922
AE009950	638172764	285056	285757
AE009950	638172767	288420	290576
AE009950	638172766	286923	288374
AE009950	638173968	1291998	1292900
AE009950	638173969	1293048	1293410
AE009950	638173965	1290148	1291434
AE009950	638173966	1291474	1291782
AE009950	638173960	1287799	1288032
AE009950	638173962	1288269	1289126
AE009950	638173963	1289128	1289907
AE009950	638173487	895117	895371
AE009950	638172739	259043	260239
AE009950	638173366	802087	803559
AE009950	638173367	803543	805393
AE009950	638174404	1650498	1650953
AE009950	638173365	800694	802109
AE009950	638173362	799453	800031
AE009950	638173363	800043	800312
AE009950	638174400	1646817	1647980
AE009950	638173361	799201	799452
AE009950	638174408	1653723	1654511
AE009950	638174409	1654508	1655335
AE009950	638174534	1748174	1748704
AE009950	638173218	700705	702081
AE009950	638174539	1753356	1754483
AE009950	638173212	694049	694468
AE009950	638173213	694475	695326
AE009950	638174530	1746870	1747631
AE009950	638173211	693117	694037
AE009950	638173216	699886	700113
AE009950	638173217	700151	700537
AE009950	638173214	698995	699579
AE009950	638173215	699650	699904
AE009950	638174657	1857532	1857783
AE009950	638174656	1857119	1857469
AE009950	638174655	1855885	1857126
AE009950	638174654	1854402	1855892
AE009950	638174653	1852917	1854389
AE009950	638174652	1852111	1852872
AE009950	638174651	1850643	1851971
AE009950	638174650	1849763	1850629
AE009950	638174659	1857987	1858658
AE009950	638174658	1857791	1857940
AE009950	638173662	1040222	1040533
AE009950	638173465	883814	883930
AE009950	638173396	823526	824641
AE009950	638173394	822427	823503
AE009950	638173393	821386	822156
AE009950	638173392	820589	821335
AE009950	638173391	819182	820618
AE009950	638172917	420500	421126
AE009950	638173390	817300	819165
AE009950	638173014	519829	520665
AE009950	638173015	520634	521188
AE009950	638172859	368506	369957
AE009950	638173010	517689	518483
AE009950	638172858	368300	368509
AE009950	638173011	518588	518800
AE009950	638173544	939418	940167
AE009950	638173545	940157	940336
AE009950	638172855	365787	366926
AE009950	638172678	209332	209571
AE009950	638174345	1599984	1600895
AE009950	638174344	1599272	1600000
AE009950	638174347	1601412	1602689
AE009950	638174346	1601129	1601332
AE009950	638174341	1596220	1597455
AE009950	638174340	1595798	1596214
AE009950	638174343	1598702	1599202
AE009950	638174342	1597514	1598530
AE009950	638174349	1603150	1604493
AE009950	638174348	1602755	1603150
AE009950	638172794	318028	318747
AE009950	638172971	476258	476839
AE009950	638172796	319823	321151
AE009950	638172797	321323	321904
AE009950	638172974	477397	478101
AE009950	638172975	478142	480103
AE009950	638172792	316044	316595
AE009950	638172793	316573	318024
AE009950	638172978	481472	484558
AE009950	638172979	484575	484982
AE009950	638172798	321906	322931
AE009950	638172799	322928	323938
AE009950	638172809	329163	329627
AE009950	638172804	327278	327628
AE009950	638172805	327695	329062
AE009950	638172800	324065	325084
AE009950	638172802	325274	326551
AE009950	638172803	326544	327281
AE009950	638172488	17498	19339
AE009950	638173172	661966	662433
AE009950	638173171	661581	661931
AE009950	638173170	659796	661442
AE009950	638173177	666646	667128
AE009950	638173176	666025	666549
AE009950	638173175	664685	665872
AE009950	638173174	663510	664277
AE009950	638172481	10956	11750
AE009950	638172482	11810	12613
AE009950	638173178	667323	668231
AE009950	638172484	13350	13736
AE009950	638172485	13751	14479
AE009950	638172486	14581	15354
AE009950	638172487	16236	17498
AE009950	638173771	1142047	1142747
AE009950	638173770	1141457	1141981
AE009950	638173773	1143450	1143563
AE009950	638173772	1142874	1143368
AE009950	638173775	1145476	1146843
AE009950	638173774	1143544	1145403
AE009950	638173777	1147304	1147774
AE009950	638173776	1146840	1147307
AE009950	638173779	1148005	1149537
AE009950	638173778	1147771	1148001
AE009950	638174484	1709262	1710335
AE009950	638173515	919632	920061
AE009950	638173514	918903	919277
AE009950	638173517	920401	920739
AE009950	638173516	920180	920365
AE009950	638173511	916398	917366
AE009950	638172579	109478	110243
AE009950	638173513	918553	918738
AE009950	638173512	917540	918403
AE009950	638172574	107145	107582
AE009950	638172575	107607	108590
AE009950	638172576	108722	109468
AE009950	638172570	104017	104208
AE009950	638172571	104205	105386
AE009950	638172572	105370	106143
AE009950	638172573	106140	107090
AE009950	638173685	1063621	1064067
AE009950	638173684	1063124	1063642
AE009950	638173687	1066279	1067247
AE009950	638172779	301780	302301
AE009950	638173681	1060582	1061406
AE009950	638173680	1059388	1060437
AE009950	638173683	1062504	1063139
AE009950	638173682	1061850	1062503
AE009950	638172772	293174	293815
AE009950	638172773	293850	294125
AE009950	638172770	292337	292651
AE009950	638172771	292693	293079
AE009950	638173689	1067761	1069935
AE009950	638173688	1067252	1067761
AE009950	638172774	294115	294696
AE009950	638172775	294806	296263
AE009950	638173991	1311772	1312575
AE009950	638173990	1310700	1311770
AE009950	638173993	1314625	1315365
AE009950	638173992	1312763	1314580
AE009950	638173995	1316220	1317116
AE009950	638173994	1315411	1316187
AE009950	638173997	1317828	1318448
AE009950	638173996	1317131	1317739
AE009950	638173999	1320418	1321755
AE009950	638173998	1318458	1320413
AE009950	638173429	849896	850453
AE009950	638173428	849792	849902
AE009950	638174439	1676237	1676791
AE009950	638174438	1675834	1676226
AE009950	638174433	1673107	1673550
AE009950	638174432	1671649	1673055
AE009950	638173351	794106	794522
AE009950	638174430	1670464	1670991
AE009950	638174437	1675370	1675822
AE009950	638174436	1674747	1675358
AE009950	638173427	848995	849579
AE009950	638173426	848154	849017
AE009950	638173199	684200	685402
AE009950	638173198	683759	684193
AE009950	638173191	676584	677936
AE009950	638173190	674979	676337
AE009950	638173193	678104	678484
AE009950	638173195	679716	681488
AE009950	638173194	678575	679507
AE009950	638173197	683370	683756
AE009950	638173196	681821	683389
AE009950	638174548	1762991	1764268
AE009950	638174543	1758806	1759330
AE009950	638174542	1757248	1758627
AE009950	638174541	1755914	1757236
AE009950	638174540	1754581	1755750
AE009950	638173229	706759	707740
AE009950	638174508	1728228	1729232
AE009950	638174507	1727511	1728179
AE009950	638174506	1727156	1727419
AE009950	638174505	1726006	1727151
AE009950	638173224	705937	706533
AE009950	638174503	1724896	1725801
AE009950	638173222	705212	705523
AE009950	638173221	703861	705210
AE009950	638173220	702693	703868
AE009950	638174545	1760272	1760475
AE009950	638174544	1759342	1760193
AE009950	638174460	1687383	1688621
AE009950	638174461	1688684	1689151
AE009950	638174462	1689365	1689568
AE009950	638174649	1849591	1849794
AE009950	638174463	1689655	1690458
AE009950	638174640	1843661	1844203
AE009950	638174464	1690436	1691050
AE009950	638174643	1845123	1845794
AE009950	638174644	1845822	1846529
AE009950	638174645	1846588	1847934
AE009950	638174646	1847935	1849443
AE009950	638174465	1691095	1691607
AE009950	638174466	1691604	1692209
AE009950	638174467	1692206	1692493
AE009950	638174468	1692502	1693212
AE009950	638174469	1693216	1694637
AE009950	638173752	1128650	1129160
AE009950	638174482	1706913	1708280
AE009950	638174356	1609690	1609923
AE009950	638174357	1609933	1610484
AE009950	638174354	1607740	1608372
AE009950	638174355	1608359	1609690
AE009950	638174352	1605924	1607009
AE009950	638174353	1607020	1607724
AE009950	638174350	1604557	1605318
AE009950	638174351	1605319	1605840
AE009950	638174358	1610417	1610863
AE009950	638174359	1610860	1611573
AE009950	638172905	408267	408845
AE009950	638172904	407242	408231
AE009950	638172907	409922	410437
AE009950	638172906	408966	409916
AE009950	638172901	403941	404501
AE009950	638172900	403571	403882
AE009950	638172903	405007	407229
AE009950	638172902	404502	405005
AE009950	638172909	411687	412619
AE009950	638172908	410434	411690
AE009950	638173164	655060	655851
AE009950	638173165	655852	656874
AE009950	638173166	656874	657236
AE009950	638173167	657364	658026
AE009950	638173160	650200	651246
AE009950	638173161	651243	652391
AE009950	638173162	652404	653117
AE009950	638173163	653114	655090
AE009950	638173168	658148	658447
AE009950	638173169	658780	659130
AE009950	638173762	1136394	1137179
AE009950	638173763	1137142	1137432
AE009950	638173760	1135505	1135828
AE009950	638173761	1135866	1136390
AE009950	638173766	1138566	1139057
AE009950	638173767	1139141	1139695
AE009950	638173764	1137512	1138069
AE009950	638173765	1138175	1138558
AE009950	638173768	1139700	1140779
AE009950	638173769	1140762	1141454
AE009950	638173926	1261967	1262509
AE009950	638173348	792075	792317
AE009950	638172581	111416	112537
AE009950	638172580	110283	111437
AE009950	638172583	113144	113713
AE009950	638172582	112570	113157
AE009950	638173502	909854	910639
AE009950	638172584	114043	114888
AE009950	638173500	909057	909425
AE009950	638172586	115875	117065
AE009950	638172589	118681	119253
AE009950	638172588	118242	118709
AE009950	638173508	913939	915003
AE009950	638173509	914959	915828
AE009950	638173696	1075331	1076767
AE009950	638173697	1076764	1077732
AE009950	638173694	1073960	1074469
AE009950	638173695	1074447	1075334
AE009950	638173692	1071624	1072961
AE009950	638173693	1072954	1073976
AE009950	638173690	1069932	1070561
AE009950	638173691	1070572	1071627
AE009950	638172747	265619	265921
AE009950	638172746	264702	265547
AE009950	638172745	264096	264632
AE009950	638172744	263488	264057
AE009950	638172743	263306	263491
AE009950	638172742	262773	263306
AE009950	638173698	1077729	1080344
AE009950	638173699	1080337	1081353
AE009950	638173982	1302001	1302837
AE009950	638173983	1302823	1303656
AE009950	638173981	1301500	1301931
AE009950	638173986	1306311	1308209
AE009950	638173987	1308192	1309112
AE009950	638173984	1303741	1304178
AE009950	638173985	1304178	1306127
AE009950	638173988	1309118	1309756
AE009950	638173989	1309734	1310660
AE009950	638173438	857480	858403
AE009950	638173439	858529	859392
AE009950	638174428	1669074	1669334
AE009950	638174429	1669331	1670467
AE009950	638173432	852173	852880
AE009950	638174425	1666520	1667083
AE009950	638174426	1667150	1668574
AE009950	638174427	1668574	1669077
AE009950	638174420	1664754	1665068
AE009950	638173341	786428	787672
AE009950	638174422	1665087	1665581
AE009950	638174423	1665560	1666189
AE009950	638173188	674186	674494
AE009950	638173189	674514	674864
AE009950	638173182	669906	670378
AE009950	638173183	670460	670957
AE009950	638173180	668559	668957
AE009950	638173181	668997	669893
AE009950	638173186	672937	673128
AE009950	638173187	673193	674155
AE009950	638173184	671023	671979
AE009950	638173185	672050	672844
AE009950	638173326	773641	774030
AE009950	638174510	1729575	1730168
AE009950	638173231	708642	708995
AE009950	638173232	709009	710310
AE009950	638173233	710372	710701
AE009950	638174514	1732949	1733548
AE009950	638173235	711275	712660
AE009950	638174516	1733935	1736325
AE009950	638174517	1736497	1737000
AE009950	638174518	1737309	1738223
AE009950	638174519	1738264	1739340
AE009950	638174639	1843233	1843556
AE009950	638174638	1842167	1843186
AE009950	638174635	1840468	1840926
AE009950	638174634	1840279	1840464
AE009950	638174637	1841511	1842161
AE009950	638174636	1840938	1841432
AE009950	638174631	1837301	1838535
AE009950	638174630	1836717	1837326
AE009950	638174633	1839104	1840222
AE009950	638174632	1838622	1839035
AE009950	638174451	1681261	1681728
AE009950	638173340	786027	786431
AE009950	638173269	734598	735339
AE009950	638174183	1467425	1468207
AE009950	638174182	1466681	1467391
AE009950	638174181	1465890	1466684
AE009950	638174180	1465163	1465915
AE009950	638174187	1471662	1472255
AE009950	638174186	1470356	1471684
AE009950	638174185	1468976	1470343
AE009950	638174184	1468341	1468868
AE009950	638174189	1472660	1473907
AE009950	638174188	1472245	1472655
AE009950	638174072	1377755	1378906
AE009950	638174074	1379604	1379900
AE009950	638173223	705602	705922
AE009950	638174295	1557144	1557749
AE009950	638174294	1556349	1557017
AE009950	638174293	1555433	1556290
AE009950	638174292	1553191	1555155
AE009950	638174291	1551413	1553143
AE009950	638174290	1551050	1551412
AE009950	638174299	1558540	1559235
AE009950	638174298	1558032	1558520
AE009950	638173646	1031128	1031490
AE009950	638174369	1617800	1619038
AE009950	638174368	1616959	1617795
AE009950	638174363	1612383	1613132
AE009950	638174362	1611840	1612244
AE009950	638174367	1616069	1616962
AE009950	638174366	1614675	1616027
AE009950	638174365	1613503	1614441
AE009950	638174364	1613202	1613519
AE009950	638174169	1454950	1455387
AE009950	638174168	1454496	1454939
AE009950	638174161	1449703	1450131
AE009950	638174160	1448377	1449651
AE009950	638174163	1451087	1451338
AE009950	638174162	1450145	1451080
AE009950	638174165	1452569	1452928
AE009950	638174164	1451335	1452558
AE009950	638174167	1453842	1454489
AE009950	638174166	1452941	1453774
AE009950	638172916	419492	420496
AE009950	638172879	390301	390534
AE009950	638172914	417004	417267
AE009950	638172915	417264	419495
AE009950	638172912	415421	416194
AE009950	638172913	416244	417014
AE009950	638172910	412570	413634
AE009950	638173873	1219937	1221376
AE009950	638172972	476787	477350
AE009950	638172918	421177	421662
AE009950	638172919	421621	422808
AE009950	638173871	1217850	1218608
AE009950	638173700	1081470	1082264
AE009950	638173701	1082373	1083983
AE009950	638172976	480153	481205
AE009950	638173703	1084357	1084899
AE009950	638172871	382631	383386
AE009950	638172870	381821	382621
AE009950	638173878	1223841	1224350
AE009950	638172872	383398	384396
AE009950	638172875	387045	387554
AE009950	638173709	1094811	1095638
AE009950	638173757	1131551	1132879
AE009950	638173756	1130502	1131554
AE009950	638173754	1129620	1130342
AE009950	638173753	1129203	1129589
AE009950	638172877	388629	389822
AE009950	638173751	1127148	1128482
AE009950	638173750	1125994	1127145
AE009950	638172652	180802	181531
AE009950	638173759	1134061	1135494
AE009950	638173758	1132938	1134005
AE009950	638172529	65527	66210
AE009950	638173031	535571	536374
AE009950	638173539	936677	937363
AE009950	638173538	936195	936680
AE009950	638173533	933469	933879
AE009950	638173532	932301	933467
AE009950	638173531	931235	932287
AE009950	638173530	930439	930996
AE009950	638173537	935205	936191
AE009950	638173536	934610	935203
AE009950	638173535	934365	934613
AE009950	638173534	933950	934363
AE009950	638172592	121696	122565
AE009950	638172593	122562	123509
AE009950	638172590	119316	120506
AE009950	638172591	120590	121684
AE009950	638172596	125631	126665
AE009950	638172597	126676	127917
AE009950	638172594	123510	125135
AE009950	638172595	125509	125670
AE009950	638172598	128228	129193
AE009950	638172599	129190	129588
AE009950	638172750	269798	272044
AE009950	638172751	272118	272636
AE009950	638172753	272706	274004
AE009950	638172754	274108	275295
AE009950	638172755	276009	276521
AE009950	638172756	276518	277030
AE009950	638172757	277117	278250
AE009950	638172759	278344	278610
AE009950	638173848	1201737	1202753
AE009950	638173409	834843	835631
AE009950	638173408	834030	834788
AE009950	638173407	833697	833939
AE009950	638173406	831703	833694
AE009950	638173405	831471	831710
AE009950	638173404	830358	831542
AE009950	638173402	828617	829507
AE009950	638173401	827661	828620
