CP003685	2517227504	62384	62569
CP003685	2517228257	740921	741481
CP003685	2517228353	833227	833589
CP003685	2517227578	138963	139403
CP003685	2517227507	63780	64625
CP003685	2517227579	139507	140103
CP003685	2517228352	832506	833222
CP003685	2517229251	1658304	1658549
CP003685	2517229250	1658001	1658303
CP003685	2517229316	1715582	1716820
CP003685	2517227571	132875	134737
CP003685	2517228384	862682	863512
CP003685	2517228385	863513	863710
CP003685	2517227574	136792	137970
CP003685	2517227575	138071	138487
CP003685	2517229258	1663951	1664835
CP003685	2517228419	901812	902009
CP003685	2517229299	1700852	1701433
CP003685	2517228357	837371	837562
CP003685	2517227919	471649	472047
CP003685	2517229298	1699534	1700859
CP003685	2517228409	890515	893469
CP003685	2517228408	888358	890481
CP003685	2517229426	1805805	1806305
CP003685	2517229427	1806478	1807494
CP003685	2517229420	1800499	1801857
CP003685	2517229421	1801857	1802252
CP003685	2517228647	1092357	1094246
CP003685	2517228646	1091276	1092346
CP003685	2517228133	642462	643271
CP003685	2517228644	1089858	1090760
CP003685	2517227615	168942	169097
CP003685	2517228642	1089334	1089642
CP003685	2517227617	169422	170105
CP003685	2517227616	169108	169395
CP003685	2517227619	170377	170817
CP003685	2517227618	170119	170352
CP003685	2517229131	1542309	1544507
CP003685	2517228502	969127	971280
CP003685	2517228649	1094699	1095739
CP003685	2517228648	1094251	1094685
CP003685	2517229158	1564437	1564850
CP003685	2517228401	880245	882860
CP003685	2517228503	971318	972355
CP003685	2517228400	879280	880248
CP003685	2517228504	972684	973055
CP003685	2517228955	1370492	1370653
CP003685	2517228505	973061	973441
CP003685	2517228954	1369497	1370495
CP003685	2517228054	582366	583568
CP003685	2517227518	77422	77688
CP003685	2517229428	1807553	1808788
CP003685	2517228055	583581	584066
CP003685	2517229159	1566833	1567372
CP003685	2517228404	884887	886497
CP003685	2517227769	326040	328490
CP003685	2517227768	325015	326010
CP003685	2517227765	322916	323752
CP003685	2517227764	322198	322911
CP003685	2517227767	324306	325022
CP003685	2517227766	323721	324275
CP003685	2517227761	320885	321097
CP003685	2517227760	319986	320780
CP003685	2517227763	321884	322201
CP003685	2517227762	321173	321874
CP003685	2517229352	1738014	1738643
CP003685	2517229353	1738622	1739116
CP003685	2517228739	1174347	1175453
CP003685	2517228738	1173116	1174396
CP003685	2517229356	1740155	1740811
CP003685	2517229357	1740868	1741791
CP003685	2517227519	77734	80478
CP003685	2517229355	1739463	1740071
CP003685	2517228733	1169589	1170122
CP003685	2517228732	1167540	1169426
CP003685	2517229358	1741838	1742536
CP003685	2517228730	1165885	1167201
CP003685	2517228737	1172606	1172878
CP003685	2517228736	1172077	1172592
CP003685	2517228735	1171710	1172102
CP003685	2517228734	1170119	1170940
CP003685	2517227905	460454	461116
CP003685	2517227904	459964	460326
CP003685	2517227907	461498	461608
CP003685	2517227906	461238	461537
CP003685	2517227901	456204	458180
CP003685	2517227900	455494	456207
CP003685	2517227903	458942	459967
CP003685	2517228222	716034	717101
CP003685	2517227909	462886	464532
CP003685	2517227908	461870	462199
CP003685	2517228147	654963	655427
CP003685	2517227581	140670	141665
CP003685	2517227580	140120	140653
CP003685	2517227583	142032	142955
CP003685	2517227582	141662	142045
CP003685	2517227585	144873	146579
CP003685	2517227584	142903	144867
CP003685	2517227587	148225	148923
CP003685	2517227586	146591	148204
CP003685	2517227589	149432	149950
CP003685	2517227588	148950	149432
CP003685	2517228359	838148	838486
CP003685	2517228358	837702	838124
CP003685	2517229516	1879425	1879706
CP003685	2517229517	1879703	1880260
CP003685	2517229510	1873192	1873800
CP003685	2517229511	1873842	1874879
CP003685	2517228829	1249751	1250974
CP003685	2517229513	1875816	1876820
CP003685	2517227831	384347	387169
CP003685	2517228350	828166	829587
CP003685	2517228825	1246793	1248067
CP003685	2517228824	1246284	1246796
CP003685	2517227835	393483	393899
CP003685	2517227834	390908	393490
CP003685	2517227837	395638	397605
CP003685	2517227836	393959	394384
CP003685	2517229190	1597181	1597915
CP003685	2517229191	1597966	1598505
CP003685	2517229192	1598582	1600483
CP003685	2517229193	1600624	1601508
CP003685	2517229194	1601554	1602201
CP003685	2517229195	1602205	1602483
CP003685	2517229196	1602484	1602885
CP003685	2517229197	1602878	1603843
CP003685	2517229198	1603886	1604320
CP003685	2517229199	1604440	1605036
CP003685	2517229178	1587766	1588770
CP003685	2517229179	1588767	1589042
CP003685	2517229172	1580712	1581428
CP003685	2517229173	1581438	1583255
CP003685	2517229170	1578203	1579852
CP003685	2517229171	1580006	1580728
CP003685	2517227512	71196	71714
CP003685	2517229177	1586298	1587581
CP003685	2517229174	1583475	1584569
CP003685	2517229175	1584575	1585408
CP003685	2517228913	1326230	1327279
CP003685	2517228912	1325643	1326233
CP003685	2517228911	1324195	1325568
CP003685	2517228910	1322936	1324198
CP003685	2517228917	1333853	1335184
CP003685	2517228916	1332379	1333683
CP003685	2517228915	1329169	1332072
CP003685	2517228914	1327357	1329153
CP003685	2517228919	1336013	1336672
CP003685	2517228918	1335273	1335977
CP003685	2517227513	71784	73082
CP003685	2517227510	66118	68889
CP003685	2517227747	303967	304713
CP003685	2517227746	303426	303914
CP003685	2517227745	300275	303424
CP003685	2517227744	299810	300232
CP003685	2517227743	298886	299659
CP003685	2517227742	297329	298726
CP003685	2517227741	295087	297255
CP003685	2517228020	557209	557346
CP003685	2517227516	75596	76108
CP003685	2517227517	76201	77328
CP003685	2517227749	305612	306466
CP003685	2517227748	304761	305498
CP003685	2517227556	119758	121161
CP003685	2517227557	121258	121839
CP003685	2517228340	819547	819948
CP003685	2517227554	117963	118673
CP003685	2517227514	73186	74373
CP003685	2517227887	442577	443077
CP003685	2517227880	438762	439181
CP003685	2517229040	1455734	1456030
CP003685	2517227553	116508	117959
CP003685	2517229372	1754841	1755383
CP003685	2517229373	1755380	1756225
CP003685	2517227883	440357	440947
CP003685	2517227515	75087	75599
CP003685	2517227927	476027	476218
CP003685	2517227926	475152	475934
CP003685	2517228757	1186999	1187391
CP003685	2517227924	473773	473967
CP003685	2517228751	1184274	1184495
CP003685	2517229379	1760367	1761335
CP003685	2517227921	472996	473112
CP003685	2517228200	696059	696754
CP003685	2517228347	825386	826678
CP003685	2517227624	175242	176243
CP003685	2517228105	617817	618614
CP003685	2517227626	177267	178022
CP003685	2517228107	619396	621234
CP003685	2517227620	170831	172024
CP003685	2517227621	172073	173050
CP003685	2517227622	173099	173608
CP003685	2517227623	173759	175042
CP003685	2517227628	178820	179401
CP003685	2517227629	179387	180301
CP003685	2517227750	306453	307454
CP003685	2517227751	307644	308021
CP003685	2517227752	308328	308915
CP003685	2517227753	308912	309643
CP003685	2517227754	309661	310248
CP003685	2517228035	568877	569578
CP003685	2517228036	569618	569758
CP003685	2517227757	310887	312866
CP003685	2517227758	312863	316045
CP003685	2517227759	316129	319773
CP003685	2517227938	486490	486846
CP003685	2517227939	486849	487283
CP003685	2517229343	1730653	1731096
CP003685	2517229342	1730175	1730642
CP003685	2517227850	406793	408100
CP003685	2517229344	1731148	1732554
CP003685	2517228748	1181330	1181851
CP003685	2517228749	1181862	1183736
CP003685	2517228210	706418	707485
CP003685	2517227931	478069	479427
CP003685	2517227932	479674	481026
CP003685	2517228213	710857	711192
CP003685	2517227934	481830	482597
CP003685	2517227935	482806	484578
CP003685	2517228216	712036	712737
CP003685	2517227937	484911	486479
CP003685	2517228588	1043841	1044929
CP003685	2517228589	1044926	1045417
CP003685	2517228580	1036784	1037341
CP003685	2517228581	1037399	1037656
CP003685	2517228582	1037672	1039042
CP003685	2517228583	1040378	1040548
CP003685	2517228584	1040770	1042152
CP003685	2517228585	1042435	1042665
CP003685	2517228586	1042662	1042889
CP003685	2517228587	1043362	1043835
CP003685	2517227638	190694	192145
CP003685	2517227678	227288	228274
CP003685	2517229509	1872159	1873178
CP003685	2517229508	1871979	1872152
CP003685	2517229503	1870378	1870740
CP003685	2517229501	1869431	1870216
CP003685	2517229500	1868984	1869397
CP003685	2517229506	1871654	1871851
CP003685	2517229505	1871187	1871594
CP003685	2517229504	1870747	1871175
CP003685	2517227633	184747	185712
CP003685	2517228368	842826	846026
CP003685	2517228369	846156	847220
CP003685	2517227632	183773	184750
CP003685	2517227804	359957	361393
CP003685	2517227805	361509	361955
CP003685	2517227806	361979	362371
CP003685	2517227807	362516	363250
CP003685	2517227800	354938	355366
CP003685	2517227801	355638	356339
CP003685	2517227802	356765	359077
CP003685	2517228363	839994	840422
CP003685	2517228110	623482	624252
CP003685	2517228698	1139263	1139610
CP003685	2517228699	1139615	1140118
CP003685	2517228694	1136644	1136943
CP003685	2517228695	1136936	1137382
CP003685	2517228696	1137379	1137732
CP003685	2517228697	1137729	1139261
CP003685	2517228690	1135275	1135778
CP003685	2517228691	1135775	1136029
CP003685	2517228692	1136026	1136400
CP003685	2517228693	1136381	1136647
CP003685	2517229187	1595090	1595950
CP003685	2517229186	1594620	1595093
CP003685	2517229185	1593336	1594571
CP003685	2517229184	1592392	1593228
CP003685	2517229183	1590524	1592392
CP003685	2517227635	186676	187590
CP003685	2517229181	1589326	1590159
CP003685	2517229180	1589043	1589225
CP003685	2517227634	185705	186679
CP003685	2517229189	1596962	1597171
CP003685	2517229188	1596012	1596857
CP003685	2517228478	950284	950514
CP003685	2517229476	1848716	1849573
CP003685	2517229169	1576642	1578060
CP003685	2517229168	1575202	1576596
CP003685	2517229161	1570499	1571311
CP003685	2517229160	1567379	1570366
CP003685	2517229162	1571383	1572081
CP003685	2517229165	1572796	1573428
CP003685	2517229164	1572234	1572803
CP003685	2517229167	1574246	1575157
CP003685	2517229166	1573406	1574236
CP003685	2517228966	1381274	1382119
CP003685	2517228967	1382449	1383018
CP003685	2517228964	1379097	1380287
CP003685	2517228965	1380238	1381281
CP003685	2517228962	1377453	1377920
CP003685	2517228963	1377983	1379047
CP003685	2517228960	1375656	1376846
CP003685	2517228961	1376897	1377481
CP003685	2517228968	1383005	1383592
CP003685	2517228969	1383625	1384746
CP003685	2517229479	1853594	1853953
CP003685	2517229478	1851863	1853593
CP003685	2517228373	850313	851632
CP003685	2517228372	849230	850216
CP003685	2517227958	505130	505606
CP003685	2517228370	847263	847865
CP003685	2517227817	369955	371058
CP003685	2517227816	369727	369954
CP003685	2517227815	368140	369486
CP003685	2517227814	366628	367920
CP003685	2517228272	757266	757601
CP003685	2517227953	501686	501874
CP003685	2517227819	371809	371988
CP003685	2517227818	371107	371805
CP003685	2517227956	503175	503561
CP003685	2517227957	503729	505105
CP003685	2517228274	758623	758742
CP003685	2517227955	502674	503045
CP003685	2517228027	564552	565793
CP003685	2517228026	563677	564555
CP003685	2517228025	562788	563684
CP003685	2517228024	562104	562718
CP003685	2517228023	561000	562094
CP003685	2517228022	560044	560994
CP003685	2517228021	558697	560043
CP003685	2517227740	293779	295161
CP003685	2517228029	566498	566734
CP003685	2517228028	565847	566245
CP003685	2517229374	1756222	1757385
CP003685	2517229375	1757378	1757893
CP003685	2517229376	1757897	1758745
CP003685	2517229377	1758745	1759935
CP003685	2517228759	1188395	1189063
CP003685	2517228758	1187382	1188305
CP003685	2517228209	705927	706421
CP003685	2517228208	704665	705930
CP003685	2517228207	703107	704651
CP003685	2517228206	702128	703117
CP003685	2517228205	700423	702117
CP003685	2517228756	1186710	1186988
CP003685	2517228203	697445	699388
CP003685	2517228750	1183809	1184240
CP003685	2517228201	696744	697229
CP003685	2517227920	472087	472983
CP003685	2517228599	1054464	1055717
CP003685	2517228598	1053670	1054467
CP003685	2517228597	1053050	1053673
CP003685	2517228596	1051698	1053053
CP003685	2517228595	1050463	1051701
CP003685	2517228594	1049747	1050460
CP003685	2517228593	1048881	1049747
CP003685	2517228592	1047880	1048884
CP003685	2517228591	1046885	1047721
CP003685	2517228590	1045460	1046884
CP003685	2517229017	1431565	1433217
CP003685	2517227639	192142	192351
CP003685	2517228118	630713	631603
CP003685	2517228113	626780	627217
CP003685	2517228112	625619	626737
CP003685	2517227631	181437	183770
CP003685	2517227630	180505	181440
CP003685	2517227637	188625	190517
CP003685	2517227636	187594	188586
CP003685	2517228115	628673	629470
CP003685	2517228114	627199	628527
CP003685	2517228131	641327	641815
CP003685	2517227610	165409	166401
CP003685	2517228645	1090908	1091270
CP003685	2517227969	513396	513725
CP003685	2517227812	365981	366382
CP003685	2517228371	847852	848796
CP003685	2517227612	166730	167083
CP003685	2517228377	854636	855172
CP003685	2517228376	853566	854528
CP003685	2517228375	852732	853565
CP003685	2517228374	851646	852668
CP003685	2517228135	643715	644956
CP003685	2517228379	856129	856569
CP003685	2517228378	855159	856139
CP003685	2517229408	1791473	1791790
CP003685	2517227614	168087	168815
CP003685	2517228683	1129461	1129877
CP003685	2517228682	1128451	1129446
CP003685	2517228681	1127439	1128461
CP003685	2517228680	1126989	1127351
CP003685	2517228687	1132104	1132187
CP003685	2517228686	1131238	1131933
CP003685	2517228685	1130169	1131023
CP003685	2517228684	1130029	1130169
CP003685	2517228689	1134056	1135048
CP003685	2517228688	1132584	1133948
CP003685	2517228139	648536	649246
CP003685	2517228138	648127	648534
CP003685	2517229402	1785165	1786403
CP003685	2517229403	1786408	1787244
CP003685	2517229400	1782992	1784110
CP003685	2517229401	1784116	1785132
CP003685	2517229406	1789598	1790299
CP003685	2517229407	1790551	1791489
CP003685	2517229404	1787241	1788134
CP003685	2517229405	1788176	1789528
CP003685	2517229154	1562040	1562534
CP003685	2517229155	1562546	1563004
CP003685	2517229156	1563008	1563193
CP003685	2517229157	1563250	1564368
CP003685	2517229150	1559269	1559811
CP003685	2517229151	1559916	1560239
CP003685	2517229152	1560286	1561305
CP003685	2517229153	1561311	1561961
CP003685	2517228975	1390019	1390792
CP003685	2517228974	1389072	1390022
CP003685	2517228977	1391954	1392145
CP003685	2517228976	1390776	1391957
CP003685	2517228971	1386694	1387440
CP003685	2517228970	1384725	1385852
CP003685	2517228973	1388580	1389017
CP003685	2517228972	1387572	1388486
CP003685	2517228979	1392963	1393643
CP003685	2517228978	1392132	1392830
CP003685	2517229088	1510279	1510725
CP003685	2517229089	1510806	1511081
CP003685	2517229086	1509435	1509686
CP003685	2517229087	1509686	1510282
CP003685	2517229084	1507516	1507992
CP003685	2517229085	1508024	1509457
CP003685	2517229082	1504702	1506138
CP003685	2517229083	1506534	1506731
CP003685	2517229080	1503039	1503632
CP003685	2517229081	1503804	1504505
CP003685	2517228121	633567	633806
CP003685	2517228009	546113	546922
CP003685	2517228008	545415	546050
CP003685	2517228005	541865	542389
CP003685	2517228004	541462	541764
CP003685	2517228007	543138	544727
CP003685	2517228006	542666	542908
CP003685	2517228001	538197	538361
CP003685	2517228710	1150068	1150592
CP003685	2517228000	537953	538309
CP003685	2517228003	539047	541446
CP003685	2517228002	538302	538922
CP003685	2517229350	1735629	1737053
CP003685	2517229351	1737120	1737683
CP003685	2517228111	624523	625599
CP003685	2517229354	1739135	1739428
CP003685	2517229424	1804112	1805023
CP003685	2517228731	1167329	1167487
CP003685	2517227488	49886	50728
CP003685	2517227489	50797	51954
CP003685	2517229359	1742641	1742973
CP003685	2517228715	1152660	1154516
CP003685	2517227480	42547	43110
CP003685	2517227481	43170	44567
CP003685	2517227482	44553	45626
CP003685	2517227483	45623	46885
CP003685	2517227484	46938	47777
CP003685	2517227485	47790	48485
CP003685	2517227486	48482	48835
CP003685	2517227487	48887	49147
CP003685	2517229425	1805007	1805735
CP003685	2517228225	718496	719434
CP003685	2517229203	1610120	1610620
CP003685	2517228633	1083671	1083871
CP003685	2517227602	161154	161948
CP003685	2517228227	720651	720791
CP003685	2517228226	719638	720501
CP003685	2517228221	715634	715963
CP003685	2517228220	715432	715608
CP003685	2517228717	1155991	1156335
CP003685	2517228761	1189637	1190284
CP003685	2517228762	1190364	1190567
CP003685	2517228763	1190564	1190968
CP003685	2517228764	1191032	1191493
CP003685	2517228765	1191584	1192147
CP003685	2517228766	1192121	1193194
CP003685	2517228767	1193209	1194225
CP003685	2517228768	1194297	1195493
CP003685	2517227902	458150	458941
CP003685	2517227611	166358	166693
CP003685	2517228562	1019860	1020435
CP003685	2517228563	1020440	1021264
CP003685	2517228560	1017796	1019235
CP003685	2517228561	1019251	1019811
CP003685	2517227798	352297	354237
CP003685	2517227799	354234	354848
CP003685	2517228564	1021254	1021661
CP003685	2517228565	1021700	1022209
CP003685	2517227794	349237	349890
CP003685	2517227795	349893	350144
CP003685	2517227796	350141	350755
CP003685	2517227797	350931	352304
CP003685	2517227790	346080	347306
CP003685	2517227791	347353	348129
CP003685	2517227792	348110	348451
CP003685	2517227793	348431	349240
CP003685	2517228187	687891	688394
CP003685	2517228229	721834	722061
CP003685	2517228038	570510	570833
CP003685	2517228228	721001	721375
CP003685	2517227648	199320	200477
CP003685	2517227649	200477	200881
CP003685	2517227646	198424	199125
CP003685	2517228167	673583	673852
CP003685	2517227644	196619	197563
CP003685	2517227645	197642	198253
CP003685	2517227642	193725	194864
CP003685	2517227643	195050	196378
CP003685	2517227640	192354	192803
CP003685	2517227641	192796	193599
CP003685	2517227613	167118	168038
CP003685	2517227866	424643	425530
CP003685	2517227867	425566	426084
CP003685	2517227864	422570	423496
CP003685	2517228305	786718	787566
CP003685	2517227862	420973	422121
CP003685	2517227863	422111	422569
CP003685	2517227860	419288	420097
CP003685	2517227861	420097	420924
CP003685	2517227868	428779	429246
CP003685	2517227869	429233	430243
CP003685	2517229422	1802318	1803595
CP003685	2517229369	1752660	1753235
CP003685	2517229368	1751978	1752700
CP003685	2517229363	1746772	1748226
CP003685	2517229362	1745516	1746703
CP003685	2517229361	1744111	1745475
CP003685	2517229360	1742976	1743998
CP003685	2517229367	1750652	1751935
CP003685	2517229366	1749692	1750480
CP003685	2517229365	1748868	1749695
CP003685	2517229364	1748194	1748868
CP003685	2517227738	292040	292870
CP003685	2517229423	1803675	1803878
CP003685	2517228948	1363768	1365102
CP003685	2517228949	1365214	1365447
CP003685	2517228418	900797	901684
CP003685	2517229140	1550597	1551343
CP003685	2517229415	1795069	1795302
CP003685	2517229146	1556943	1557650
CP003685	2517229145	1555538	1556884
CP003685	2517229144	1554035	1555537
CP003685	2517228412	896093	897259
CP003685	2517228413	897325	898152
CP003685	2517229149	1558819	1559289
CP003685	2517228411	894850	896112
CP003685	2517228416	899169	900020
CP003685	2517228945	1361140	1361652
CP003685	2517228414	898158	898340
CP003685	2517228415	898337	899140
CP003685	2517228788	1211207	1211785
CP003685	2517228789	1211871	1212437
CP003685	2517228782	1208212	1208805
CP003685	2517228783	1208853	1209434
CP003685	2517228780	1205015	1207111
CP003685	2517228781	1207125	1208225
CP003685	2517228786	1210282	1210560
CP003685	2517228787	1210707	1211162
CP003685	2517228784	1209442	1209879
CP003685	2517228785	1209857	1210285
CP003685	2517229099	1517338	1518693
CP003685	2517229098	1516843	1517301
CP003685	2517229095	1514812	1515027
CP003685	2517229094	1513296	1514606
CP003685	2517229097	1516093	1516782
CP003685	2517229096	1515024	1516004
CP003685	2517229091	1511576	1512334
CP003685	2517229090	1511059	1511457
CP003685	2517229093	1513092	1513307
CP003685	2517229092	1512394	1513101
CP003685	2517229321	1720291	1721058
CP003685	2517227999	537145	537504
CP003685	2517227995	533740	534456
CP003685	2517229514	1876817	1877587
CP003685	2517227990	528964	529878
CP003685	2517229328	1723797	1724093
CP003685	2517229515	1877584	1879269
CP003685	2517227661	210504	211205
CP003685	2517229107	1523160	1523912
CP003685	2517229106	1522428	1522736
CP003685	2517229457	1835374	1836027
CP003685	2517229429	1808794	1809210
CP003685	2517229456	1834454	1835377
CP003685	2517227721	275517	276083
CP003685	2517229451	1830406	1831227
CP003685	2517229450	1829160	1830356
CP003685	2517229453	1832014	1832667
CP003685	2517229452	1831202	1832017
CP003685	2517227839	397897	398298
CP003685	2517227720	274940	275506
CP003685	2517227838	397682	397909
CP003685	2517228454	929661	930995
CP003685	2517228455	931163	931672
CP003685	2517228452	928230	928433
CP003685	2517228981	1396303	1397742
CP003685	2517228982	1397743	1398564
CP003685	2517228451	927226	928167
CP003685	2517228827	1248561	1249496
CP003685	2517228826	1248119	1248547
CP003685	2517227833	387594	390911
CP003685	2517228104	617365	617601
CP003685	2517227832	387166	387594
CP003685	2517229512	1874927	1875805
CP003685	2517228355	835527	836009
CP003685	2517228354	834289	835530
CP003685	2517228821	1242913	1243959
CP003685	2517228356	836056	837384
CP003685	2517227666	214872	215936
CP003685	2517227667	215933	217696
CP003685	2517227727	280439	282400
CP003685	2517227668	217757	218527
CP003685	2517227499	58054	59250
CP003685	2517227498	57246	57698
CP003685	2517227497	56657	57214
CP003685	2517227496	56157	56645
CP003685	2517227495	55074	56003
CP003685	2517227494	54770	55081
CP003685	2517227493	54438	54548
CP003685	2517227492	54155	54361
CP003685	2517227491	52728	53921
CP003685	2517227490	52405	52593
CP003685	2517228100	615451	615645
CP003685	2517228777	1199572	1199943
CP003685	2517228776	1198013	1199575
CP003685	2517228775	1197422	1198033
CP003685	2517228774	1197147	1197425
CP003685	2517228773	1196630	1197082
CP003685	2517228772	1196207	1196626
CP003685	2517229410	1792748	1793152
CP003685	2517228779	1202826	1204922
CP003685	2517228778	1200014	1202752
CP003685	2517227783	340811	342034
CP003685	2517227782	339856	340800
CP003685	2517228573	1029860	1031302
CP003685	2517227780	338669	339460
CP003685	2517227787	343906	345078
CP003685	2517227786	343635	343895
CP003685	2517227785	342434	343624
CP003685	2517227784	342028	342441
CP003685	2517228579	1035926	1036579
CP003685	2517228578	1035250	1035924
CP003685	2517227789	345872	346045
CP003685	2517227788	345240	345668
CP003685	2517229413	1794129	1794575
CP003685	2517228959	1374478	1375572
CP003685	2517227659	208755	209744
CP003685	2517227658	206520	208742
CP003685	2517228175	679616	680377
CP003685	2517227654	204543	205073
CP003685	2517228177	681852	682178
CP003685	2517227656	205454	206014
CP003685	2517227651	202201	202902
CP003685	2517227650	200862	202088
CP003685	2517228173	677651	678619
CP003685	2517227652	202990	203673
CP003685	2517229222	1631633	1632247
CP003685	2517229223	1632285	1632971
CP003685	2517229220	1630091	1630867
CP003685	2517229221	1630872	1631636
CP003685	2517229226	1635274	1636320
CP003685	2517229227	1636428	1637585
CP003685	2517229224	1632975	1633982
CP003685	2517229225	1633989	1635119
CP003685	2517229228	1637573	1638760
CP003685	2517229229	1638799	1639422
CP003685	2517228315	794488	795300
CP003685	2517227874	433136	434263
CP003685	2517227877	436096	436887
CP003685	2517227876	434611	434904
CP003685	2517228311	792890	793183
CP003685	2517227870	430318	430713
CP003685	2517227873	432461	433126
CP003685	2517227872	431245	432435
CP003685	2517228319	798274	799494
CP003685	2517227878	437131	438258
CP003685	2517229318	1717405	1718244
CP003685	2517229319	1718393	1719175
CP003685	2517227600	158845	159093
CP003685	2517229317	1716905	1717300
CP003685	2517229314	1714635	1714838
CP003685	2517229315	1715052	1715498
CP003685	2517229312	1713153	1713767
CP003685	2517229313	1713745	1714548
CP003685	2517229310	1711994	1712599
CP003685	2517229311	1712596	1713093
CP003685	2517229414	1794508	1795059
CP003685	2517229136	1546000	1546350
CP003685	2517229137	1546343	1547584
CP003685	2517229134	1545529	1545678
CP003685	2517229135	1545686	1545937
CP003685	2517229132	1544600	1544848
CP003685	2517229133	1544811	1545482
CP003685	2517229130	1541442	1542245
CP003685	2517228958	1373597	1374466
CP003685	2517228957	1372653	1373600
CP003685	2517228956	1371027	1372652
CP003685	2517228403	883984	884778
CP003685	2517228402	882853	883866
CP003685	2517228953	1368245	1369486
CP003685	2517228952	1366969	1367934
CP003685	2517228407	887416	888285
CP003685	2517228406	886871	887413
CP003685	2517228799	1223020	1223214
CP003685	2517228798	1222707	1223015
CP003685	2517228791	1213490	1214494
CP003685	2517228790	1212447	1213370
CP003685	2517228793	1215633	1216628
CP003685	2517228792	1214606	1215646
CP003685	2517228795	1218210	1220195
CP003685	2517228794	1216622	1218160
CP003685	2517228797	1221013	1221426
CP003685	2517228796	1220268	1221041
CP003685	2517227606	163100	164008
CP003685	2517229416	1795302	1796633
CP003685	2517229048	1461664	1463025
CP003685	2517229049	1463006	1463797
CP003685	2517229042	1456315	1456488
CP003685	2517229043	1456769	1457671
CP003685	2517229419	1797983	1799068
CP003685	2517229041	1455985	1456269
CP003685	2517229046	1460166	1460618
CP003685	2517229047	1460905	1461459
CP003685	2517229044	1457674	1458771
CP003685	2517229045	1458752	1460185
CP003685	2517229176	1585405	1586259
CP003685	2517229418	1797268	1797972
CP003685	2517227770	328530	329078
CP003685	2517228151	658048	658176
CP003685	2517228951	1366574	1366972
CP003685	2517228096	612780	613478
CP003685	2517228097	613475	614356
CP003685	2517228094	612278	612418
CP003685	2517228150	657313	657660
CP003685	2517228547	1007401	1007796
CP003685	2517228092	610846	611232
CP003685	2517228950	1365431	1366456
CP003685	2517228541	1003878	1004867
CP003685	2517228090	609878	610567
CP003685	2517228543	1005208	1005489
CP003685	2517227856	413423	414607
CP003685	2517227732	287276	287848
CP003685	2517229522	1884714	1885973
CP003685	2517228099	615278	615397
CP003685	2517228828	1249503	1249754
CP003685	2517227733	287845	288186
CP003685	2517227853	409891	411258
CP003685	2517227730	283769	286855
CP003685	2517227852	409096	409710
CP003685	2517227731	286911	287279
CP003685	2517228638	1085659	1085892
CP003685	2517227660	209780	210358
CP003685	2517227851	408516	409103
CP003685	2517228141	650252	651112
CP003685	2517227736	289703	290365
CP003685	2517228130	640805	641320
CP003685	2517228142	651090	651674
CP003685	2517228068	594787	595131
CP003685	2517227664	212736	213992
CP003685	2517227665	213989	214921
CP003685	2517227462	30042	30854
CP003685	2517227463	30851	31591
CP003685	2517227460	27013	27627
CP003685	2517227461	27614	29941
CP003685	2517227466	33654	33938
CP003685	2517227467	33943	34134
CP003685	2517227464	31629	32921
CP003685	2517227465	32956	33543
CP003685	2517227737	290355	292043
CP003685	2517227468	34109	34564
CP003685	2517227469	34642	35862
CP003685	2517229529	1891099	1891638
CP003685	2517227703	254056	259278
CP003685	2517227702	253596	253823
CP003685	2517228823	1245244	1246272
CP003685	2517228061	587334	587738
CP003685	2517228060	586926	587186
CP003685	2517227734	288260	289453
CP003685	2517228132	641819	642352
CP003685	2517227707	263097	264191
CP003685	2517229528	1890057	1890818
CP003685	2517228066	593382	593624
CP003685	2517228065	592633	593391
CP003685	2517228822	1244069	1245247
CP003685	2517228064	590889	592577
CP003685	2517227848	405309	406274
CP003685	2517227735	289467	289631
CP003685	2517227928	476283	477245
CP003685	2517228329	809272	810351
CP003685	2517229545	1905568	1907079
CP003685	2517228544	1005490	1006251
CP003685	2517228545	1006248	1006592
CP003685	2517228546	1006633	1007178
CP003685	2517228095	612464	612721
CP003685	2517228540	1003202	1003885
CP003685	2517228093	611229	611897
CP003685	2517228542	1004903	1005211
CP003685	2517228091	610616	610810
CP003685	2517229543	1904839	1905030
CP003685	2517229138	1547577	1549067
CP003685	2517228548	1008047	1008421
CP003685	2517228549	1008432	1008596
CP003685	2517228098	614701	615168
CP003685	2517229542	1903540	1904499
CP003685	2517228134	643268	643579
CP003685	2517229237	1645572	1646951
CP003685	2517229540	1902033	1902812
CP003685	2517228140	649314	650252
CP003685	2517228320	799497	799943
CP003685	2517227662	211268	212218
CP003685	2517227663	212224	212739
CP003685	2517228144	652151	652549
CP003685	2517228145	652672	654075
CP003685	2517228146	654269	654976
CP003685	2517228321	800003	800665
CP003685	2517228148	655424	656179
CP003685	2517227669	218538	218780
CP003685	2517228894	1308065	1310056
CP003685	2517228328	808140	809261
CP003685	2517229230	1639419	1639886
CP003685	2517229233	1642217	1643647
CP003685	2517228323	802498	802797
CP003685	2517229235	1644005	1644856
CP003685	2517229234	1643723	1643926
CP003685	2517228898	1312674	1313546
CP003685	2517228899	1313664	1314638
CP003685	2517228896	1310462	1311154
CP003685	2517228897	1311160	1312677
CP003685	2517228322	800721	802460
CP003685	2517227511	68876	71122
CP003685	2517228892	1306953	1307549
CP003685	2517228325	804003	805016
CP003685	2517228890	1305526	1305837
CP003685	2517228327	805400	808000
CP003685	2517227688	239153	239746
CP003685	2517227689	240075	240173
CP003685	2517228326	805022	805372
CP003685	2517227682	234471	235235
CP003685	2517227683	235297	236415
CP003685	2517227680	231170	232312
CP003685	2517227847	404548	405312
CP003685	2517227686	237476	238363
CP003685	2517227687	238395	239096
CP003685	2517227684	236408	236920
CP003685	2517227685	237005	237454
CP003685	2517227925	474113	475069
CP003685	2517228711	1150589	1151167
CP003685	2517227962	508629	508946
CP003685	2517228713	1151600	1151716
CP003685	2517227960	506894	508234
CP003685	2517229309	1711710	1711997
CP003685	2517229308	1710991	1711701
CP003685	2517229305	1707402	1707836
CP003685	2517227967	511666	512019
CP003685	2517229307	1709527	1710987
CP003685	2517229306	1707823	1709436
CP003685	2517229301	1702114	1702443
CP003685	2517229300	1701443	1702117
CP003685	2517229303	1706040	1706678
CP003685	2517228246	733333	734385
CP003685	2517229439	1819386	1820552
CP003685	2517229438	1818773	1819399
CP003685	2517228245	732537	733094
CP003685	2517229433	1814428	1815108
CP003685	2517229432	1813218	1814333
CP003685	2517227849	406243	406728
CP003685	2517228244	732183	732500
CP003685	2517229437	1818207	1818773
CP003685	2517229436	1816907	1818205
CP003685	2517229435	1815951	1816925
CP003685	2517229434	1815265	1815951
CP003685	2517229125	1536572	1537381
CP003685	2517229124	1536207	1536575
CP003685	2517229127	1538074	1538244
CP003685	2517229126	1537427	1538077
CP003685	2517229121	1533731	1534480
CP003685	2517229120	1533050	1533679
CP003685	2517229123	1535129	1536205
CP003685	2517229122	1534509	1535075
CP003685	2517228434	912235	912921
CP003685	2517228435	912924	913175
CP003685	2517228436	913177	914358
CP003685	2517228437	914379	916034
CP003685	2517228430	908465	909631
CP003685	2517229128	1538375	1540666
CP003685	2517228432	910445	911593
CP003685	2517228433	911593	912201
CP003685	2517227681	232324	233640
CP003685	2517229202	1609936	1610130
CP003685	2517227922	473096	473578
CP003685	2517229059	1480650	1481423
CP003685	2517229058	1478506	1479768
CP003685	2517229051	1466910	1467167
CP003685	2517229050	1463852	1465192
CP003685	2517229053	1470096	1471505
CP003685	2517229052	1469435	1470142
CP003685	2517229055	1472190	1472822
CP003685	2517229054	1471502	1472179
CP003685	2517229057	1476665	1478506
CP003685	2517229056	1472874	1476665
CP003685	2517228143	651840	651935
CP003685	2517228043	573740	573952
CP003685	2517228042	573394	573672
CP003685	2517228946	1361649	1362848
CP003685	2517228395	874140	875477
CP003685	2517228394	873088	874143
CP003685	2517227840	398757	399095
CP003685	2517227565	128003	128344
CP003685	2517229409	1791860	1792561
CP003685	2517228396	875470	876492
CP003685	2517229208	1616679	1620746
CP003685	2517228391	869768	870277
CP003685	2517228947	1362935	1363780
CP003685	2517228390	868795	869763
CP003685	2517227841	399134	399274
CP003685	2517228392	870277	872451
CP003685	2517229209	1620786	1621898
CP003685	2517228046	574947	575327
CP003685	2517227842	399385	400236
CP003685	2517228149	656176	657219
CP003685	2517229370	1753250	1753705
CP003685	2517227843	400233	400934
CP003685	2517229431	1810051	1813221
CP003685	2517229430	1809277	1810062
CP003685	2517229536	1899685	1901148
CP003685	2517229371	1753721	1754761
CP003685	2517227844	400931	401623
CP003685	2517229537	1901141	1901494
CP003685	2517227845	401884	402885
CP003685	2517228438	916050	917336
CP003685	2517228122	633799	635790
CP003685	2517228439	917333	919981
CP003685	2517227471	36636	37295
CP003685	2517227470	35953	36642
CP003685	2517227473	37458	38246
CP003685	2517227472	37279	37461
CP003685	2517227475	38903	39385
CP003685	2517227474	38239	38853
CP003685	2517227477	39945	41564
CP003685	2517228040	572045	572542
CP003685	2517227479	42242	42547
CP003685	2517227478	41655	42233
CP003685	2517227723	276935	278539
CP003685	2517227846	403118	404440
CP003685	2517227722	276089	276862
CP003685	2517227725	279084	279647
CP003685	2517229538	1901549	1901794
CP003685	2517228044	574104	574550
CP003685	2517229539	1901788	1902036
CP003685	2517228047	575333	575992
CP003685	2517229129	1540675	1541439
CP003685	2517227726	279694	280398
CP003685	2517228431	909624	910448
CP003685	2517227729	283492	283782
CP003685	2517228048	575997	576467
CP003685	2517228559	1016436	1017728
CP003685	2517228558	1015709	1016467
CP003685	2517228553	1010693	1012120
CP003685	2517228552	1009602	1010693
CP003685	2517228551	1009293	1009472
CP003685	2517228550	1008673	1009188
CP003685	2517228557	1015077	1015646
CP003685	2517228556	1014025	1014987
CP003685	2517228555	1012931	1014022
CP003685	2517228554	1012110	1012841
CP003685	2517228085	603171	604205
CP003685	2517228084	602349	603050
CP003685	2517228087	605639	607489
CP003685	2517228086	604216	605655
CP003685	2517228081	601350	601619
CP003685	2517228080	600760	601338
CP003685	2517228083	602001	602357
CP003685	2517228082	601698	601943
CP003685	2517228089	608652	609881
CP003685	2517228088	607522	608628
CP003685	2517229231	1639930	1641207
CP003685	2517228157	662716	665619
CP003685	2517227676	225136	226335
CP003685	2517227675	224324	225139
CP003685	2517227674	223134	224321
CP003685	2517227673	222690	223175
CP003685	2517228152	658329	658475
CP003685	2517227671	221005	222009
CP003685	2517227670	218777	221008
CP003685	2517227679	228256	231114
CP003685	2517228158	665851	666954
CP003685	2517229204	1611149	1613086
CP003685	2517229205	1613185	1614489
CP003685	2517229206	1614528	1615424
CP003685	2517229207	1615421	1616668
CP003685	2517228889	1302478	1305519
CP003685	2517229201	1608378	1609901
CP003685	2517228339	818553	819584
CP003685	2517228338	818276	818518
CP003685	2517227857	414649	417252
CP003685	2517228884	1297387	1298295
CP003685	2517227855	412698	413426
CP003685	2517227854	411299	412684
CP003685	2517227505	62566	63135
CP003685	2517228332	812352	813356
CP003685	2517228331	811171	812355
CP003685	2517227506	63174	63710
CP003685	2517227699	250032	250283
CP003685	2517227698	248691	249989
CP003685	2517227930	477604	477954
CP003685	2517227691	242134	243138
CP003685	2517227690	240709	241998
CP003685	2517227693	244330	244485
CP003685	2517227692	243168	243983
CP003685	2517229378	1759938	1760198
CP003685	2517227694	244501	244818
CP003685	2517227697	247715	248689
CP003685	2517227696	245565	246932
CP003685	2517229519	1881531	1882787
CP003685	2517228124	636126	636884
CP003685	2517229331	1724706	1725131
CP003685	2517229332	1725142	1725507
CP003685	2517229333	1725507	1726238
CP003685	2517229334	1726249	1726809
CP003685	2517229335	1726814	1726984
CP003685	2517229336	1727000	1727392
CP003685	2517229337	1727412	1727966
CP003685	2517229338	1727977	1728369
CP003685	2517229339	1728381	1728833
CP003685	2517229118	1531108	1531647
CP003685	2517229119	1531804	1533057
CP003685	2517229232	1641347	1642216
CP003685	2517229322	1721064	1721324
CP003685	2517229110	1525757	1526377
CP003685	2517229111	1526343	1527335
CP003685	2517229112	1527578	1529179
CP003685	2517229113	1529191	1529565
CP003685	2517229114	1529555	1529767
CP003685	2517229115	1529874	1530080
CP003685	2517229116	1530080	1530505
CP003685	2517229117	1530596	1530943
CP003685	2517228423	904136	904603
CP003685	2517228422	903753	904136
CP003685	2517228421	903478	903750
CP003685	2517228420	902018	903481
CP003685	2517228427	905742	906494
CP003685	2517228426	905140	905745
CP003685	2517228425	904895	905164
CP003685	2517228424	904584	904898
CP003685	2517228429	907099	908361
CP003685	2517228428	906570	907097
CP003685	2517228337	817951	818154
CP003685	2517227970	513728	513934
CP003685	2517229068	1488915	1489907
CP003685	2517229069	1490289	1491092
CP003685	2517229064	1484310	1485299
CP003685	2517229065	1485985	1486677
CP003685	2517229066	1486667	1487161
CP003685	2517229067	1487264	1488751
CP003685	2517229060	1481525	1482253
CP003685	2517229061	1482268	1482654
CP003685	2517229062	1482641	1483405
CP003685	2517229063	1483465	1484259
CP003685	2517228335	816112	817287
CP003685	2517228052	580968	581303
CP003685	2517229236	1644868	1645392
CP003685	2517227936	484650	484853
CP003685	2517228053	581293	582369
CP003685	2517229239	1648449	1649618
CP003685	2517229521	1883909	1884601
CP003685	2517228333	813563	814795
CP003685	2517229238	1646963	1648276
CP003685	2517228760	1189109	1189651
CP003685	2517227547	112158	112349
CP003685	2517228608	1062253	1063176
CP003685	2517228270	754797	755726
CP003685	2517227549	114609	115079
CP003685	2517227548	114130	114552
CP003685	2517228386	864019	864621
CP003685	2517229520	1882784	1883926
CP003685	2517228566	1022206	1022832
CP003685	2517228567	1022829	1023083
CP003685	2517228568	1023083	1023769
CP003685	2517228569	1024019	1024426
CP003685	2517228348	826680	827324
CP003685	2517227444	7703	8272
CP003685	2517227445	8340	8579
CP003685	2517227446	8585	9256
CP003685	2517227447	9365	11479
CP003685	2517227440	3780	5204
CP003685	2517227441	5215	6174
CP003685	2517227442	6185	7192
CP003685	2517227443	7204	7710
CP003685	2517227448	11469	11639
CP003685	2517227449	11643	13085
CP003685	2517229346	1733212	1733739
CP003685	2517228059	586456	586902
CP003685	2517228204	699728	700114
CP003685	2517228528	992428	993099
CP003685	2517228529	993161	994534
CP003685	2517228526	991241	991807
CP003685	2517228527	991809	992381
CP003685	2517228524	990104	990304
CP003685	2517228525	990548	991249
CP003685	2517228522	989037	989726
CP003685	2517228523	989730	990053
CP003685	2517228520	987372	988106
CP003685	2517228521	988103	989035
CP003685	2517229349	1735126	1735629
CP003685	2517229348	1734869	1735129
CP003685	2517228238	726652	727407
CP003685	2517228202	697216	697470
CP003685	2517227538	101648	102169
CP003685	2517227539	102304	104178
CP003685	2517227534	94674	96131
CP003685	2517227535	96284	97102
CP003685	2517227537	97426	101622
CP003685	2517227530	92561	92947
CP003685	2517227531	93042	93683
CP003685	2517227532	93718	93993
CP003685	2517227533	93983	94564
CP003685	2517228632	1083450	1083665
CP003685	2517228166	672744	673445
CP003685	2517228630	1082177	1082878
CP003685	2517228631	1083032	1083403
CP003685	2517228188	688443	689243
CP003685	2517228189	689376	689480
CP003685	2517228634	1084066	1084287
CP003685	2517228635	1084322	1085152
CP003685	2517228184	686489	686599
CP003685	2517228185	686721	687434
CP003685	2517228186	687492	687881
CP003685	2517228639	1086132	1086986
CP003685	2517228180	683767	684798
CP003685	2517228181	684830	685915
CP003685	2517228182	685912	686028
CP003685	2517228183	686106	686483
CP003685	2517228165	672091	672354
CP003685	2517228162	669905	670525
CP003685	2517228163	670522	670950
CP003685	2517229327	1723566	1723784
CP003685	2517229326	1722947	1723579
CP003685	2517229325	1722475	1722942
CP003685	2517229324	1722066	1722464
CP003685	2517229323	1721336	1722055
CP003685	2517228160	667840	668625
CP003685	2517227998	536384	536989
CP003685	2517229320	1719178	1720275
CP003685	2517227996	534828	535388
CP003685	2517227997	536231	536365
CP003685	2517227994	532621	533736
CP003685	2517228161	668622	669908
CP003685	2517227992	530228	530977
CP003685	2517227993	531716	532624
CP003685	2517229329	1724207	1724362
CP003685	2517227991	529976	530143
CP003685	2517229459	1836488	1837468
CP003685	2517229458	1836020	1836334
CP003685	2517229108	1523946	1524932
CP003685	2517229455	1833655	1834443
CP003685	2517229454	1832660	1833667
CP003685	2517229105	1521872	1522399
CP003685	2517229104	1521396	1521875
CP003685	2517229103	1520903	1521454
CP003685	2517229102	1520248	1520838
CP003685	2517229101	1519608	1520192
CP003685	2517229100	1518732	1519607
CP003685	2517228984	1399594	1400595
CP003685	2517228985	1400600	1402105
CP003685	2517228986	1402112	1402522
CP003685	2517228987	1402578	1403222
CP003685	2517228980	1393738	1396296
CP003685	2517228453	928507	929658
CP003685	2517228450	925950	927242
CP003685	2517228983	1398612	1399535
CP003685	2517228988	1403236	1407294
CP003685	2517228989	1407278	1407829
CP003685	2517228458	933014	934066
CP003685	2517228459	934063	935391
CP003685	2517229219	1628950	1630035
CP003685	2517229218	1627877	1628953
CP003685	2517229213	1624398	1625090
CP003685	2517229212	1623646	1624065
CP003685	2517229211	1622720	1623463
CP003685	2517229210	1621895	1622704
CP003685	2517229217	1627780	1627893
CP003685	2517229216	1626734	1627783
CP003685	2517229215	1625974	1626594
CP003685	2517229214	1625137	1625913
CP003685	2517229073	1494288	1495121
CP003685	2517229072	1492972	1494276
CP003685	2517229071	1491875	1492975
CP003685	2517229070	1491089	1491862
CP003685	2517229077	1500790	1501017
CP003685	2517229076	1499030	1500784
CP003685	2517229075	1497554	1498972
CP003685	2517229074	1495286	1497055
CP003685	2517229079	1502263	1502856
CP003685	2517229078	1501078	1501890
CP003685	2517228306	787642	789816
CP003685	2517228858	1275807	1276607
CP003685	2517228859	1276614	1276955
CP003685	2517228307	789809	790129
CP003685	2517228852	1270078	1270671
CP003685	2517228853	1270661	1271071
CP003685	2517228850	1267392	1268759
CP003685	2517228851	1268772	1270100
CP003685	2517228856	1273453	1275159
CP003685	2517228857	1275169	1275834
CP003685	2517228854	1271076	1272323
CP003685	2517228855	1272330	1273478
CP003685	2517227865	423588	424646
CP003685	2517228302	783172	784479
CP003685	2517228303	784526	785647
CP003685	2517228300	780596	782029
CP003685	2517228301	782026	783084
CP003685	2517227941	488549	488800
CP003685	2517228260	742418	742747
CP003685	2517228263	744010	744648
CP003685	2517228218	714125	714856
CP003685	2517228262	743448	744023
CP003685	2517228265	746377	748047
CP003685	2517228264	744867	746366
CP003685	2517228308	790126	791289
CP003685	2517228309	791358	792008
CP003685	2517228219	714869	715225
CP003685	2517228324	802777	803901
CP003685	2517228168	674354	675187
CP003685	2517227879	438313	438711
CP003685	2517227899	454333	455481
CP003685	2517229243	1654084	1654683
CP003685	2517228169	675310	675483
CP003685	2517229248	1656571	1657332
CP003685	2517229249	1657329	1657943
CP003685	2517228164	670943	672091
CP003685	2517228539	1002438	1003205
CP003685	2517228538	1001743	1002054
CP003685	2517228535	999596	1000612
CP003685	2517228534	998665	999594
CP003685	2517228536	1000609	1001469
CP003685	2517228531	995033	996334
CP003685	2517228530	994596	995012
CP003685	2517228533	997630	998652
CP003685	2517228532	996527	997627
CP003685	2517229143	1553675	1553878
CP003685	2517229142	1552840	1553706
CP003685	2517229141	1551498	1552826
CP003685	2517227459	25265	26857
CP003685	2517227458	24447	25268
CP003685	2517227453	18326	19435
CP003685	2517227452	16836	17969
CP003685	2517227451	15628	16830
CP003685	2517227450	13128	15623
CP003685	2517227457	23099	24478
CP003685	2517227456	21853	23085
CP003685	2517227455	20937	21764
CP003685	2517227454	19432	20940
CP003685	2517227523	84924	85625
CP003685	2517227522	83847	84758
CP003685	2517227521	81847	83796
CP003685	2517227520	80483	80944
CP003685	2517227527	90448	91236
CP003685	2517229417	1796620	1797252
CP003685	2517227525	86791	88242
CP003685	2517227625	176257	177255
CP003685	2517227529	92205	92519
CP003685	2517227528	91229	92167
CP003685	2517228106	618615	619418
CP003685	2517228193	691828	692310
CP003685	2517228192	691035	691841
CP003685	2517228191	690106	691023
CP003685	2517228190	689379	690071
CP003685	2517228197	694531	694953
CP003685	2517228624	1076152	1077249
CP003685	2517228627	1079615	1080583
CP003685	2517228626	1078399	1079637
CP003685	2517228629	1081815	1082129
CP003685	2517228628	1080580	1081701
CP003685	2517228199	695489	695959
CP003685	2517228198	695277	695435
CP003685	2517228410	893997	894191
CP003685	2517228101	615645	616025
CP003685	2517228943	1359581	1360492
CP003685	2517228102	616127	616360
CP003685	2517228215	711524	711913
CP003685	2517228944	1360545	1361153
CP003685	2517228103	616366	616593
CP003685	2517228417	900010	900813
CP003685	2517227989	527740	528906
CP003685	2517227988	527095	527736
CP003685	2517229518	1880192	1881286
CP003685	2517227985	525896	526288
CP003685	2517227984	525276	525860
CP003685	2517227987	526760	526978
CP003685	2517227986	526292	526666
CP003685	2517227981	522729	523295
CP003685	2517227980	522210	522497
CP003685	2517227983	524341	525177
CP003685	2517227982	523437	524006
CP003685	2517229460	1837443	1838552
CP003685	2517229461	1838549	1839298
CP003685	2517228999	1416721	1417365
CP003685	2517228998	1415841	1416545
CP003685	2517229464	1841157	1841324
CP003685	2517229465	1841518	1842012
CP003685	2517229466	1842009	1843151
CP003685	2517229467	1843148	1844146
CP003685	2517228993	1410836	1412128
CP003685	2517228108	621305	622714
CP003685	2517228991	1408853	1409602
CP003685	2517228990	1407826	1408860
CP003685	2517228997	1414658	1415830
CP003685	2517228996	1413752	1414645
CP003685	2517228995	1413003	1413710
CP003685	2517228109	622685	623431
CP003685	2517228445	922923	924158
CP003685	2517228447	924587	925000
CP003685	2517228446	924141	924533
CP003685	2517228441	921352	921651
CP003685	2517228440	919978	921333
CP003685	2517228443	921939	922463
CP003685	2517228442	921676	921945
CP003685	2517228449	925633	925926
CP003685	2517228448	925000	925632
CP003685	2517228217	712697	713470
CP003685	2517229268	1674034	1674627
CP003685	2517229269	1674614	1674913
CP003685	2517229266	1672545	1673069
CP003685	2517229267	1673053	1673967
CP003685	2517229264	1670654	1671253
CP003685	2517229265	1671541	1672557
CP003685	2517229262	1667877	1670267
CP003685	2517229263	1670370	1670651
CP003685	2517229260	1665979	1666893
CP003685	2517229261	1667202	1667705
CP003685	2517228868	1283483	1284319
CP003685	2517229006	1422282	1423064
CP003685	2517229007	1423061	1423792
CP003685	2517229004	1420443	1421345
CP003685	2517229005	1421523	1422224
CP003685	2517229002	1417586	1418728
CP003685	2517229003	1418725	1420437
CP003685	2517229008	1423746	1424378
CP003685	2517229009	1424495	1425658
CP003685	2517228849	1266784	1267284
CP003685	2517228848	1265841	1266623
CP003685	2517228841	1261907	1262527
CP003685	2517228845	1263579	1264331
CP003685	2517228844	1262756	1263589
CP003685	2517228847	1265097	1265807
CP003685	2517228846	1264306	1265100
CP003685	2517228137	646334	648127
CP003685	2517228754	1185794	1186483
CP003685	2517229488	1859394	1860521
CP003685	2517229489	1860511	1861125
CP003685	2517229482	1855112	1856128
CP003685	2517229483	1856125	1856754
CP003685	2517229480	1854071	1854400
CP003685	2517229481	1854405	1855121
CP003685	2517229486	1858213	1858797
CP003685	2517229487	1858797	1859327
CP003685	2517229484	1856765	1857520
CP003685	2517229485	1857489	1858211
CP003685	2517229304	1707048	1707419
CP003685	2517228030	566939	567169
CP003685	2517228031	567302	567568
CP003685	2517228032	568265	568471
CP003685	2517228033	568490	568669
CP003685	2517228034	568666	568800
CP003685	2517227755	310365	310646
CP003685	2517228037	569755	570171
CP003685	2517228136	645017	646333
CP003685	2517228039	570860	572077
CP003685	2517227917	470215	471321
CP003685	2517229341	1729453	1730163
CP003685	2517229340	1728845	1729456
CP003685	2517229345	1732629	1733219
CP003685	2517227526	88288	90444
CP003685	2517229347	1733736	1734872
CP003685	2517227524	85651	86790
CP003685	2517228746	1178983	1180671
CP003685	2517228211	707466	709043
CP003685	2517228212	709040	710695
CP003685	2517227933	481194	481574
CP003685	2517228214	711155	711523
CP003685	2517229302	1702517	1706050
CP003685	2517229025	1439434	1440066
CP003685	2517228740	1175588	1176169
CP003685	2517228314	793857	794474
CP003685	2517228741	1176166	1177317
CP003685	2517228621	1074075	1074308
CP003685	2517228620	1073064	1074074
CP003685	2517228623	1075250	1076155
CP003685	2517228622	1074390	1075226
CP003685	2517228625	1077239	1078390
CP003685	2517228196	693897	694124
CP003685	2517228500	966580	967026
CP003685	2517228501	967149	968480
CP003685	2517228050	578186	579355
CP003685	2517228051	579356	580966
CP003685	2517228056	584090	585133
CP003685	2517228057	585146	586054
CP003685	2517228506	973503	973859
CP003685	2517228507	973904	975802
CP003685	2517228508	975799	976257
CP003685	2517228509	977119	978402
CP003685	2517228058	586066	586266
CP003685	2517227739	292870	293628
CP003685	2517227910	464671	465021
CP003685	2517229382	1762381	1763544
CP003685	2517228117	629757	630716
CP003685	2517227884	440941	441345
CP003685	2517227885	441435	441728
CP003685	2517227886	441725	442576
CP003685	2517227555	118729	119724
CP003685	2517227552	115979	116530
CP003685	2517227881	439178	439903
CP003685	2517227882	439916	440392
CP003685	2517227551	115317	115982
CP003685	2517227888	443476	443937
CP003685	2517227889	445507	445803
CP003685	2517227558	121841	122866
CP003685	2517227559	122863	123873
CP003685	2517228614	1066885	1068762
CP003685	2517228615	1068834	1069238
CP003685	2517228616	1069225	1069446
CP003685	2517228617	1069670	1070926
CP003685	2517228610	1063786	1064052
CP003685	2517228611	1064137	1064343
CP003685	2517228612	1064479	1065549
CP003685	2517228613	1065656	1066942
CP003685	2517228618	1070936	1072219
CP003685	2517228619	1072216	1073067
CP003685	2517228313	793650	793868
CP003685	2517228290	773145	774359
CP003685	2517228291	774349	774519
CP003685	2517228292	774938	775621
CP003685	2517228293	775627	776415
CP003685	2517228294	776712	776825
CP003685	2517228295	776825	777478
CP003685	2517228296	777550	778788
CP003685	2517228297	778793	779461
CP003685	2517228298	779468	779695
CP003685	2517228299	779762	780463
CP003685	2517229477	1849851	1851815
CP003685	2517228479	950518	952050
CP003685	2517229475	1847989	1848648
CP003685	2517229474	1847272	1847862
CP003685	2517229471	1846486	1846974
CP003685	2517229470	1845771	1846457
CP003685	2517228470	943273	943956
CP003685	2517228471	943968	944492
CP003685	2517228472	944558	945259
CP003685	2517228473	945386	945880
CP003685	2517228474	946056	947915
CP003685	2517228475	947988	949355
CP003685	2517228476	949352	949819
CP003685	2517228477	949816	950259
CP003685	2517228278	762223	763350
CP003685	2517228279	763364	764848
CP003685	2517227813	366375	366668
CP003685	2517227952	497565	498386
CP003685	2517228273	757555	758622
CP003685	2517227950	496207	497127
CP003685	2517228271	755731	757140
CP003685	2517228276	759870	760901
CP003685	2517228277	761031	762128
CP003685	2517227954	502010	502603
CP003685	2517228275	758735	759868
CP003685	2517229279	1682369	1683121
CP003685	2517229278	1681167	1682372
CP003685	2517229275	1678401	1679306
CP003685	2517229274	1678193	1678408
CP003685	2517229277	1680142	1681011
CP003685	2517229276	1679307	1680167
CP003685	2517229271	1676023	1676571
CP003685	2517229270	1674970	1675974
CP003685	2517229273	1677057	1678196
CP003685	2517229272	1676783	1677046
CP003685	2517229015	1429796	1430479
CP003685	2517229014	1428582	1429790
CP003685	2517227811	365712	365984
CP003685	2517229016	1430514	1431572
CP003685	2517229011	1426118	1427182
CP003685	2517229010	1425655	1426128
CP003685	2517229013	1427667	1428368
CP003685	2517229012	1427175	1427675
CP003685	2517229019	1433720	1434055
CP003685	2517229018	1433289	1433657
CP003685	2517228878	1291575	1292000
CP003685	2517228879	1292091	1293353
CP003685	2517228874	1288755	1289546
CP003685	2517228875	1289583	1290140
CP003685	2517228876	1290137	1290931
CP003685	2517228877	1290928	1291449
CP003685	2517228870	1285761	1287014
CP003685	2517228871	1287099	1287962
CP003685	2517228872	1287976	1288335
CP003685	2517228873	1288381	1288749
CP003685	2517227810	364495	365700
CP003685	2517228456	931715	932101
CP003685	2517229462	1839309	1840301
CP003685	2517228224	718031	718480
CP003685	2517228457	932132	932854
CP003685	2517229463	1840298	1841119
CP003685	2517229499	1868445	1868987
CP003685	2517229498	1867980	1868426
CP003685	2517229491	1862205	1862768
CP003685	2517229490	1861122	1862003
CP003685	2517229493	1864491	1866143
CP003685	2517229492	1862765	1864501
CP003685	2517229495	1866688	1867188
CP003685	2517229494	1866338	1866691
CP003685	2517229496	1867283	1867870
CP003685	2517229468	1844452	1844967
CP003685	2517228992	1409675	1410694
CP003685	2517228318	797586	798188
CP003685	2517228994	1412112	1413020
CP003685	2517229412	1793419	1794132
CP003685	2517227808	363451	364338
CP003685	2517228364	840482	840664
CP003685	2517228365	841551	841826
CP003685	2517227871	430734	431180
CP003685	2517228367	842321	842632
CP003685	2517228223	717057	717923
CP003685	2517228360	838520	838822
CP003685	2517228361	838822	839328
CP003685	2517228362	839389	839997
CP003685	2517227963	510008	510103
CP003685	2517227961	508236	508547
CP003685	2517229182	1590163	1590543
CP003685	2517228041	572701	573402
CP003685	2517228516	984532	985482
CP003685	2517228515	983232	984380
CP003685	2517228514	981757	983226
CP003685	2517228045	574571	574966
CP003685	2517227724	278555	279136
CP003685	2517228511	979074	980999
CP003685	2517228510	978407	979105
CP003685	2517228049	576480	578189
CP003685	2517227728	282450	283502
CP003685	2517228519	987226	987324
CP003685	2517228518	986403	987215
CP003685	2517227966	510779	511594
CP003685	2517228304	785751	786713
CP003685	2517227550	115076	115336
CP003685	2517227439	2720	3769
CP003685	2517227438	43	2532
CP003685	2517227545	110209	110904
CP003685	2517227544	109836	110261
CP003685	2517228609	1063211	1063822
CP003685	2517227546	110908	111765
CP003685	2517227541	107017	107817
CP003685	2517227540	104183	106858
CP003685	2517227543	108883	109839
CP003685	2517227542	107857	108867
CP003685	2517228603	1057743	1058408
CP003685	2517228602	1057075	1057746
CP003685	2517228601	1056338	1056982
CP003685	2517228600	1055710	1056348
CP003685	2517228607	1061543	1062253
CP003685	2517228606	1060361	1061407
CP003685	2517228605	1059827	1060369
CP003685	2517228604	1058506	1059702
CP003685	2517227964	510094	510357
CP003685	2517228287	770393	771574
CP003685	2517228286	769512	770396
CP003685	2517228285	768869	769408
CP003685	2517228284	768213	768806
CP003685	2517228283	767455	768216
CP003685	2517228282	766628	767458
CP003685	2517228281	765721	766641
CP003685	2517228280	764882	765724
CP003685	2517228289	772259	772819
CP003685	2517228288	771865	772254
CP003685	2517228469	942211	943290
CP003685	2517228468	941652	942206
CP003685	2517228467	941077	941556
CP003685	2517228466	940686	941069
CP003685	2517228465	940023	940580
CP003685	2517228464	938906	939943
CP003685	2517228463	938378	938902
CP003685	2517228462	938017	938340
CP003685	2517228461	936582	938006
CP003685	2517228460	935450	936517
CP003685	2517228269	751363	754788
CP003685	2517228268	750283	751350
CP003685	2517229394	1774841	1775914
CP003685	2517229395	1775903	1776916
CP003685	2517229392	1772214	1773932
CP003685	2517229393	1773998	1774699
CP003685	2517229390	1770884	1771711
CP003685	2517229391	1771702	1772202
CP003685	2517228261	742838	743461
CP003685	2517227940	487290	488492
CP003685	2517227943	489873	492035
CP003685	2517227942	488797	489741
CP003685	2517227945	493220	493879
CP003685	2517227944	492045	493193
CP003685	2517228267	749343	750272
CP003685	2517228266	748217	749263
CP003685	2517228820	1242537	1242878
CP003685	2517229240	1649716	1650843
CP003685	2517229241	1650894	1652237
CP003685	2517229242	1652226	1654013
CP003685	2517227898	453290	454336
CP003685	2517229244	1654675	1655466
CP003685	2517229245	1655717	1656025
CP003685	2517229246	1655984	1656163
CP003685	2517227893	447744	448481
CP003685	2517227892	446687	447604
CP003685	2517227891	446474	446653
CP003685	2517227890	445809	446477
CP003685	2517227897	451855	453225
CP003685	2517227896	450413	451762
CP003685	2517227895	448977	450353
CP003685	2517227894	448529	448984
CP003685	2517229028	1441835	1442869
CP003685	2517229029	1442859	1444244
CP003685	2517228651	1096788	1097162
CP003685	2517229020	1434541	1437051
CP003685	2517229021	1437048	1437641
CP003685	2517229022	1437638	1438297
CP003685	2517229023	1438257	1438544
CP003685	2517229024	1438545	1439450
CP003685	2517228652	1097163	1097753
CP003685	2517229026	1440212	1440880
CP003685	2517229027	1440880	1441848
CP003685	2517227601	159142	160959
CP003685	2517228654	1098514	1099299
CP003685	2517227607	164005	164343
CP003685	2517228863	1279547	1280530
CP003685	2517228862	1278562	1279587
CP003685	2517228861	1278101	1278559
CP003685	2517228860	1277106	1278095
CP003685	2517228867	1282932	1283441
CP003685	2517228866	1282118	1282873
CP003685	2517228865	1281438	1282061
CP003685	2517228864	1280587	1281441
CP003685	2517228869	1284447	1285787
CP003685	2517227605	162252	162953
CP003685	2517228658	1101601	1102038
CP003685	2517228128	639337	639645
CP003685	2517228641	1088008	1089294
CP003685	2517227609	165078	165404
CP003685	2517228236	723540	724058
CP003685	2517228640	1086988	1087737
CP003685	2517227929	477276	477584
CP003685	2517227627	178032	178832
CP003685	2517228235	723160	723378
CP003685	2517228517	985869	986315
CP003685	2517228232	722500	722865
CP003685	2517228230	722100	722282
CP003685	2517227677	226345	227298
CP003685	2517228156	661503	662480
CP003685	2517228155	660626	661489
CP003685	2517228231	722279	722464
CP003685	2517228154	659577	660500
CP003685	2517228153	658624	659592
CP003685	2517228513	981305	981583
CP003685	2517227672	222013	222636
CP003685	2517228018	555221	556243
CP003685	2517228019	556352	556486
CP003685	2517227776	334060	334878
CP003685	2517228017	554976	555260
CP003685	2517228512	981015	981302
CP003685	2517227774	331674	333776
CP003685	2517227775	333773	334063
CP003685	2517227772	329457	329651
CP003685	2517227773	329641	331668
CP003685	2517228159	666951	667829
CP003685	2517227771	329188	329370
CP003685	2517228074	597513	598325
CP003685	2517227715	269775	270185
CP003685	2517227716	270195	271778
CP003685	2517227717	271884	272996
CP003685	2517227710	265859	266560
CP003685	2517227711	266618	267079
CP003685	2517227712	267141	268019
CP003685	2517227713	268016	269335
CP003685	2517227718	273007	273339
CP003685	2517227719	273336	274835
CP003685	2517229200	1606910	1608376
CP003685	2517228888	1301084	1302478
CP003685	2517227859	418240	419187
CP003685	2517227858	417249	418181
CP003685	2517228885	1298361	1299188
CP003685	2517227978	521024	521767
CP003685	2517228336	817256	817879
CP003685	2517228887	1300409	1301053
CP003685	2517228334	814851	816119
CP003685	2517228678	1124957	1125937
CP003685	2517228679	1125948	1126937
CP003685	2517228676	1122803	1123801
CP003685	2517228677	1123813	1124964
CP003685	2517228674	1119649	1120326
CP003685	2517228675	1120567	1122684
CP003685	2517228672	1116327	1118273
CP003685	2517228673	1118278	1119615
CP003685	2517228670	1114991	1115599
CP003685	2517228671	1115697	1116308
CP003685	2517227979	521803	522027
CP003685	2517228883	1296633	1297376
CP003685	2517228330	810302	811180
CP003685	2517227916	469841	470218
CP003685	2517228237	724134	726647
CP003685	2517227914	467778	468962
CP003685	2517227915	469115	469639
CP003685	2517227912	465629	466615
CP003685	2517227913	466600	467367
CP003685	2517228492	961405	962184
CP003685	2517228493	962281	962517
CP003685	2517228490	960932	961114
CP003685	2517228491	961187	961393
CP003685	2517228496	964162	964863
CP003685	2517228497	964926	965507
CP003685	2517228494	962514	962861
CP003685	2517228495	963481	963624
CP003685	2517228498	965504	966181
CP003685	2517227911	465056	465523
CP003685	2517228702	1141915	1142880
CP003685	2517228703	1142877	1143296
CP003685	2517228700	1140111	1140632
CP003685	2517228701	1140629	1141912
CP003685	2517228706	1146641	1146979
CP003685	2517228707	1147053	1148261
CP003685	2517228704	1143408	1144712
CP003685	2517228705	1144683	1146587
CP003685	2517227974	517315	517839
CP003685	2517227975	518102	518638
CP003685	2517227976	518700	519536
CP003685	2517227977	519924	520448
CP003685	2517228250	736463	736711
CP003685	2517228251	736708	737301
CP003685	2517227972	514299	515684
CP003685	2517228253	738262	738780
CP003685	2517227695	245217	245564
CP003685	2517229257	1663136	1663957
CP003685	2517229256	1662346	1663149
CP003685	2517229255	1661393	1662349
CP003685	2517229254	1660545	1661327
CP003685	2517229253	1659869	1660393
CP003685	2517229252	1658721	1659869
CP003685	2517228388	865103	865549
CP003685	2517228389	868541	868798
CP003685	2517227570	131999	132841
CP003685	2517228387	864606	865124
CP003685	2517227572	134785	135795
CP003685	2517227573	135843	136820
CP003685	2517228382	858051	861449
CP003685	2517228383	861488	862537
CP003685	2517229259	1664862	1665998
CP003685	2517228381	856763	857977
CP003685	2517229039	1455021	1455599
CP003685	2517229038	1453927	1454895
CP003685	2517229037	1453149	1453940
CP003685	2517229036	1451082	1452776
CP003685	2517229035	1450495	1451085
CP003685	2517229034	1449991	1450452
CP003685	2517229033	1449391	1449966
CP003685	2517229032	1447626	1449368
CP003685	2517229031	1446886	1447629
CP003685	2517229030	1444368	1446821
CP003685	2517228816	1239749	1240204
CP003685	2517228817	1240222	1241688
CP003685	2517228814	1239065	1239253
CP003685	2517228815	1239265	1239495
CP003685	2517228812	1236671	1237573
CP003685	2517228813	1237668	1239056
CP003685	2517228810	1234383	1235330
CP003685	2517228811	1235330	1236589
CP003685	2517229547	1907793	1908032
CP003685	2517228818	1241669	1242004
CP003685	2517229546	1907097	1907744
CP003685	2517229330	1724362	1724700
CP003685	2517228928	1342434	1343597
CP003685	2517228929	1343597	1344517
CP003685	2517228922	1338136	1338927
CP003685	2517228923	1338942	1339514
CP003685	2517228920	1336669	1337460
CP003685	2517228921	1337457	1338071
CP003685	2517228926	1340899	1341513
CP003685	2517228927	1341515	1342444
CP003685	2517228924	1339789	1340325
CP003685	2517228925	1340312	1340902
CP003685	2517229544	1905167	1905565
CP003685	2517228657	1100683	1101516
CP003685	2517229541	1903039	1903260
CP003685	2517229448	1826637	1827626
CP003685	2517228240	728478	729668
CP003685	2517229449	1827610	1829115
CP003685	2517229446	1824439	1825761
CP003685	2517229447	1825736	1826644
CP003685	2517229385	1767013	1768458
CP003685	2517229444	1823060	1823290
CP003685	2517229445	1823357	1824442
CP003685	2517228886	1299163	1300377
CP003685	2517229442	1821608	1822054
CP003685	2517229443	1822039	1823076
CP003685	2517229440	1820545	1821291
CP003685	2517229441	1821280	1821603
CP003685	2517229293	1693889	1694941
CP003685	2517228881	1294454	1295155
CP003685	2517229292	1692889	1693668
CP003685	2517229523	1886037	1887743
CP003685	2517227829	382614	383315
CP003685	2517229387	1769591	1770301
CP003685	2517229525	1888256	1888654
CP003685	2517228127	639108	639305
CP003685	2517229524	1887767	1888264
CP003685	2517227830	383323	384288
CP003685	2517227714	269494	269772
CP003685	2517228880	1293635	1294231
CP003685	2517229527	1889597	1890073
CP003685	2517228075	598444	599145
CP003685	2517229526	1888930	1889457
CP003685	2517228342	820758	821918
CP003685	2517229386	1768642	1769601
CP003685	2517228831	1251357	1252190
CP003685	2517228070	595413	595829
CP003685	2517227820	371990	373093
CP003685	2517228071	595826	596056
CP003685	2517228833	1252912	1253355
CP003685	2517228072	596281	596769
CP003685	2517227949	495373	495789
CP003685	2517228346	824980	825393
CP003685	2517228073	597089	597217
CP003685	2517227827	381049	381951
CP003685	2517229381	1761595	1762272
CP003685	2517228836	1254115	1255308
CP003685	2517228837	1255319	1258051
CP003685	2517228882	1295441	1296685
CP003685	2517227948	495226	495366
CP003685	2517228078	599448	600455
CP003685	2517228079	600508	600759
CP003685	2517229380	1761328	1761606
CP003685	2517228669	1114080	1114976
CP003685	2517228668	1113271	1114047
CP003685	2517227923	473550	473774
CP003685	2517228665	1109632	1110435
CP003685	2517228664	1108584	1109630
CP003685	2517228667	1112485	1113225
CP003685	2517228666	1110623	1112440
CP003685	2517228661	1106052	1106972
CP003685	2517228660	1104171	1106069
CP003685	2517228663	1107594	1108520
CP003685	2517228662	1106978	1107616
CP003685	2517229549	1908502	1909062
CP003685	2517228248	735567	735977
CP003685	2517228259	742257	742436
CP003685	2517228747	1180818	1181048
CP003685	2517229548	1908023	1908502
CP003685	2517227709	265288	265746
CP003685	2517227708	264188	265246
CP003685	2517228063	588976	589905
CP003685	2517228062	587735	588979
CP003685	2517227701	251443	252579
CP003685	2517227700	250564	250941
CP003685	2517228067	593742	594731
CP003685	2517227706	261779	263110
CP003685	2517227705	260525	261790
CP003685	2517227704	259485	260468
CP003685	2517228481	954164	955147
CP003685	2517228480	952222	954090
CP003685	2517228483	956086	957054
CP003685	2517228482	955152	956084
CP003685	2517228485	958181	958678
CP003685	2517228484	957047	957997
CP003685	2517228487	959925	960068
CP003685	2517228486	959017	959271
CP003685	2517228489	960604	960981
CP003685	2517228488	960096	960272
CP003685	2517228243	730986	732170
CP003685	2517228242	730045	730980
CP003685	2517228241	729679	729996
CP003685	2517228712	1151178	1151483
CP003685	2517228247	734399	735565
CP003685	2517228714	1151727	1152656
CP003685	2517227965	510243	510764
CP003685	2517228716	1154513	1155994
CP003685	2517228719	1157042	1157326
CP003685	2517228718	1156332	1157039
CP003685	2517228249	736048	736461
CP003685	2517227968	512033	513334
CP003685	2517228399	877847	879289
CP003685	2517228398	876963	877850
CP003685	2517227569	130950	132002
CP003685	2517227568	130337	130915
CP003685	2517227567	129888	130352
CP003685	2517227566	128420	129787
CP003685	2517228397	876476	876973
CP003685	2517227564	127269	128006
CP003685	2517227563	125999	127276
CP003685	2517227562	125284	125985
CP003685	2517228393	872448	873077
CP003685	2517227560	124000	125019
CP003685	2517229532	1893212	1893961
CP003685	2517229533	1893987	1895327
CP003685	2517229530	1892165	1892416
CP003685	2517229531	1892434	1893096
CP003685	2517229288	1688731	1689591
CP003685	2517229289	1689588	1691069
CP003685	2517229534	1895371	1896522
CP003685	2517229535	1896790	1899678
CP003685	2517229284	1686738	1687307
CP003685	2517229285	1687288	1687839
CP003685	2517229286	1687754	1688608
CP003685	2517229287	1688589	1688687
CP003685	2517229280	1683227	1683928
CP003685	2517229281	1683969	1684790
CP003685	2517229282	1684793	1685410
CP003685	2517229283	1685692	1686732
CP003685	2517228805	1227734	1229050
CP003685	2517228804	1226339	1227628
CP003685	2517228807	1230512	1231321
CP003685	2517228806	1229175	1230512
CP003685	2517228801	1223719	1224312
CP003685	2517228800	1223192	1223587
CP003685	2517228803	1225452	1226210
CP003685	2517228802	1224344	1225330
CP003685	2517228809	1233848	1234399
CP003685	2517228808	1231326	1233845
CP003685	2517229469	1845063	1845800
CP003685	2517228195	692732	693583
CP003685	2517229388	1770301	1770633
CP003685	2517228194	692307	692735
CP003685	2517229389	1770694	1770879
CP003685	2517228939	1352847	1354313
CP003685	2517228938	1352275	1352841
CP003685	2517228931	1345576	1346739
CP003685	2517228930	1344570	1345487
CP003685	2517228933	1347384	1348355
CP003685	2517228932	1346714	1347313
CP003685	2517228935	1349079	1349981
CP003685	2517228934	1348422	1349108
CP003685	2517228937	1351673	1352281
CP003685	2517228936	1349987	1351558
CP003685	2517228752	1184896	1185624
CP003685	2517229139	1549080	1550552
CP003685	2517227828	382054	382557
CP003685	2517228069	595160	595291
CP003685	2517228366	842043	842324
CP003685	2517227947	494474	495151
CP003685	2517227503	61851	62384
CP003685	2517228571	1025212	1027698
CP003685	2517228570	1024495	1025202
CP003685	2517227946	493854	494267
CP003685	2517227781	339450	339869
CP003685	2517228572	1027698	1029863
CP003685	2517228575	1031896	1032099
CP003685	2517228574	1031360	1031779
CP003685	2517228577	1034811	1035194
CP003685	2517228576	1033173	1034663
CP003685	2517228903	1317510	1318013
CP003685	2517229396	1776910	1778535
CP003685	2517228895	1310058	1310369
CP003685	2517229397	1778565	1779524
CP003685	2517227822	373754	373861
CP003685	2517227823	373970	374959
CP003685	2517228893	1307584	1308063
CP003685	2517227509	64996	66126
CP003685	2517227508	64697	64999
CP003685	2517229147	1557678	1558349
CP003685	2517227821	373234	373683
CP003685	2517228891	1305834	1306946
CP003685	2517228179	683024	683770
CP003685	2517228178	682188	683027
CP003685	2517228650	1095979	1096782
CP003685	2517228123	635793	636026
CP003685	2517228120	632453	633577
CP003685	2517228653	1097798	1098517
CP003685	2517228126	637730	639088
CP003685	2517228655	1099360	1099791
CP003685	2517228656	1099861	1100697
CP003685	2517228125	636939	637727
CP003685	2517227826	378697	381018
CP003685	2517228659	1102038	1103987
CP003685	2517227608	164347	165072
CP003685	2517228129	639706	640833
CP003685	2517227655	205084	205395
CP003685	2517228174	678629	679357
CP003685	2517227657	206015	206527
CP003685	2517228176	680377	681840
CP003685	2517228256	739711	740964
CP003685	2517228171	676291	677286
CP003685	2517228170	675624	676064
CP003685	2517227959	505717	506892
CP003685	2517228743	1178015	1178311
CP003685	2517227653	203657	204553
CP003685	2517227778	335529	336908
CP003685	2517227779	336967	338520
CP003685	2517228016	553691	554860
CP003685	2517227777	335004	335528
CP003685	2517228014	551065	551931
CP003685	2517228015	551928	553640
CP003685	2517228012	549318	550562
CP003685	2517228013	550611	551060
CP003685	2517228010	546914	547990
CP003685	2517228011	548761	549348
CP003685	2517229550	1909054	1909755
CP003685	2517227824	376750	377532
CP003685	2517228724	1160433	1160699
CP003685	2517228725	1160736	1161266
CP003685	2517228726	1161326	1161670
CP003685	2517228727	1161651	1162586
CP003685	2517228720	1157323	1157697
CP003685	2517228721	1157694	1157948
CP003685	2517228722	1157945	1158451
CP003685	2517228723	1158657	1160423
CP003685	2517228728	1162661	1164112
CP003685	2517228729	1164090	1165823
CP003685	2517227918	471363	471602
CP003685	2517228239	727472	728467
CP003685	2517227825	377719	378606
CP003685	2517228405	886530	886736
CP003685	2517227592	151667	152461
CP003685	2517227593	152471	153085
CP003685	2517227590	149968	151176
CP003685	2517227591	151180	151656
CP003685	2517227596	154677	155645
CP003685	2517227597	155617	156318
CP003685	2517227594	153193	154143
CP003685	2517227595	154156	154482
CP003685	2517227598	156404	157669
CP003685	2517227599	157710	158843
CP003685	2517228499	966144	966569
CP003685	2517228744	1178376	1178531
CP003685	2517228838	1258055	1261408
CP003685	2517228839	1261429	1261677
CP003685	2517229291	1692438	1692908
CP003685	2517228349	827360	828082
CP003685	2517229297	1698232	1699458
CP003685	2517229296	1697455	1698216
CP003685	2517229295	1695923	1697290
CP003685	2517229294	1695015	1695926
CP003685	2517228830	1250985	1251344
CP003685	2517228343	822569	822952
CP003685	2517228832	1252258	1252905
CP003685	2517228341	819943	820701
CP003685	2517228834	1253366	1253803
CP003685	2517228835	1253812	1254111
CP003685	2517228344	822930	823352
CP003685	2517228345	823438	824853
CP003685	2517227875	434253	434630
CP003685	2517229384	1765880	1767007
CP003685	2517228745	1178532	1178858
CP003685	2517228317	795679	797487
CP003685	2517227501	61407	61559
CP003685	2517228316	795297	795725
CP003685	2517228258	741518	742267
CP003685	2517228310	792143	792691
CP003685	2517229383	1763545	1764618
CP003685	2517228742	1177382	1178032
CP003685	2517228312	793190	793552
CP003685	2517227500	60406	60660
CP003685	2517228254	738777	739463
CP003685	2517228708	1148250	1148876
CP003685	2517228709	1148882	1150057
CP003685	2517228908	1321606	1322316
CP003685	2517228909	1322319	1322885
CP003685	2517228904	1318081	1319214
CP003685	2517228905	1319214	1319729
CP003685	2517228906	1319726	1320418
CP003685	2517228907	1320402	1321607
CP003685	2517228900	1314846	1315361
CP003685	2517228901	1315358	1316356
CP003685	2517228902	1316353	1317513
CP003685	2517227971	514098	514475
CP003685	2517228252	737303	738253
CP003685	2517229290	1691112	1692386
CP003685	2517227973	515724	516041
CP003685	2517227502	61562	61861
CP003685	2517229398	1779505	1781418
CP003685	2517227951	497139	497558
CP003685	2517228351	829599	830921
CP003685	2517229399	1781443	1782927
