BA000001	638186549	952012	953064
BA000001	638187017	1297505	1298434
BA000001	638187016	1296916	1297503
BA000001	638187015	1296395	1296919
BA000001	638187014	1295209	1296393
BA000001	638187422	1564120	1564473
BA000001	638187423	1565035	1565436
BA000001	638187392	1545090	1545722
BA000001	638187393	1545727	1546194
BA000001	638187426	1567050	1567619
BA000001	638187395	1546614	1547333
BA000001	638187424	1566038	1566367
BA000001	638187397	1547430	1547597
BA000001	638185756	323258	327133
BA000001	638185757	325968	326489
BA000001	638185754	321129	323009
BA000001	638185755	321637	322008
BA000001	638185752	319453	320784
BA000001	638185753	320777	321103
BA000001	638185750	318622	319032
BA000001	638185751	319035	319301
BA000001	638185758	327319	328302
BA000001	638185759	328357	329628
BA000001	638187277	1473238	1474341
BA000001	638187276	1472136	1473233
BA000001	638187275	1470972	1472135
BA000001	638187274	1470203	1470913
BA000001	638187273	1469927	1470214
BA000001	638187272	1469556	1469864
BA000001	638187271	1468963	1469943
BA000001	638187270	1468941	1469252
BA000001	638187279	1474686	1475030
BA000001	638187278	1474457	1475590
BA000001	638186454	874630	875457
BA000001	638186455	875475	876698
BA000001	638186456	876667	877941
BA000001	638186457	876886	877212
BA000001	638186450	873641	874444
BA000001	638187188	1414423	1414941
BA000001	638186452	874441	874623
BA000001	638186453	874531	874980
BA000001	638187185	1411632	1412900
BA000001	638187184	1411101	1411526
BA000001	638187187	1413176	1414453
BA000001	638186458	877982	880885
BA000001	638187180	1409104	1409652
BA000001	638187182	1410440	1410961
BA000001	638187479	1609132	1609788
BA000001	638187478	1607607	1609130
BA000001	638187475	1605813	1606769
BA000001	638187474	1605013	1605780
BA000001	638187477	1607416	1607898
BA000001	638187476	1606804	1607598
BA000001	638187471	1603328	1604218
BA000001	638187470	1602151	1603296
BA000001	638187473	1604518	1604829
BA000001	638187472	1604205	1605026
BA000001	638185833	378055	378480
BA000001	638185832	377014	378024
BA000001	638185831	375942	377012
BA000001	638185830	375562	375894
BA000001	638185837	379705	380022
BA000001	638185836	378826	379209
BA000001	638185835	378679	379551
BA000001	638185834	378112	378678
BA000001	638185839	380415	381530
BA000001	638185838	380107	380385
BA000001	638186058	550907	551905
BA000001	638186059	552040	552417
BA000001	638186060	552411	552773
BA000001	638186050	544487	547813
BA000001	638186051	545007	545369
BA000001	638186052	546969	547358
BA000001	638186053	547070	547417
BA000001	638186054	547816	548313
BA000001	638186055	548356	549114
BA000001	638186056	549145	549882
BA000001	638186057	550053	550910
BA000001	638186586	982768	982968
BA000001	638186587	983018	983494
BA000001	638186584	980737	982089
BA000001	638186585	982114	982779
BA000001	638186582	979791	980702
BA000001	638186583	980141	980443
BA000001	638186580	977918	978751
BA000001	638186581	978748	979707
BA000001	638187509	1630543	1631841
BA000001	638187056	1325861	1327147
BA000001	638187055	1325516	1325824
BA000001	638187053	1324451	1325353
BA000001	638187052	1323931	1324293
BA000001	638186588	983549	984151
BA000001	638187050	1322851	1323921
BA000001	638186902	1212831	1213757
BA000001	638186903	1213758	1214759
BA000001	638186900	1211448	1212176
BA000001	638186901	1212254	1212823
BA000001	638186906	1216363	1216668
BA000001	638186907	1216904	1218493
BA000001	638186904	1214891	1215934
BA000001	638186905	1215918	1216910
BA000001	638186908	1218477	1220516
BA000001	638186909	1220583	1221173
BA000001	638185907	437310	437642
BA000001	638185906	436445	437470
BA000001	638185905	436004	436441
BA000001	638185904	435194	435607
BA000001	638185903	434866	435936
BA000001	638186639	1022866	1023231
BA000001	638185901	433916	434395
BA000001	638185900	433876	434853
BA000001	638186634	1019325	1021142
BA000001	638186635	1021139	1021903
BA000001	638186636	1021954	1022295
BA000001	638186637	1021958	1022581
BA000001	638186630	1016927	1017397
BA000001	638186631	1017384	1018577
BA000001	638185909	438741	439103
BA000001	638185908	437906	438748
BA000001	638185345	9	476
BA000001	638185347	710	1828
BA000001	638185346	473	658
BA000001	638185349	1896	2312
BA000001	638185348	1260	1571
BA000001	638186836	1163443	1164720
BA000001	638186837	1164729	1165291
BA000001	638186832	1161313	1162602
BA000001	638186833	1162635	1162925
BA000001	638186830	1160516	1161316
BA000001	638186831	1161010	1161348
BA000001	638186838	1165299	1165647
BA000001	638186839	1165651	1165914
BA000001	638186120	595965	596294
BA000001	638186123	596685	597053
BA000001	638186124	596762	597448
BA000001	638186125	597445	597963
BA000001	638186126	597983	598912
BA000001	638186127	598915	599514
BA000001	638186128	599496	599741
BA000001	638186129	599738	600193
BA000001	638185697	277363	277893
BA000001	638185696	273874	277341
BA000001	638185694	272656	273489
BA000001	638185693	271141	271788
BA000001	638185692	271100	272560
BA000001	638185691	270394	270987
BA000001	638185690	270135	270410
BA000001	638185699	279101	279499
BA000001	638185698	278093	279958
BA000001	638185583	189126	190016
BA000001	638185582	188519	188863
BA000001	638185581	188455	189063
BA000001	638185580	187953	188468
BA000001	638185587	191874	192251
BA000001	638185586	190643	191065
BA000001	638185585	190449	190769
BA000001	638185769	336613	337278
BA000001	638185768	336188	336631
BA000001	638185763	333165	333965
BA000001	638185762	332020	333072
BA000001	638185761	330929	332023
BA000001	638185760	329608	330942
BA000001	638185767	335952	336186
BA000001	638185766	335263	335955
BA000001	638185765	334730	335275
BA000001	638185764	333955	334740
BA000001	638185569	176696	177784
BA000001	638185568	175982	176302
BA000001	638185561	170999	172039
BA000001	638185560	169875	171002
BA000001	638185563	173199	174284
BA000001	638185562	171987	173180
BA000001	638185565	174356	174823
BA000001	638185564	173513	174019
BA000001	638185567	175426	176625
BA000001	638185566	174795	175367
BA000001	638186768	1114522	1115025
BA000001	638187321	1502736	1503749
BA000001	638186948	1252137	1252496
BA000001	638187452	1589050	1589268
BA000001	638186949	1252576	1253214
BA000001	638187451	1588496	1588843
BA000001	638187268	1468053	1468358
BA000001	638187269	1468511	1468780
BA000001	638187450	1588152	1589057
BA000001	638186763	1110446	1111477
BA000001	638187260	1462294	1463331
BA000001	638187261	1463410	1463967
BA000001	638187262	1463955	1464800
BA000001	638187263	1464797	1465954
BA000001	638187264	1465951	1466463
BA000001	638186760	1108561	1108866
BA000001	638187266	1466467	1467321
BA000001	638187267	1467318	1468544
BA000001	638186945	1248593	1249933
BA000001	638187327	1508713	1509024
BA000001	638186766	1113350	1114063
BA000001	638187326	1507807	1508907
BA000001	638185898	432782	433213
BA000001	638186940	1244714	1246042
BA000001	638186941	1246092	1246508
BA000001	638187459	1592897	1593232
BA000001	638187198	1419710	1420201
BA000001	638187199	1420505	1420867
BA000001	638187196	1418959	1419321
BA000001	638187197	1419347	1421962
BA000001	638187194	1417939	1418721
BA000001	638187195	1418718	1418966
BA000001	638187192	1415874	1417385
BA000001	638187193	1417382	1417777
BA000001	638187190	1415214	1415861
BA000001	638187191	1415477	1415779
BA000001	638187468	1600545	1601063
BA000001	638187469	1601247	1602179
BA000001	638187466	1598066	1600453
BA000001	638187467	1599261	1599686
BA000001	638187464	1596983	1597648
BA000001	638187465	1597652	1597933
BA000001	638187462	1595276	1596154
BA000001	638187463	1596151	1596687
BA000001	638187460	1593748	1594275
BA000001	638187461	1594263	1595279
BA000001	638186966	1262972	1263301
BA000001	638185824	372778	373068
BA000001	638185825	373069	373320
BA000001	638185826	373723	373917
BA000001	638185827	373936	374106
BA000001	638185820	370711	370947
BA000001	638185821	370844	371269
BA000001	638185822	371619	371940
BA000001	638185823	371928	372158
BA000001	638185828	374607	375077
BA000001	638185829	375184	375462
BA000001	638186029	528026	529399
BA000001	638186028	525807	527687
BA000001	638186025	522617	523896
BA000001	638186024	522465	522620
BA000001	638186027	524638	525819
BA000001	638186026	523917	524552
BA000001	638186021	520192	521148
BA000001	638186020	518883	520091
BA000001	638186022	521145	522074
BA000001	638187040	1315922	1316701
BA000001	638187513	1634205	1635353
BA000001	638187510	1631884	1632348
BA000001	638187511	1632327	1632965
BA000001	638187044	1318423	1319226
BA000001	638187517	1636753	1637166
BA000001	638187046	1319451	1320506
BA000001	638187515	1635520	1636545
BA000001	638187048	1320520	1320948
BA000001	638187049	1320950	1322839
BA000001	638187518	1637551	1638246
BA000001	638187519	1638274	1638906
BA000001	638186937	1242397	1243311
BA000001	638186936	1242035	1242358
BA000001	638186935	1241342	1242031
BA000001	638186934	1240381	1241328
BA000001	638186933	1239641	1240384
BA000001	638186932	1239493	1239597
BA000001	638186931	1237926	1239491
BA000001	638186930	1236565	1237734
BA000001	638186848	1173962	1174720
BA000001	638186939	1243929	1244618
BA000001	638186224	668018	668332
BA000001	638185918	444233	446452
BA000001	638185919	445795	446139
BA000001	638185910	439121	440227
BA000001	638185911	440190	442490
BA000001	638185912	440702	441625
BA000001	638185913	441695	442207
BA000001	638185914	442474	443112
BA000001	638185915	443109	443744
BA000001	638185916	443189	443551
BA000001	638185917	443731	444219
BA000001	638186331	757762	758097
BA000001	638186330	756430	757761
BA000001	638186333	759561	760913
BA000001	638186332	758138	759490
BA000001	638186841	1166988	1167341
BA000001	638186337	762070	763008
BA000001	638186336	761600	762013
BA000001	638186339	763884	765068
BA000001	638186338	763136	763654
BA000001	638186485	899872	900180
BA000001	638186484	898845	899840
BA000001	638186483	898177	898854
BA000001	638186482	897403	898170
BA000001	638186481	896675	897391
BA000001	638186480	895962	896468
BA000001	638185352	3574	4272
BA000001	638185353	4267	5409
BA000001	638185350	2342	2635
BA000001	638186808	1140931	1143207
BA000001	638185356	7255	7875
BA000001	638185357	7853	8704
BA000001	638185355	5595	7112
BA000001	638186803	1139354	1139674
BA000001	638186802	1138381	1139388
BA000001	638185358	8701	9510
BA000001	638186800	1137508	1138086
BA000001	638186807	1140512	1140934
BA000001	638186804	1139376	1139972
BA000001	638186155	619374	619712
BA000001	638186154	618207	619373
BA000001	638186157	620163	622088
BA000001	638186156	619705	620081
BA000001	638186151	615712	616572
BA000001	638186150	614134	615453
BA000001	638186153	617094	617912
BA000001	638186152	616995	617357
BA000001	638186159	622305	622787
BA000001	638186158	622081	622299
BA000001	638186119	595292	596533
BA000001	638186118	594733	595302
BA000001	638185594	194632	194808
BA000001	638185595	195251	196720
BA000001	638185596	196717	197289
BA000001	638185597	197355	197673
BA000001	638185590	192241	192756
BA000001	638185591	192794	192976
BA000001	638185592	193589	194296
BA000001	638185593	194453	194611
BA000001	638185598	197760	199331
BA000001	638185599	199335	200240
BA000001	638185779	344017	344672
BA000001	638185774	340644	341801
BA000001	638185775	341816	342799
BA000001	638185776	342796	343779
BA000001	638185777	343784	344020
BA000001	638185770	337326	338177
BA000001	638185771	338174	339127
BA000001	638185772	339113	339497
BA000001	638185773	339554	340510
BA000001	638185578	185862	186704
BA000001	638185579	186769	187956
BA000001	638185572	179610	181244
BA000001	638185573	181377	182663
BA000001	638185570	177798	178667
BA000001	638185571	178667	179605
BA000001	638185576	184224	184436
BA000001	638185577	184540	185874
BA000001	638185574	182870	183844
BA000001	638185575	183832	184227
BA000001	638186115	593481	593813
BA000001	638186114	592748	593398
BA000001	638185688	268439	268792
BA000001	638185689	269462	270103
BA000001	638185680	262415	265162
BA000001	638185681	265159	265623
BA000001	638185682	265645	265971
BA000001	638185684	265701	266633
BA000001	638185685	266035	266421
BA000001	638185686	266709	267851
BA000001	638185687	267848	269302
BA000001	638185399	42371	42682
BA000001	638186409	829423	830730
BA000001	638186408	828740	829105
BA000001	638187527	1643995	1644309
BA000001	638187526	1643363	1643950
BA000001	638187525	1642558	1642908
BA000001	638187036	1312341	1312760
BA000001	638187031	1307389	1307709
BA000001	638187030	1306737	1307054
BA000001	638187032	1307426	1308877
BA000001	638187219	1438530	1440209
BA000001	638187218	1438050	1438481
BA000001	638187215	1436069	1437181
BA000001	638187214	1434566	1435822
BA000001	638187217	1437646	1437927
BA000001	638187216	1437092	1437649
BA000001	638187210	1431367	1432629
BA000001	638187213	1433433	1434569
BA000001	638187212	1432737	1433438
BA000001	638187453	1589265	1590410
BA000001	638187320	1501831	1502739
BA000001	638187323	1505284	1506501
BA000001	638187322	1503742	1505238
BA000001	638187325	1506855	1507832
BA000001	638187456	1591862	1592188
BA000001	638187455	1590793	1591797
BA000001	638187454	1590429	1590692
BA000001	638187329	1509138	1509452
BA000001	638187328	1508913	1509662
BA000001	638185387	34938	35405
BA000001	638187458	1592841	1593770
BA000001	638186207	655692	656360
BA000001	638186039	534916	535920
BA000001	638186036	534260	534574
BA000001	638186037	534276	534896
BA000001	638186034	531528	532382
BA000001	638186035	532411	534279
BA000001	638186032	529891	530448
BA000001	638186033	530498	531544
BA000001	638186031	529451	529915
BA000001	638187035	1312135	1314087
BA000001	638187034	1310231	1312138
BA000001	638187037	1314084	1314530
BA000001	638187524	1641728	1643329
BA000001	638187523	1640505	1641494
BA000001	638187522	1639919	1640539
BA000001	638187033	1308918	1310234
BA000001	638187520	1638894	1639592
BA000001	638187039	1315409	1315855
BA000001	638187038	1314527	1315360
BA000001	638187529	1645089	1645445
BA000001	638187528	1644002	1645087
BA000001	638186213	659980	660303
BA000001	638186719	1078170	1078892
BA000001	638186718	1076471	1078702
BA000001	638185969	480440	481312
BA000001	638185968	480105	480443
BA000001	638185965	478072	479061
BA000001	638185964	477759	478118
BA000001	638185967	479376	480101
BA000001	638185966	479045	479392
BA000001	638185961	475666	476394
BA000001	638185960	475359	475514
BA000001	638185963	477389	477742
BA000001	638185962	476441	477352
BA000001	638186490	901696	903867
BA000001	638187148	1387224	1388561
BA000001	638186492	903942	904796
BA000001	638186321	749386	750758
BA000001	638186494	905867	906991
BA000001	638186327	752511	753881
BA000001	638186496	907033	907575
BA000001	638186325	751120	751702
BA000001	638187141	1381650	1382447
BA000001	638187140	1381380	1381715
BA000001	638187143	1383182	1383964
BA000001	638186329	754983	756428
BA000001	638187145	1384615	1385715
BA000001	638185848	389074	390441
BA000001	638187147	1385846	1387222
BA000001	638187146	1385803	1386282
BA000001	638185367	18150	19985
BA000001	638185366	17423	18139
BA000001	638185365	16711	17439
BA000001	638186710	1072834	1073646
BA000001	638185363	14900	16549
BA000001	638185362	13066	14493
BA000001	638185361	11675	13069
BA000001	638185360	10453	11640
BA000001	638186814	1147016	1148098
BA000001	638186815	1148144	1149235
BA000001	638186816	1148517	1149086
BA000001	638186817	1149667	1151814
BA000001	638186810	1143210	1143758
BA000001	638186811	1143836	1145713
BA000001	638185369	21300	22133
BA000001	638185368	20200	21321
BA000001	638186715	1075610	1075954
BA000001	638186216	661566	662048
BA000001	638186322	750747	751136
BA000001	638186491	902198	902521
BA000001	638187622	1713224	1713547
BA000001	638186928	1235581	1236573
BA000001	638186147	612868	613171
BA000001	638186144	611777	612112
BA000001	638186088	572042	572722
BA000001	638186142	609488	612010
BA000001	638186143	611053	611493
BA000001	638186140	607681	608685
BA000001	638186141	608716	609507
BA000001	638186920	1227115	1228728
BA000001	638186326	752128	752433
BA000001	638186922	1228807	1230288
BA000001	638186923	1230293	1231441
BA000001	638186924	1231537	1232469
BA000001	638186925	1232474	1233400
BA000001	638186148	613362	613676
BA000001	638186927	1233393	1235579
BA000001	638186497	907556	908542
BA000001	638186498	908532	908984
BA000001	638187629	1719892	1720380
BA000001	638186328	754019	754882
BA000001	638187142	1382444	1383154
BA000001	638187144	1384121	1384621
BA000001	638186617	1005923	1006378
BA000001	638185781	346569	347561
BA000001	638185780	344830	346572
BA000001	638185783	347914	348303
BA000001	638185782	347554	348492
BA000001	638185785	349754	350269
BA000001	638185784	348489	349757
BA000001	638185787	350764	350985
BA000001	638185786	350373	350777
BA000001	638185789	352412	352990
BA000001	638185788	351212	352438
BA000001	638185364	15120	15641
BA000001	638185549	160420	161376
BA000001	638185548	159650	160423
BA000001	638185547	158485	159666
BA000001	638185546	158294	158488
BA000001	638185545	157600	158325
BA000001	638185544	156955	157311
BA000001	638185543	156798	157478
BA000001	638185542	155344	156801
BA000001	638185541	153270	155342
BA000001	638185540	152778	153266
BA000001	638186812	1145700	1147019
BA000001	638186813	1146217	1146546
BA000001	638187208	1429086	1429586
BA000001	638187209	1429593	1431305
BA000001	638187206	1427558	1428535
BA000001	638187207	1428708	1429094
BA000001	638187204	1426455	1426931
BA000001	638187205	1427035	1427586
BA000001	638187202	1424793	1425542
BA000001	638187203	1425689	1426474
BA000001	638187200	1422229	1423380
BA000001	638187201	1423424	1424767
BA000001	638186046	540820	542136
BA000001	638187189	1414938	1415165
BA000001	638186451	874337	874759
BA000001	638187444	1582521	1583585
BA000001	638187333	1511685	1512656
BA000001	638187330	1509659	1510651
BA000001	638187331	1510648	1511469
BA000001	638187336	1512954	1513307
BA000001	638187337	1513198	1514340
BA000001	638187442	1581414	1581965
BA000001	638187335	1512710	1513201
BA000001	638187181	1409649	1410443
BA000001	638187338	1514337	1515422
BA000001	638187339	1515618	1516139
BA000001	638187448	1586445	1587320
BA000001	638187449	1587289	1588146
BA000001	638186459	879668	880015
BA000001	638186885	1195800	1196267
BA000001	638186884	1194789	1195121
BA000001	638186793	1132501	1133619
BA000001	638186792	1131256	1132494
BA000001	638186791	1131237	1131662
BA000001	638186790	1130585	1131265
BA000001	638186797	1136700	1137164
BA000001	638186796	1135479	1136846
BA000001	638186795	1133643	1135496
BA000001	638186794	1132830	1133141
BA000001	638186799	1137220	1137504
BA000001	638186798	1136888	1137136
BA000001	638186889	1201259	1201675
BA000001	638186003	505399	506760
BA000001	638186550	953102	954685
BA000001	638186553	956312	957259
BA000001	638186664	1042749	1043804
BA000001	638186555	957261	958316
BA000001	638186006	508162	509598
BA000001	638186557	958303	958989
BA000001	638186004	507255	507770
BA000001	638186559	959659	960069
BA000001	638186558	959139	959627
BA000001	638187532	1646951	1647121
BA000001	638186008	509895	511232
BA000001	638187534	1647592	1649544
BA000001	638187535	1649541	1650305
BA000001	638187536	1650308	1651111
BA000001	638187537	1651169	1653376
BA000001	638187026	1304321	1304680
BA000001	638187027	1304421	1306184
BA000001	638187024	1303463	1303714
BA000001	638187025	1303714	1304238
BA000001	638187022	1302832	1303107
BA000001	638187023	1303104	1303466
BA000001	638187020	1301772	1302116
BA000001	638187021	1302113	1302838
BA000001	638186149	613652	614038
BA000001	638187028	1306190	1306468
BA000001	638187029	1306457	1307389
BA000001	638186045	539141	540817
BA000001	638185978	487280	488251
BA000001	638185979	488388	489101
BA000001	638185976	485856	486812
BA000001	638185977	486871	487278
BA000001	638185974	484097	485062
BA000001	638185975	485110	485871
BA000001	638185973	482823	484100
BA000001	638185970	481391	482479
BA000001	638186317	748114	748467
BA000001	638186316	747815	749005
BA000001	638187158	1395064	1395414
BA000001	638187159	1395534	1396538
BA000001	638186313	744287	746857
BA000001	638186312	742455	744170
BA000001	638186311	740660	742111
BA000001	638186310	740368	740667
BA000001	638187152	1389538	1390791
BA000001	638187153	1390798	1391946
BA000001	638187150	1389119	1389541
BA000001	638187151	1389177	1389569
BA000001	638187156	1393625	1394284
BA000001	638187157	1394257	1395057
BA000001	638187154	1391921	1393615
BA000001	638186318	748589	748921
BA000001	638186179	636129	636476
BA000001	638186178	635684	636097
BA000001	638186173	631580	632962
BA000001	638186172	631110	631595
BA000001	638186171	630643	631113
BA000001	638186170	630417	630674
BA000001	638186177	635471	635677
BA000001	638186176	634801	635274
BA000001	638186175	634155	634847
BA000001	638186174	632995	634104
BA000001	638186779	1122752	1123381
BA000001	638186778	1122059	1122418
BA000001	638186959	1259265	1259600
BA000001	638186958	1258787	1259815
BA000001	638186771	1116361	1117161
BA000001	638186770	1115897	1116364
BA000001	638186773	1119085	1120053
BA000001	638186772	1118831	1119088
BA000001	638186775	1120058	1120567
BA000001	638186950	1253211	1254116
BA000001	638186777	1121314	1121637
BA000001	638186776	1120581	1122764
BA000001	638186205	654710	655057
BA000001	638186402	822991	823569
BA000001	638185378	27751	28095
BA000001	638185379	28426	28764
BA000001	638185370	22130	22984
BA000001	638185371	23021	24301
BA000001	638185372	24471	25487
BA000001	638185373	25484	25759
BA000001	638185374	25760	25960
BA000001	638185375	26047	26880
BA000001	638185376	26884	27261
BA000001	638185377	27265	29130
BA000001	638185792	353963	354793
BA000001	638185793	354800	355666
BA000001	638185790	352968	353966
BA000001	638185791	353584	353982
BA000001	638185796	357949	358944
BA000001	638185797	358966	359655
BA000001	638185794	355663	356628
BA000001	638185795	356687	357874
BA000001	638185798	359034	359429
BA000001	638185799	359652	360536
BA000001	638185550	161431	161880
BA000001	638185551	161972	162904
BA000001	638185552	162987	163742
BA000001	638185553	163755	164510
BA000001	638185554	164578	165279
BA000001	638185555	165254	166375
BA000001	638185556	166409	166990
BA000001	638185557	166977	167546
BA000001	638185558	167543	167932
BA000001	638185559	167913	169814
BA000001	638186206	654931	655254
BA000001	638186421	842631	842975
BA000001	638186420	841367	843034
BA000001	638186351	775144	775629
BA000001	638186350	774782	775156
BA000001	638186357	781989	782321
BA000001	638186424	844479	845219
BA000001	638186427	846959	847786
BA000001	638186426	845811	846962
BA000001	638187233	1446598	1447026
BA000001	638187232	1446180	1446587
BA000001	638187231	1445924	1446130
BA000001	638187237	1447551	1448336
BA000001	638187235	1447033	1447395
BA000001	638187234	1446998	1447444
BA000001	638187239	1448408	1448716
BA000001	638187238	1448363	1448776
BA000001	638187501	1623740	1624700
BA000001	638187500	1622514	1623692
BA000001	638187503	1626279	1626803
BA000001	638187502	1624816	1626089
BA000001	638187505	1627675	1628013
BA000001	638187504	1626808	1627674
BA000001	638187507	1628135	1629565
BA000001	638186194	649344	650153
BA000001	638187506	1627741	1627944
BA000001	638187057	1326165	1326635
BA000001	638187508	1629566	1630462
BA000001	638187307	1491637	1492980
BA000001	638187306	1491273	1491617
BA000001	638187305	1490492	1491577
BA000001	638187304	1489766	1490488
BA000001	638187303	1489144	1489761
BA000001	638187302	1487775	1489112
BA000001	638187301	1487545	1487769
BA000001	638187300	1487107	1487532
BA000001	638187309	1493449	1494735
BA000001	638187308	1492980	1493378
BA000001	638187051	1323920	1324312
BA000001	638186589	983655	983972
BA000001	638187498	1620546	1622306
BA000001	638187497	1619692	1620264
BA000001	638187496	1619664	1620377
BA000001	638187495	1619118	1619630
BA000001	638187494	1618977	1619165
BA000001	638187493	1617791	1618798
BA000001	638187492	1616471	1617676
BA000001	638187491	1616136	1616474
BA000001	638187490	1615084	1615620
BA000001	638186784	1128468	1128773
BA000001	638186785	1128536	1128742
BA000001	638186786	1128879	1129421
BA000001	638186787	1129414	1130292
BA000001	638186780	1123392	1124447
BA000001	638186781	1124444	1125784
BA000001	638186782	1126020	1126823
BA000001	638186783	1126893	1128497
BA000001	638186788	1130337	1130534
BA000001	638186014	514648	515994
BA000001	638186015	516021	516635
BA000001	638186540	944833	945708
BA000001	638186541	945719	946981
BA000001	638186010	511209	511682
BA000001	638186011	511698	513116
BA000001	638186012	512725	513141
BA000001	638186013	513074	514423
BA000001	638187545	1658009	1658329
BA000001	638187544	1656906	1658012
BA000001	638187011	1293390	1294595
BA000001	638187546	1658420	1659265
BA000001	638187541	1654535	1654795
BA000001	638186019	518612	518881
BA000001	638187543	1655812	1656909
BA000001	638187542	1654914	1655762
BA000001	638185943	465016	465603
BA000001	638185942	463978	465036
BA000001	638185941	463170	463472
BA000001	638185940	462989	463930
BA000001	638185947	467161	468159
BA000001	638185946	466392	467150
BA000001	638185945	465582	466352
BA000001	638185944	465272	465607
BA000001	638185949	469318	469998
BA000001	638185948	468162	469163
BA000001	638186308	737987	739362
BA000001	638186309	739695	740378
BA000001	638186300	732020	733039
BA000001	638186301	733062	733532
BA000001	638186302	733602	733919
BA000001	638186303	734055	735713
BA000001	638186304	736352	736702
BA000001	638186305	736835	737137
BA000001	638187168	1400549	1401295
BA000001	638187167	1399872	1400498
BA000001	638187166	1399496	1399855
BA000001	638187165	1399014	1399877
BA000001	638187164	1398381	1398773
BA000001	638187163	1397978	1398958
BA000001	638186061	552484	553281
BA000001	638187161	1396993	1398018
BA000001	638187160	1396541	1396999
BA000001	638187324	1506553	1506840
BA000001	638186430	849914	850114
BA000001	638186168	629799	630200
BA000001	638186164	627900	629093
BA000001	638186165	627928	628233
BA000001	638186166	629121	629633
BA000001	638186167	629218	629775
BA000001	638186160	622822	624699
BA000001	638186161	624642	625961
BA000001	638186162	626071	626781
BA000001	638186163	626759	627853
BA000001	638185895	430533	430969
BA000001	638185894	430061	430354
BA000001	638185897	431889	432785
BA000001	638186769	1115074	1115862
BA000001	638185891	428195	428551
BA000001	638185890	428182	428801
BA000001	638185893	429245	429685
BA000001	638185892	428922	429248
BA000001	638186762	1109697	1110449
BA000001	638186947	1251656	1252579
BA000001	638186944	1247857	1248600
BA000001	638186761	1108863	1109702
BA000001	638186942	1246519	1247343
BA000001	638186767	1114123	1114512
BA000001	638186764	1111484	1112584
BA000001	638186765	1112581	1113276
BA000001	638185411	51688	51939
BA000001	638185410	50268	51704
BA000001	638185413	52532	52987
BA000001	638185412	51936	52535
BA000001	638185415	53313	53726
BA000001	638185414	53060	53296
BA000001	638185417	54238	54546
BA000001	638185416	53831	54595
BA000001	638185419	54655	55368
BA000001	638186638	1022570	1022767
BA000001	638186436	852909	853220
BA000001	638185902	434546	434968
BA000001	638186578	976628	977656
BA000001	638185525	138752	139480
BA000001	638185524	138075	138608
BA000001	638185527	140259	140807
BA000001	638185526	139690	141762
BA000001	638185521	136550	137587
BA000001	638185520	135823	136548
BA000001	638185523	137572	138060
BA000001	638185522	137179	137499
BA000001	638186633	1018648	1019238
BA000001	638185529	142244	143119
BA000001	638185528	141765	142247
BA000001	638186735	1089993	1090577
BA000001	638186734	1088663	1090024
BA000001	638186737	1091052	1091303
BA000001	638186067	556434	556802
BA000001	638187609	1700852	1702276
BA000001	638186731	1086781	1087092
BA000001	638186730	1086738	1086965
BA000001	638186733	1087887	1088666
BA000001	638187250	1455568	1455903
BA000001	638186732	1087089	1087841
BA000001	638185639	230899	231477
BA000001	638185638	230316	230936
BA000001	638185631	226063	226392
BA000001	638185630	225789	226496
BA000001	638185633	226992	228125
BA000001	638185632	226468	226995
BA000001	638185635	228180	228686
BA000001	638185634	227320	227634
BA000001	638185637	229485	230258
BA000001	638185636	228708	229439
BA000001	638186893	1204022	1204384
BA000001	638187606	1698319	1698852
BA000001	638187607	1698865	1699872
BA000001	638185719	295789	296103
BA000001	638187605	1697787	1698365
BA000001	638186926	1232911	1233441
BA000001	638186439	853806	854555
BA000001	638185715	291233	292549
BA000001	638187224	1442913	1443953
BA000001	638187225	1443085	1443393
BA000001	638187226	1443976	1444593
BA000001	638187227	1444597	1445622
BA000001	638187220	1440206	1440970
BA000001	638187221	1440815	1441153
BA000001	638187222	1440967	1441974
BA000001	638187223	1442005	1442889
BA000001	638187228	1445488	1445880
BA000001	638187229	1445629	1445802
BA000001	638187318	1501009	1501314
BA000001	638187319	1501413	1501829
BA000001	638186546	949690	951165
BA000001	638187310	1494776	1494988
BA000001	638187311	1495213	1496124
BA000001	638187312	1496117	1496824
BA000001	638187313	1496867	1497367
BA000001	638187314	1497832	1498860
BA000001	638187315	1498937	1500172
BA000001	638187316	1499656	1500027
BA000001	638187317	1500263	1501366
BA000001	638186547	951122	951334
BA000001	638187005	1288676	1289641
BA000001	638187480	1610039	1610461
BA000001	638187481	1610758	1611276
BA000001	638187482	1611273	1612502
BA000001	638187483	1612619	1612861
BA000001	638187484	1612858	1613157
BA000001	638187485	1613220	1613834
BA000001	638187486	1613831	1614592
BA000001	638187489	1614729	1615100
BA000001	638186577	975218	976570
BA000001	638186576	974190	975152
BA000001	638186575	972825	973427
BA000001	638186574	972700	973176
BA000001	638186573	971718	972782
BA000001	638187009	1291406	1293322
BA000001	638187558	1663929	1665119
BA000001	638186570	966163	968319
BA000001	638187004	1287475	1287777
BA000001	638187557	1663483	1663932
BA000001	638187006	1289638	1290048
BA000001	638187555	1662212	1663486
BA000001	638187000	1286349	1286870
BA000001	638187001	1286867	1287391
BA000001	638187550	1660471	1660656
BA000001	638187003	1287388	1288671
BA000001	638185954	473050	473361
BA000001	638185955	473648	474103
BA000001	638185956	474116	474349
BA000001	638185957	474362	475045
BA000001	638185950	470052	470798
BA000001	638185951	470870	471391
BA000001	638185952	471435	472412
BA000001	638185953	472454	473647
BA000001	638186685	1056404	1057480
BA000001	638186687	1057920	1058276
BA000001	638186686	1057588	1058361
BA000001	638186681	1054779	1055225
BA000001	638185959	475066	475347
BA000001	638186683	1055624	1055971
BA000001	638186682	1055266	1056381
BA000001	638186649	1028675	1029079
BA000001	638186379	800300	801187
BA000001	638186378	799163	799483
BA000001	638185991	495623	497236
BA000001	638186375	796433	798238
BA000001	638186374	794681	796426
BA000001	638186377	798778	799923
BA000001	638186376	798240	798725
BA000001	638186371	792066	793091
BA000001	638186370	791693	792022
BA000001	638186373	793491	794684
BA000001	638186372	793095	793463
BA000001	638187170	1401355	1401876
BA000001	638187171	1401860	1402588
BA000001	638187172	1402585	1403004
BA000001	638187173	1403080	1403916
BA000001	638187174	1403985	1405364
BA000001	638187175	1405316	1406569
BA000001	638187176	1406632	1407495
BA000001	638187177	1407500	1407856
BA000001	638187178	1407895	1408263
BA000001	638187179	1408270	1409064
BA000001	638185998	503209	503736
BA000001	638185999	503757	504362
BA000001	638187008	1290137	1291423
BA000001	638186572	969744	970073
BA000001	638186191	646332	647285
BA000001	638186190	645405	646202
BA000001	638186193	648116	649165
BA000001	638186192	647310	648146
BA000001	638186195	650322	650966
BA000001	638186571	968388	971588
BA000001	638186197	650978	651292
BA000001	638186196	650963	651589
BA000001	638186199	651582	652109
BA000001	638186198	651320	651772
BA000001	638187559	1665189	1665641
BA000001	638186201	652512	653060
BA000001	638186972	1270421	1271578
BA000001	638186971	1269411	1270409
BA000001	638186202	653048	654058
BA000001	638186977	1274052	1275083
BA000001	638186204	654565	655575
BA000001	638186975	1273569	1273958
BA000001	638186974	1272553	1273542
BA000001	638186757	1106347	1107108
BA000001	638186756	1105607	1106326
BA000001	638186755	1104633	1105610
BA000001	638186978	1275067	1276059
BA000001	638186753	1103757	1104326
BA000001	638186752	1103226	1103639
BA000001	638185888	424938	426485
BA000001	638185889	426585	428129
BA000001	638185402	44953	45636
BA000001	638185403	45642	46856
BA000001	638185400	43340	43672
BA000001	638185401	43855	44916
BA000001	638185407	48459	49151
BA000001	638185404	46933	47919
BA000001	638185405	47957	48268
BA000001	638187552	1661185	1661484
BA000001	638185408	49129	49635
BA000001	638185409	49770	50246
BA000001	638187553	1661447	1661788
BA000001	638186999	1285988	1286344
BA000001	638186998	1285497	1285928
BA000001	638186579	976879	977526
BA000001	638186991	1282524	1282775
BA000001	638186990	1282009	1282512
BA000001	638186993	1283190	1283384
BA000001	638186992	1282772	1283137
BA000001	638186995	1283673	1284116
BA000001	638186994	1283381	1283680
BA000001	638186997	1284463	1285995
BA000001	638186996	1284104	1284466
BA000001	638186315	747454	747746
BA000001	638185536	150357	150692
BA000001	638185537	151571	152524
BA000001	638185534	147582	148592
BA000001	638185535	148585	149268
BA000001	638185532	145071	146324
BA000001	638185533	146315	147610
BA000001	638185530	143121	143975
BA000001	638185531	143917	145074
BA000001	638185538	152197	152577
BA000001	638185539	152515	152781
BA000001	638186098	578681	579013
BA000001	638185628	225117	225692
BA000001	638185629	225346	225765
BA000001	638185622	221168	221761
BA000001	638185623	221758	222219
BA000001	638185621	220101	221153
BA000001	638185626	223183	224463
BA000001	638185627	224514	225137
BA000001	638185624	221822	223186
BA000001	638185625	222361	222678
BA000001	638186689	1058470	1058898
BA000001	638186688	1058358	1059218
BA000001	638186551	954696	955658
BA000001	638185958	475012	475536
BA000001	638186680	1053469	1054800
BA000001	638187369	1534971	1535498
BA000001	638187368	1533833	1534966
BA000001	638187365	1531622	1533070
BA000001	638187364	1530993	1531571
BA000001	638187367	1533570	1533836
BA000001	638187366	1533067	1533573
BA000001	638187361	1529580	1530071
BA000001	638187360	1529276	1529554
BA000001	638187362	1530068	1530721
BA000001	638186403	823646	824308
BA000001	638186632	1017613	1017924
BA000001	638186568	965413	965760
BA000001	638186569	965786	966097
BA000001	638186560	960042	960527
BA000001	638186561	961268	962455
BA000001	638186563	962884	963309
BA000001	638186564	963863	964210
BA000001	638186565	964250	964552
BA000001	638186566	964552	965058
BA000001	638186567	965184	965342
BA000001	638187563	1667711	1668019
BA000001	638187562	1666791	1667714
BA000001	638187561	1666245	1666733
BA000001	638187560	1665674	1666234
BA000001	638187567	1669738	1670094
BA000001	638187566	1669410	1669691
BA000001	638187565	1669397	1669630
BA000001	638187564	1668191	1669351
BA000001	638187012	1293575	1293919
BA000001	638187569	1670932	1671306
BA000001	638187568	1670091	1670954
BA000001	638187589	1682178	1682738
BA000001	638187588	1681774	1682103
BA000001	638187581	1677471	1678271
BA000001	638187580	1676870	1677490
BA000001	638187583	1678421	1679074
BA000001	638187582	1678231	1678437
BA000001	638187585	1679839	1681059
BA000001	638187584	1679068	1679805
BA000001	638187587	1681573	1681770
BA000001	638187586	1681125	1681598
BA000001	638186698	1064024	1064497
BA000001	638186699	1064490	1065386
BA000001	638186696	1063047	1063622
BA000001	638186697	1063795	1064031
BA000001	638186694	1061752	1062357
BA000001	638186695	1062655	1062864
BA000001	638186693	1061225	1061755
BA000001	638186690	1059322	1060698
BA000001	638186691	1060857	1061162
BA000001	638187072	1331885	1332982
BA000001	638187010	1293315	1293659
BA000001	638186368	790357	790686
BA000001	638186369	790825	791667
BA000001	638186366	788269	789222
BA000001	638186367	789231	790223
BA000001	638186364	786988	787431
BA000001	638186365	787559	788272
BA000001	638186362	785336	786439
BA000001	638186363	786552	786902
BA000001	638186360	784012	784869
BA000001	638186361	785108	785335
BA000001	638187105	1355633	1356343
BA000001	638187104	1355625	1356992
BA000001	638187107	1357171	1357503
BA000001	638187106	1356963	1357310
BA000001	638187101	1353719	1354174
BA000001	638187100	1353355	1353582
BA000001	638187103	1354563	1354964
BA000001	638187102	1354231	1355628
BA000001	638187109	1357445	1357855
BA000001	638186182	640426	641622
BA000001	638186183	641615	641914
BA000001	638186180	638408	639205
BA000001	638186181	639219	640406
BA000001	638186186	642933	643391
BA000001	638186187	643381	644547
BA000001	638186184	641948	642286
BA000001	638186185	642006	642932
BA000001	638186188	644221	644580
BA000001	638186189	644580	645404
BA000001	638186740	1093580	1094458
BA000001	638186965	1262904	1264859
BA000001	638186742	1095410	1096060
BA000001	638186967	1264864	1266186
BA000001	638186960	1259877	1260650
BA000001	638186217	662224	663297
BA000001	638186962	1261580	1262191
BA000001	638186963	1262273	1262896
BA000001	638186748	1099126	1100946
BA000001	638186749	1100965	1101636
BA000001	638186218	663338	663757
BA000001	638186219	663425	664819
BA000001	638187615	1708316	1709227
BA000001	638186969	1266197	1266877
BA000001	638187617	1709274	1710095
BA000001	638187616	1708708	1709100
BA000001	638185437	64301	64636
BA000001	638185436	63473	64321
BA000001	638185435	62874	63401
BA000001	638185434	62386	62877
BA000001	638185433	61884	62471
BA000001	638185432	61204	61794
BA000001	638185431	60580	61161
BA000001	638185430	59756	60583
BA000001	638185439	64664	65113
BA000001	638185438	64326	65411
BA000001	638186988	1280624	1281208
BA000001	638186989	1280789	1281799
BA000001	638186982	1276786	1277640
BA000001	638186983	1277854	1278549
BA000001	638186980	1276066	1276497
BA000001	638186981	1276451	1276795
BA000001	638186986	1279328	1280692
BA000001	638186987	1279922	1280299
BA000001	638186984	1278563	1279150
BA000001	638186985	1279143	1279331
BA000001	638185989	494414	494908
BA000001	638185988	493968	494435
BA000001	638185987	493048	493626
BA000001	638185986	492752	493951
BA000001	638185985	492257	492748
BA000001	638185984	491488	492255
BA000001	638185983	490833	491477
BA000001	638185982	489772	490776
BA000001	638185981	489134	489757
BA000001	638185980	488726	489076
BA000001	638185509	127153	127464
BA000001	638185503	124049	124405
BA000001	638185502	123512	123988
BA000001	638185501	123214	123528
BA000001	638185500	122111	123511
BA000001	638185506	125456	126427
BA000001	638185505	125025	125447
BA000001	638185504	124095	124964
BA000001	638186702	1067560	1067991
BA000001	638185619	218226	220031
BA000001	638185618	215281	218211
BA000001	638185615	213692	214996
BA000001	638185614	212335	213684
BA000001	638185613	211562	212278
BA000001	638185612	210755	211555
BA000001	638185611	210118	210810
BA000001	638185610	209415	210032
BA000001	638186973	1271562	1272551
BA000001	638186200	652088	652534
BA000001	638186203	654111	654578
BA000001	638186970	1267128	1269293
BA000001	638185882	420089	420655
BA000001	638185883	420573	421193
BA000001	638187332	1511504	1511668
BA000001	638185880	419352	420050
BA000001	638187445	1583680	1584297
BA000001	638186758	1107108	1108559
BA000001	638187446	1584299	1585105
BA000001	638187641	1730238	1730672
BA000001	638186209	657488	657862
BA000001	638187447	1585102	1586316
BA000001	638186208	656368	657495
BA000001	638187440	1579227	1579547
BA000001	638186979	1275266	1275571
BA000001	638187441	1580006	1581202
BA000001	638186754	1104368	1104583
BA000001	638187334	1512256	1512624
BA000001	638187443	1581958	1582524
BA000001	638186751	1102762	1103229
BA000001	638186750	1101605	1102765
BA000001	638187378	1540323	1540715
BA000001	638187379	1540528	1540908
BA000001	638187376	1539861	1540313
BA000001	638187377	1539906	1540439
BA000001	638187374	1538532	1539242
BA000001	638187375	1539239	1539859
BA000001	638187372	1537599	1538051
BA000001	638187373	1538053	1538520
BA000001	638187370	1535491	1536081
BA000001	638187371	1536159	1537565
BA000001	638186519	925276	926592
BA000001	638186518	923316	925139
BA000001	638186515	921907	923028
BA000001	638186514	921599	921910
BA000001	638186517	923029	923283
BA000001	638186516	922808	923116
BA000001	638186511	919714	920202
BA000001	638186510	919212	919709
BA000001	638186513	920801	921619
BA000001	638186512	920195	920740
BA000001	638187574	1674085	1674609
BA000001	638187575	1674723	1675280
BA000001	638187576	1675285	1675590
BA000001	638187577	1675594	1676172
BA000001	638187570	1670951	1672210
BA000001	638187571	1671395	1671841
BA000001	638187572	1672207	1673274
BA000001	638187573	1673271	1674671
BA000001	638187579	1676361	1676840
BA000001	638187598	1691800	1693251
BA000001	638187599	1692585	1692938
BA000001	638187592	1684225	1684548
BA000001	638187593	1684828	1685682
BA000001	638187590	1682780	1684066
BA000001	638187591	1684100	1684831
BA000001	638187596	1689458	1690081
BA000001	638187597	1690162	1691775
BA000001	638187594	1685732	1686046
BA000001	638187595	1685738	1689445
BA000001	638186353	777130	777492
BA000001	638186352	775716	776213
BA000001	638186423	844229	844438
BA000001	638186422	843055	844227
BA000001	638186425	845203	845811
BA000001	638186356	781694	782536
BA000001	638186355	779335	781701
BA000001	638186354	777852	779354
BA000001	638186429	849103	849891
BA000001	638186428	847814	849106
BA000001	638186359	782678	783064
BA000001	638186358	782593	784011
BA000001	638187116	1363682	1364083
BA000001	638187117	1363713	1364123
BA000001	638187114	1361697	1362959
BA000001	638187115	1362952	1363632
BA000001	638187112	1360160	1361185
BA000001	638187113	1361182	1361700
BA000001	638187110	1357839	1358900
BA000001	638187111	1358997	1360163
BA000001	638187118	1364107	1365363
BA000001	638187119	1365423	1365851
BA000001	638186713	1074572	1075375
BA000001	638186227	669865	670200
BA000001	638186226	669693	670298
BA000001	638186225	668520	669692
BA000001	638186736	1090562	1091092
BA000001	638186223	667666	668454
BA000001	638186222	666606	667679
BA000001	638186221	665767	666606
BA000001	638186220	664829	665770
BA000001	638187602	1696288	1696626
BA000001	638187603	1696804	1697487
BA000001	638187600	1693238	1694029
BA000001	638187601	1694060	1696177
BA000001	638186739	1092239	1093564
BA000001	638186738	1091300	1091971
BA000001	638187604	1697481	1697720
BA000001	638186228	670407	671138
BA000001	638186712	1074078	1074560
BA000001	638186964	1262506	1262835
BA000001	638186711	1073643	1074071
BA000001	638185990	494923	495621
BA000001	638186648	1027771	1028703
BA000001	638185992	496832	497413
BA000001	638185993	497238	498959
BA000001	638185994	498963	500888
BA000001	638185995	500869	501798
BA000001	638185996	501792	502178
BA000001	638185997	502175	503167
BA000001	638186641	1023675	1024235
BA000001	638186640	1023238	1023531
BA000001	638186643	1024717	1025229
BA000001	638186642	1024302	1024697
BA000001	638186645	1025515	1026471
BA000001	638186644	1025282	1025485
BA000001	638186647	1027610	1027915
BA000001	638186646	1026464	1027744
BA000001	638187538	1653450	1653683
BA000001	638185518	134127	134873
BA000001	638185519	134870	135823
BA000001	638187539	1653661	1654335
BA000001	638185514	129724	131031
BA000001	638185515	131139	132161
BA000001	638185516	132141	132863
BA000001	638185517	132860	134071
BA000001	638185510	127419	127922
BA000001	638185511	128154	128861
BA000001	638185512	128477	128797
BA000001	638185513	128847	129752
BA000001	638186552	955662	956315
BA000001	638186007	508448	508993
BA000001	638186554	956583	957206
BA000001	638186717	1076217	1076618
BA000001	638186005	507816	508160
BA000001	638186556	958033	958452
BA000001	638185429	58333	59703
BA000001	638187531	1646301	1646954
BA000001	638185420	55362	55574
BA000001	638185423	55789	56001
BA000001	638185424	55985	56971
BA000001	638186009	510215	510640
BA000001	638185426	57059	57753
BA000001	638185427	57813	58274
BA000001	638187533	1647298	1647570
BA000001	638185600	200211	200894
BA000001	638185601	200956	201906
BA000001	638185602	201899	203050
BA000001	638185603	203057	203647
BA000001	638185604	203644	204801
BA000001	638185605	204897	205808
BA000001	638185606	205862	206779
BA000001	638185607	206779	207942
BA000001	638185608	207932	208867
BA000001	638185609	208856	209428
BA000001	638186961	1260674	1261570
BA000001	638186714	1075372	1075620
BA000001	638187437	1577834	1578163
BA000001	638187436	1576698	1578188
BA000001	638187387	1543563	1543865
BA000001	638187438	1578188	1579042
BA000001	638186938	1243314	1243877
BA000001	638186431	850111	851556
BA000001	638187650	1735881	1736216
BA000001	638186385	809014	809442
BA000001	638187342	1517337	1517933
BA000001	638187341	1516551	1517210
BA000001	638187340	1515638	1516516
BA000001	638187347	1519507	1519812
BA000001	638187345	1518754	1519434
BA000001	638187344	1518242	1518682
BA000001	638187349	1521556	1523298
BA000001	638187348	1519827	1521575
BA000001	638186508	917551	917967
BA000001	638186509	918095	919222
BA000001	638186506	916329	916889
BA000001	638186507	916971	917546
BA000001	638186504	914876	916318
BA000001	638186505	916100	916585
BA000001	638186502	912779	913537
BA000001	638186503	913503	914801
BA000001	638186500	909186	910109
BA000001	638186501	910106	912727
BA000001	638187295	1484675	1485157
BA000001	638187294	1484572	1485630
BA000001	638187296	1485248	1485670
BA000001	638187291	1482403	1484115
BA000001	638187290	1481549	1482373
BA000001	638187292	1482802	1483107
BA000001	638187299	1486608	1487063
BA000001	638187298	1485841	1486611
BA000001	638185885	422855	423625
BA000001	638186708	1070627	1071013
BA000001	638186709	1071222	1072676
BA000001	638186432	851559	851831
BA000001	638186345	770499	772427
BA000001	638186346	772428	773224
BA000001	638186347	773360	774328
BA000001	638186340	765454	766533
BA000001	638186437	852956	853225
BA000001	638186434	852183	852671
BA000001	638186435	852652	852963
BA000001	638187123	1368289	1368654
BA000001	638187122	1367049	1368278
BA000001	638186438	853201	853806
BA000001	638186259	692536	694545
BA000001	638187127	1370203	1370655
BA000001	638187126	1369550	1370206
BA000001	638187125	1368655	1369496
BA000001	638186704	1068683	1069381
BA000001	638186705	1069522	1069911
BA000001	638186706	1069577	1070191
BA000001	638186700	1065889	1066320
BA000001	638186701	1066519	1067538
BA000001	638186250	684757	685566
BA000001	638186703	1068252	1068668
BA000001	638186238	677045	678289
BA000001	638186239	678310	678498
BA000001	638185853	395498	396508
BA000001	638185852	394398	395312
BA000001	638185855	397539	398897
BA000001	638185854	396505	397527
BA000001	638185857	400323	401342
BA000001	638185856	399161	400264
BA000001	638185859	402144	402974
BA000001	638186231	671454	671885
BA000001	638186232	671887	672495
BA000001	638186233	672492	674438
BA000001	638186234	674439	675812
BA000001	638186235	674848	675666
BA000001	638186236	675914	676247
BA000001	638186237	676234	677004
BA000001	638186726	1083967	1084530
BA000001	638186727	1084496	1084747
BA000001	638186724	1082769	1083884
BA000001	638186314	744809	745111
BA000001	638186722	1081742	1082605
BA000001	638186723	1082142	1082468
BA000001	638186720	1078706	1080787
BA000001	638187638	1727726	1728733
BA000001	638187637	1727015	1727734
BA000001	638187636	1726047	1727021
BA000001	638187635	1725037	1725918
BA000001	638187634	1723517	1725040
BA000001	638187633	1722826	1723512
BA000001	638187632	1722366	1722737
BA000001	638186728	1084751	1086736
BA000001	638187630	1720385	1722364
BA000001	638186658	1038736	1039533
BA000001	638186659	1039534	1040190
BA000001	638186652	1030814	1032670
BA000001	638186653	1032676	1034160
BA000001	638186650	1029166	1029561
BA000001	638186651	1029550	1030773
BA000001	638186656	1037151	1038512
BA000001	638186654	1034157	1035680
BA000001	638186655	1035604	1037100
BA000001	638185459	81918	82394
BA000001	638185458	80794	81621
BA000001	638185455	77892	79634
BA000001	638185454	77152	77895
BA000001	638185457	80205	80801
BA000001	638185456	79700	80161
BA000001	638185451	73130	74518
BA000001	638185450	72145	73149
BA000001	638185453	74624	77089
BA000001	638185452	74165	74524
BA000001	638185675	259979	260905
BA000001	638185674	259379	259825
BA000001	638185677	261443	261961
BA000001	638185676	260934	261446
BA000001	638185671	256545	257840
BA000001	638185673	258008	259204
BA000001	638185672	257056	257406
BA000001	638185679	262100	262378
BA000001	638185709	287351	287651
BA000001	638185708	286790	287113
BA000001	638187155	1393130	1393474
BA000001	638185701	281081	281575
BA000001	638185700	280092	282782
BA000001	638185703	284088	284240
BA000001	638185702	282779	283783
BA000001	638185705	284446	285063
BA000001	638185704	284098	284397
BA000001	638185707	285485	285796
BA000001	638185706	285077	285361
BA000001	638187623	1713544	1714941
BA000001	638187354	1525558	1525899
BA000001	638187355	1526679	1527599
BA000001	638187356	1527655	1528311
BA000001	638187357	1528292	1528561
BA000001	638187350	1523369	1524082
BA000001	638187351	1524220	1524555
BA000001	638187352	1524699	1525337
BA000001	638187353	1525451	1526698
BA000001	638187358	1528650	1529255
BA000001	638187359	1528868	1529242
BA000001	638186725	1083476	1083811
BA000001	638186895	1205808	1207907
BA000001	638186672	1047282	1047611
BA000001	638186897	1210365	1211102
BA000001	638186890	1202320	1202913
BA000001	638186675	1049993	1050790
BA000001	638186892	1203541	1203963
BA000001	638187628	1719289	1719837
BA000001	638186677	1050774	1052042
BA000001	638186533	939778	940770
BA000001	638186531	938212	938688
BA000001	638186530	936498	936866
BA000001	638186537	942744	943994
BA000001	638186536	941717	942739
BA000001	638186535	941285	941722
BA000001	638186534	940820	940993
BA000001	638186539	944275	944703
BA000001	638186538	943998	944828
BA000001	638186957	1258066	1258821
BA000001	638186956	1256193	1258021
BA000001	638186951	1254173	1255219
BA000001	638187286	1479596	1479949
BA000001	638187287	1480008	1480202
BA000001	638187284	1477964	1478926
BA000001	638187285	1478958	1479599
BA000001	638187282	1477035	1477814
BA000001	638186953	1255244	1255546
BA000001	638187280	1475049	1475363
BA000001	638187281	1475597	1477042
BA000001	638186952	1255137	1256018
BA000001	638187288	1480253	1481071
BA000001	638187289	1481062	1481562
BA000001	638186017	517930	518217
BA000001	638186721	1080791	1081144
BA000001	638186407	827793	828743
BA000001	638186406	827044	827757
BA000001	638186405	825855	826988
BA000001	638186404	824305	825885
BA000001	638187138	1380109	1380933
BA000001	638187139	1380926	1381675
BA000001	638186401	822447	822815
BA000001	638186400	821480	822454
BA000001	638187135	1379202	1379822
BA000001	638187130	1371406	1372599
BA000001	638187131	1372611	1375334
BA000001	638187132	1375338	1378691
BA000001	638187133	1378709	1378957
BA000001	638186399	820987	821304
BA000001	638186398	820719	821492
BA000001	638186397	820306	820722
BA000001	638186396	819928	820131
BA000001	638186395	819673	819991
BA000001	638186394	819458	819682
BA000001	638186393	817480	819450
BA000001	638186392	816212	817324
BA000001	638186391	815752	816231
BA000001	638186390	814257	814565
BA000001	638185842	384287	385456
BA000001	638185843	385464	386510
BA000001	638185840	381640	382938
BA000001	638185841	382935	384305
BA000001	638185846	388629	389006
BA000001	638185847	389043	389360
BA000001	638185844	386507	387829
BA000001	638185845	387835	389046
BA000001	638186245	682220	683452
BA000001	638186244	681807	682223
BA000001	638186247	683459	684403
BA000001	638185849	390444	391448
BA000001	638186241	679177	680352
BA000001	638186240	678666	679130
BA000001	638186243	680624	681817
BA000001	638186242	680349	680612
BA000001	638187620	1712047	1712823
BA000001	638187621	1712875	1713519
BA000001	638186089	572127	572591
BA000001	638185386	34626	35864
BA000001	638187624	1714938	1717832
BA000001	638187625	1717839	1718150
BA000001	638187626	1718147	1719259
BA000001	638187627	1719264	1719860
BA000001	638186083	568853	569200
BA000001	638186082	568254	568799
BA000001	638186081	567367	568176
BA000001	638186080	566527	566923
BA000001	638186087	571813	572040
BA000001	638186086	570254	571684
BA000001	638186085	569969	570253
BA000001	638186084	569194	569958
BA000001	638186876	1190465	1190842
BA000001	638186877	1190835	1191287
BA000001	638186883	1194219	1194587
BA000001	638186882	1194157	1196895
BA000001	638186881	1193729	1194103
BA000001	638186880	1192191	1193732
BA000001	638186887	1199145	1201220
BA000001	638186886	1196957	1199077
BA000001	638186669	1046503	1046709
BA000001	638186668	1046137	1046422
BA000001	638186667	1045498	1046169
BA000001	638186666	1044606	1045529
BA000001	638186665	1043894	1044604
BA000001	638186888	1201233	1202330
BA000001	638186663	1042214	1042756
BA000001	638186662	1041788	1042114
BA000001	638186661	1040899	1042104
BA000001	638186660	1040187	1040852
BA000001	638186869	1186454	1187527
BA000001	638186868	1185908	1186480
BA000001	638186861	1181713	1182636
BA000001	638186860	1181324	1181638
BA000001	638186863	1183431	1183985
BA000001	638186862	1182709	1183386
BA000001	638186865	1184711	1184914
BA000001	638186864	1183980	1184630
BA000001	638186867	1185386	1185847
BA000001	638186866	1184911	1185327
BA000001	638187457	1592180	1592788
BA000001	638185448	70531	71205
BA000001	638185449	71202	72212
BA000001	638185446	69749	70468
BA000001	638185447	69960	70367
BA000001	638185444	68418	69269
BA000001	638185445	69276	69752
BA000001	638185442	67211	67417
BA000001	638185443	67511	68356
BA000001	638185440	65408	66475
BA000001	638185441	66481	67203
BA000001	638186716	1075966	1076457
BA000001	638185666	250961	253660
BA000001	638185667	253657	255897
BA000001	638185664	249721	250479
BA000001	638185665	250588	250926
BA000001	638185662	248035	248877
BA000001	638185663	248882	249721
BA000001	638185660	245818	247344
BA000001	638185661	247514	248038
BA000001	638185668	254714	255046
BA000001	638185669	255971	256480
BA000001	638186344	769968	770414
BA000001	638186433	851834	852217
BA000001	638187129	1371103	1371402
BA000001	638185718	294860	297871
BA000001	638187128	1370657	1371094
BA000001	638185712	289030	289563
BA000001	638185713	289652	290413
BA000001	638185710	287740	289041
BA000001	638185711	288022	288351
BA000001	638185716	292551	293702
BA000001	638185717	293769	294863
BA000001	638185714	290416	291075
BA000001	638186341	766735	768507
BA000001	638186342	768646	769311
BA000001	638186343	769498	769971
BA000001	638187121	1366805	1367056
BA000001	638187120	1365861	1366799
BA000001	638186348	773550	773861
BA000001	638186349	774438	774746
BA000001	638187512	1633023	1634204
BA000001	638187041	1316698	1317432
BA000001	638187042	1317469	1318062
BA000001	638186818	1151949	1152518
BA000001	638187043	1318059	1318418
BA000001	638187516	1636547	1637554
BA000001	638185650	239671	239943
BA000001	638187514	1634721	1635197
BA000001	638187047	1319666	1320280
BA000001	638186819	1152000	1152944
BA000001	638186946	1249985	1251667
BA000001	638187002	1287037	1287342
BA000001	638186524	930087	930485
BA000001	638186525	930487	931197
BA000001	638186526	931279	932241
BA000001	638186527	931698	932030
BA000001	638186520	926216	926578
BA000001	638186521	926658	927908
BA000001	638186522	927996	928295
BA000001	638186523	928289	930085
BA000001	638186528	932238	933083
BA000001	638186529	936176	936892
BA000001	638186418	840113	841354
BA000001	638186419	841340	841672
BA000001	638186016	516693	517988
BA000001	638186410	831007	832374
BA000001	638186411	832145	832531
BA000001	638186412	832379	833773
BA000001	638186413	833770	834501
BA000001	638186414	834498	835682
BA000001	638186416	836122	837450
BA000001	638186417	837471	840110
BA000001	638187431	1572563	1573510
BA000001	638187430	1571182	1572573
BA000001	638187433	1574372	1574848
BA000001	638187432	1573590	1574375
BA000001	638187435	1575390	1576664
BA000001	638187434	1574826	1575305
BA000001	638187389	1544319	1544702
BA000001	638187388	1543984	1544334
BA000001	638187439	1579015	1580004
BA000001	638187386	1543553	1543987
BA000001	638187385	1543177	1543551
BA000001	638187384	1542446	1543177
BA000001	638187383	1541869	1542435
BA000001	638187382	1541693	1541863
BA000001	638187381	1541291	1541683
BA000001	638187380	1540726	1541289
BA000001	638186380	801279	803600
BA000001	638186381	803666	804568
BA000001	638186382	804671	806116
BA000001	638186384	806195	809017
BA000001	638186943	1247322	1247735
BA000001	638186386	809442	812759
BA000001	638186387	809779	810204
BA000001	638186388	812154	812480
BA000001	638186389	812756	815746
BA000001	638187556	1662796	1663230
BA000001	638185877	416567	418528
BA000001	638185876	415413	416471
BA000001	638185875	415320	415709
BA000001	638185874	414520	414927
BA000001	638185873	412378	412755
BA000001	638185872	412004	415387
BA000001	638185871	411605	411973
BA000001	638185870	410266	411615
BA000001	638186256	689332	690183
BA000001	638186257	690222	690446
BA000001	638186254	688699	689226
BA000001	638186707	1070458	1071210
BA000001	638186252	685694	687274
BA000001	638186253	687274	688698
BA000001	638185879	418930	419319
BA000001	638185878	418677	418927
BA000001	638187655	1738008	1738502
BA000001	638187654	1737773	1738099
BA000001	638187651	1736250	1737278
BA000001	638186099	579127	580554
BA000001	638187653	1737510	1737953
BA000001	638187652	1737284	1737943
BA000001	638186094	575837	576529
BA000001	638186095	576526	577620
BA000001	638186096	577657	578724
BA000001	638186097	577961	578872
BA000001	638186090	572657	573010
BA000001	638186091	572719	573939
BA000001	638186092	574015	574656
BA000001	638186093	575052	575840
BA000001	638185851	393190	394371
BA000001	638185850	391410	393179
BA000001	638187554	1661652	1662200
BA000001	638186894	1204381	1205811
BA000001	638186671	1046982	1048046
BA000001	638186896	1207907	1210357
BA000001	638186673	1048043	1049383
BA000001	638186674	1049380	1050003
BA000001	638186891	1202940	1203548
BA000001	638186676	1050309	1050806
BA000001	638185858	401374	402141
BA000001	638186678	1052043	1052678
BA000001	638186679	1052662	1053318
BA000001	638186898	1211057	1211332
BA000001	638185385	34155	34601
BA000001	638185384	31922	32230
BA000001	638186878	1191330	1191614
BA000001	638186879	1191611	1192204
BA000001	638185381	29955	31067
BA000001	638185380	29118	29939
BA000001	638185383	31100	32107
BA000001	638185382	29995	30318
BA000001	638186870	1187544	1188557
BA000001	638186871	1188613	1189818
BA000001	638185389	36423	36857
BA000001	638185388	35900	36838
BA000001	638186875	1190412	1190831
BA000001	638185473	93214	95781
BA000001	638185472	91202	91549
BA000001	638185471	89750	90253
BA000001	638185470	89247	93179
BA000001	638185477	99259	99951
BA000001	638185476	98172	99203
BA000001	638185475	97181	98131
BA000001	638185474	95788	97194
BA000001	638185479	100986	101333
BA000001	638185478	99908	101326
BA000001	638186334	759823	760227
BA000001	638185659	244350	245816
BA000001	638185658	243866	244210
BA000001	638187639	1727889	1728323
BA000001	638185653	240354	241307
BA000001	638185652	239998	240699
BA000001	638185651	239947	240357
BA000001	638186488	901340	901648
BA000001	638185657	242557	244239
BA000001	638185655	241909	242529
BA000001	638185654	241358	241801
BA000001	638185499	120965	122101
BA000001	638185498	119563	120690
BA000001	638186486	900174	901343
BA000001	638185490	113725	114528
BA000001	638185493	115205	115954
BA000001	638185492	114613	115269
BA000001	638185495	116081	116500
BA000001	638185494	115951	116733
BA000001	638185497	117826	119538
BA000001	638185496	116912	117814
BA000001	638187551	1660656	1661195
BA000001	638187631	1720722	1721069
BA000001	638186729	1085316	1085828
BA000001	638186018	518214	518615
BA000001	638186809	1141724	1142029
BA000001	638185351	2676	3500
BA000001	638185729	305210	305842
BA000001	638185728	304166	305173
BA000001	638185727	303552	304172
BA000001	638185726	302979	303497
BA000001	638185725	301824	303023
BA000001	638185724	300985	301809
BA000001	638185723	299765	300985
BA000001	638185722	299653	300027
BA000001	638185721	298808	299761
BA000001	638185720	297849	298811
BA000001	638186801	1137930	1138271
BA000001	638185359	9507	10409
BA000001	638187608	1699882	1700850
BA000001	638187162	1397667	1397981
BA000001	638187058	1326869	1327246
BA000001	638185886	423622	424182
BA000001	638186469	886414	886753
BA000001	638186468	885304	886374
BA000001	638186465	882212	883166
BA000001	638186467	884072	885148
BA000001	638186466	883180	884079
BA000001	638186461	881172	881813
BA000001	638186460	879735	880076
BA000001	638186462	881836	882147
BA000001	638185887	424183	424380
BA000001	638187390	1544588	1544887
BA000001	638187391	1544897	1545079
BA000001	638187420	1561823	1562464
BA000001	638187421	1562436	1565975
BA000001	638187394	1546205	1546603
BA000001	638187427	1567612	1568937
BA000001	638187396	1547345	1547605
BA000001	638187425	1566364	1567038
BA000001	638187398	1547612	1548379
BA000001	638187399	1548390	1549478
BA000001	638187428	1569021	1570247
BA000001	638187429	1570259	1571017
BA000001	638187645	1731484	1732992
BA000001	638185884	421190	422782
BA000001	638185868	408528	409100
BA000001	638185869	409090	410226
BA000001	638185860	402949	403278
BA000001	638185861	402971	404653
BA000001	638185862	404788	406074
BA000001	638185863	405225	405731
BA000001	638185864	406067	406726
BA000001	638185865	406790	406960
BA000001	638185866	406973	408157
BA000001	638185867	408187	408531
BA000001	638186263	698127	699122
BA000001	638186262	696635	696955
BA000001	638186261	695657	698107
BA000001	638186260	695065	695616
BA000001	638186267	701238	701951
BA000001	638186266	700377	701213
BA000001	638186265	699862	700380
BA000001	638186264	699106	699831
BA000001	638186269	702262	702474
BA000001	638186268	701948	702265
BA000001	638187646	1732993	1734342
BA000001	638187647	1734404	1735081
BA000001	638186063	554000	554593
BA000001	638186062	553247	553993
BA000001	638187642	1730659	1731375
BA000001	638186064	554667	554948
BA000001	638187640	1728730	1729899
BA000001	638186066	555178	557172
BA000001	638186069	559216	559677
BA000001	638186068	557169	559229
BA000001	638187649	1735232	1735702
BA000001	638186289	724170	724631
BA000001	638186288	723541	724140
BA000001	638186281	715555	717348
BA000001	638186280	714934	715380
BA000001	638186283	718373	719224
BA000001	638186282	717390	718361
BA000001	638186285	720205	721176
BA000001	638186284	719225	720208
BA000001	638186287	722330	723502
BA000001	638186286	721188	722333
BA000001	638186605	997369	998580
BA000001	638186604	995549	995950
BA000001	638186607	999230	1000525
BA000001	638186606	998592	999218
BA000001	638186601	992730	993095
BA000001	638186600	992012	993127
BA000001	638186603	994676	995107
BA000001	638186602	994207	997341
BA000001	638186609	1000991	1002433
BA000001	638186608	1000509	1000952
BA000001	638186258	690443	692539
BA000001	638187547	1658920	1659234
BA000001	638185396	41333	41674
BA000001	638185397	41765	42133
BA000001	638185394	38286	40853
BA000001	638185395	40862	41329
BA000001	638185392	37091	37720
BA000001	638185393	37717	38319
BA000001	638185390	36554	36976
BA000001	638185391	36814	37101
BA000001	638186847	1173127	1173957
BA000001	638186846	1172630	1173007
BA000001	638186845	1169984	1172566
BA000001	638186844	1169395	1169982
BA000001	638186843	1168060	1168590
BA000001	638186842	1167488	1167976
BA000001	638185398	42174	43871
BA000001	638186840	1165915	1166343
BA000001	638185464	85799	86599
BA000001	638185465	86594	88111
BA000001	638185466	87557	87859
BA000001	638185467	88073	88447
BA000001	638185460	82751	83305
BA000001	638185461	83005	83352
BA000001	638185462	83531	84880
BA000001	638185463	84867	85682
BA000001	638186111	591603	592241
BA000001	638186110	590779	591255
BA000001	638186113	592400	592765
BA000001	638186112	592153	592788
BA000001	638185468	88108	88527
BA000001	638185469	88584	89234
BA000001	638186117	593964	594713
BA000001	638186116	593795	593986
BA000001	638185648	238092	238976
BA000001	638185649	239020	239667
BA000001	638185645	235446	235982
BA000001	638185646	236056	237948
BA000001	638185647	236622	236987
BA000001	638185640	231731	233320
BA000001	638185641	233289	233621
BA000001	638185642	233383	234618
BA000001	638185643	234647	235390
BA000001	638185488	112548	112928
BA000001	638185489	112915	113676
BA000001	638185482	102690	106994
BA000001	638185483	103185	103514
BA000001	638185480	101337	102023
BA000001	638185481	102004	102639
BA000001	638185486	110939	111721
BA000001	638185487	111813	112538
BA000001	638185484	106985	108853
BA000001	638185485	108853	110166
BA000001	638187540	1654378	1654527
BA000001	638186493	904793	905782
BA000001	638185730	305875	306864
BA000001	638185731	306481	306825
BA000001	638185732	306877	309099
BA000001	638185733	307615	307962
BA000001	638185734	308110	308433
BA000001	638185735	309096	309608
BA000001	638185736	309618	310178
BA000001	638185737	309856	310200
BA000001	638185738	310231	310542
BA000001	638185739	310539	311072
BA000001	638186211	658186	659328
BA000001	638186495	905977	906405
BA000001	638186929	1235811	1236242
BA000001	638187619	1711265	1712050
BA000001	638187618	1710073	1711287
BA000001	638186251	685232	685594
BA000001	638187093	1347940	1348512
BA000001	638187092	1345449	1347962
BA000001	638187091	1344630	1345430
BA000001	638187090	1343308	1344633
BA000001	638187097	1351758	1353140
BA000001	638187096	1350753	1351664
BA000001	638187095	1349428	1350603
BA000001	638187094	1348496	1349428
BA000001	638187099	1353155	1353343
BA000001	638187098	1351937	1352386
BA000001	638187251	1456229	1456891
BA000001	638186047	542220	542714
BA000001	638187253	1457492	1457800
BA000001	638187252	1456888	1457718
BA000001	638187255	1458687	1459970
BA000001	638187254	1457719	1458501
BA000001	638187257	1460707	1461282
BA000001	638187256	1460031	1460756
BA000001	638187259	1461812	1462291
BA000001	638187258	1461279	1461833
BA000001	638186597	990074	991003
BA000001	638187069	1330381	1330812
BA000001	638186591	984399	984749
BA000001	638186042	536962	538140
BA000001	638186041	536203	536532
BA000001	638186040	535985	537004
BA000001	638186478	894520	895422
BA000001	638186476	892672	893601
BA000001	638186477	893663	894523
BA000001	638186474	891605	892048
BA000001	638186475	892031	892609
BA000001	638186472	889428	890819
BA000001	638186473	890990	891574
BA000001	638186470	886752	887220
BA000001	638186471	887950	889365
BA000001	638186921	1228269	1228595
BA000001	638187067	1329260	1330087
BA000001	638187417	1560298	1560774
BA000001	638187416	1559450	1559869
BA000001	638187415	1558680	1560353
BA000001	638187414	1558031	1558402
BA000001	638187413	1557371	1557772
BA000001	638187412	1557187	1558605
BA000001	638187411	1556474	1557190
BA000001	638187410	1556173	1556484
BA000001	638187419	1561147	1561752
BA000001	638187418	1560757	1561128
BA000001	638185819	370463	370630
BA000001	638185818	370081	370284
BA000001	638185815	368904	369125
BA000001	638185814	368626	368907
BA000001	638185817	369799	370071
BA000001	638185816	369061	369264
BA000001	638185811	366179	366540
BA000001	638185810	365650	366098
BA000001	638185813	366833	367033
BA000001	638185812	366392	366589
BA000001	638186274	707764	712638
BA000001	638186275	710570	710899
BA000001	638186276	712749	713180
BA000001	638186277	713237	713569
BA000001	638186270	703122	704138
BA000001	638186271	704123	705787
BA000001	638186272	705795	706745
BA000001	638186273	706759	707562
BA000001	638186278	713566	714393
BA000001	638186279	714390	714848
BA000001	638186072	561587	562744
BA000001	638186073	562799	563551
BA000001	638186070	559736	560212
BA000001	638186071	560268	561590
BA000001	638186076	564918	566197
BA000001	638186077	565145	565483
BA000001	638186074	563594	564481
BA000001	638186075	564478	564897
BA000001	638187071	1331221	1331919
BA000001	638187070	1330787	1331224
BA000001	638186078	566194	566349
BA000001	638186079	566256	566519
BA000001	638187075	1333783	1333998
BA000001	638187074	1333577	1333777
BA000001	638187077	1334530	1335123
BA000001	638187076	1334046	1334420
BA000001	638186298	731023	731388
BA000001	638186299	731548	732060
BA000001	638186759	1108440	1108889
BA000001	638186292	725976	726437
BA000001	638186293	727026	727274
BA000001	638186290	724637	724816
BA000001	638186291	724880	725986
BA000001	638186296	729355	730293
BA000001	638186297	730277	731026
BA000001	638186294	727288	727776
BA000001	638186295	727754	729133
BA000001	638187149	1388539	1389126
BA000001	638185921	447241	448266
BA000001	638185920	446487	447227
BA000001	638185923	448263	448727
BA000001	638185922	448241	449554
BA000001	638185925	449565	450704
BA000001	638185924	448935	449315
BA000001	638185927	451626	452075
BA000001	638185926	450815	451633
BA000001	638185929	452284	453735
BA000001	638185928	452078	452287
BA000001	638186616	1005027	1005926
BA000001	638186249	684382	684708
BA000001	638186614	1004413	1004670
BA000001	638186615	1004766	1004969
BA000001	638186612	1003353	1004381
BA000001	638186613	1004380	1004727
BA000001	638186610	1002555	1002938
BA000001	638186611	1002962	1003393
BA000001	638187530	1645436	1646254
BA000001	638186618	1006388	1006822
BA000001	638186619	1006865	1010923
BA000001	638186248	684360	684767
BA000001	638186850	1174957	1176648
BA000001	638186851	1176699	1176854
BA000001	638186852	1176939	1177235
BA000001	638186853	1177225	1177884
BA000001	638186854	1177923	1179083
BA000001	638186855	1179076	1179657
BA000001	638186856	1179706	1180392
BA000001	638186858	1180558	1180965
BA000001	638186859	1181018	1181317
BA000001	638186214	660150	660500
BA000001	638186108	588208	589878
BA000001	638186109	589890	591389
BA000001	638186102	582333	582641
BA000001	638186103	583551	583970
BA000001	638186100	580551	581504
BA000001	638186101	581497	584907
BA000001	638186106	586992	588038
BA000001	638186107	586995	587318
BA000001	638186104	584910	585986
BA000001	638186105	585983	586909
BA000001	638187064	1328742	1328975
BA000001	638185930	453887	455812
BA000001	638185931	455848	456840
BA000001	638185938	459685	460662
BA000001	638186620	1007400	1007807
BA000001	638185745	313928	314332
BA000001	638185744	313184	313507
BA000001	638185747	315500	315829
BA000001	638185746	314332	315498
BA000001	638185741	311386	311724
BA000001	638185740	311129	311950
BA000001	638185743	312724	313947
BA000001	638185742	311934	312653
BA000001	638185749	317058	318620
BA000001	638185748	315842	316954
BA000001	638186212	659325	661538
BA000001	638186741	1094455	1095282
BA000001	638186210	657843	658136
BA000001	638186743	1096143	1097375
BA000001	638186744	1097372	1098643
BA000001	638186745	1098544	1098897
BA000001	638186246	683208	683516
BA000001	638186746	1098621	1099037
BA000001	638186215	661535	662227
BA000001	638187611	1703536	1706061
BA000001	638187610	1702288	1703337
BA000001	638187613	1707324	1707653
BA000001	638187612	1706367	1707620
BA000001	638185899	433185	433862
BA000001	638186968	1265610	1265963
BA000001	638186000	504461	504943
BA000001	638187614	1707568	1708311
BA000001	638187079	1335379	1335687
BA000001	638187078	1335102	1335770
BA000001	638186487	901086	901424
BA000001	638187265	1466329	1466718
BA000001	638187084	1338268	1338591
BA000001	638187085	1338532	1338888
BA000001	638187086	1338890	1339636
BA000001	638187087	1339685	1341586
BA000001	638187080	1335739	1336185
BA000001	638187081	1336282	1337598
BA000001	638187082	1337718	1338089
BA000001	638187083	1338086	1338478
BA000001	638187088	1340191	1340517
BA000001	638187089	1341894	1343216
BA000001	638187243	1449874	1450470
BA000001	638187240	1448773	1449315
BA000001	638187241	1449326	1449772
BA000001	638187246	1452187	1453539
BA000001	638187247	1452474	1452797
BA000001	638187244	1450525	1451010
BA000001	638187245	1451070	1452074
BA000001	638187248	1453575	1454765
BA000001	638187249	1454834	1456255
BA000001	638186826	1157008	1158375
BA000001	638186443	856907	857758
BA000001	638186442	856111	856917
BA000001	638186441	855243	856130
BA000001	638186440	854633	855160
BA000001	638186447	860570	861073
BA000001	638186446	860113	873423
BA000001	638186445	859410	859754
BA000001	638186444	857789	860050
BA000001	638186449	868609	868974
BA000001	638186448	865949	866287
BA000001	638187408	1555102	1555572
BA000001	638187409	1555560	1556165
BA000001	638187400	1548651	1548959
BA000001	638187401	1549480	1550256
BA000001	638187402	1550396	1551253
BA000001	638187403	1551369	1551773
BA000001	638187404	1551828	1553027
BA000001	638187405	1553367	1553579
BA000001	638187406	1553649	1554458
BA000001	638187407	1554406	1555044
BA000001	638185808	364649	364972
BA000001	638185809	365084	365305
BA000001	638185806	363285	364316
BA000001	638185807	364291	364629
BA000001	638185804	361999	362433
BA000001	638185805	362444	362887
BA000001	638185802	361328	361540
BA000001	638185803	361559	362023
BA000001	638185800	360545	360967
BA000001	638185801	360948	361349
BA000001	638186595	988038	989042
BA000001	638186594	987226	988041
BA000001	638187068	1330122	1330790
BA000001	638186596	989055	990071
BA000001	638186043	538238	538654
BA000001	638186590	984182	984595
BA000001	638186593	986123	987163
BA000001	638186592	984688	985923
BA000001	638187063	1328351	1328770
BA000001	638187060	1327429	1328178
BA000001	638186599	991372	991683
BA000001	638186598	991005	992015
BA000001	638186049	544022	544444
BA000001	638186911	1221934	1222269
BA000001	638186910	1221202	1222209
BA000001	638186913	1222591	1223358
BA000001	638186912	1222274	1222567
BA000001	638186915	1223881	1225800
BA000001	638186914	1223394	1223840
BA000001	638186917	1226066	1226344
BA000001	638186916	1225797	1226063
BA000001	638186919	1226951	1227118
BA000001	638186918	1226376	1226840
BA000001	638185932	456844	457758
BA000001	638185933	457755	458729
BA000001	638186629	1016479	1016925
BA000001	638186628	1015758	1016420
BA000001	638185936	458758	459168
BA000001	638185937	459235	459648
BA000001	638185934	457790	458161
BA000001	638185935	458713	459678
BA000001	638186622	1011398	1012411
BA000001	638186621	1011048	1011395
BA000001	638185939	460656	462992
BA000001	638186626	1013967	1015715
BA000001	638186625	1013620	1013970
BA000001	638186624	1012511	1013623
BA000001	638187073	1332945	1333337
BA000001	638186542	946596	947108
BA000001	638186543	947329	948498
BA000001	638187019	1300288	1301775
BA000001	638186825	1155253	1156821
BA000001	638186824	1155242	1155583
BA000001	638186827	1157813	1158160
BA000001	638187018	1298438	1300291
BA000001	638186821	1153262	1154464
BA000001	638186820	1152941	1153192
BA000001	638186823	1154917	1155243
BA000001	638186822	1154471	1154920
BA000001	638187549	1659908	1660474
BA000001	638186829	1159636	1160514
BA000001	638186828	1158521	1159639
BA000001	638187548	1659331	1659867
BA000001	638186544	948033	948422
BA000001	638186545	948513	949676
BA000001	638186132	601806	602858
BA000001	638187013	1294592	1295212
BA000001	638186139	606483	607679
BA000001	638186138	606401	606724
BA000001	638186137	606150	606476
BA000001	638186136	605184	606128
BA000001	638186135	603994	605187
BA000001	638186134	603675	603992
BA000001	638186133	603084	603641
BA000001	638186548	951495	952007
BA000001	638186131	600623	601792
BA000001	638186130	600217	600621
