NC_015474	650830098	155614	156876
NC_015474	650830099	157158	158435
NC_015474	650830090	150643	151509
NC_015474	650830091	151514	151870
NC_015474	650830092	151906	152274
NC_015474	650830093	152281	153066
NC_015474	650830094	153105	153653
NC_015474	650830095	153650	154444
NC_015474	650830096	154441	154962
NC_015474	650830097	155083	155508
NC_015474	650831882	1804735	1806720
NC_015474	650831883	1806793	1807380
NC_015474	650830148	194133	194720
NC_015474	650830149	194790	195293
NC_015474	650830143	191814	192593
NC_015474	650830140	190871	191299
NC_015474	650830141	191306	191668
NC_015474	650830146	193587	194033
NC_015474	650830144	192624	193037
NC_015474	650830145	193034	193576
NC_015474	650830378	381433	381732
NC_015474	650830559	547788	548249
NC_015474	650830558	545916	547658
NC_015474	650830555	541185	542549
NC_015474	650830554	540203	541195
NC_015474	650830557	545173	545919
NC_015474	650830556	542753	545122
NC_015474	650830551	537821	538540
NC_015474	650830550	537355	537831
NC_015474	650830553	539257	540270
NC_015474	650830552	538544	539260
NC_015474	650830399	399082	399735
NC_015474	650830398	398465	399085
NC_015474	650830393	393219	394448
NC_015474	650830392	392591	393214
NC_015474	650830391	392130	392594
NC_015474	650830390	390798	392087
NC_015474	650830397	397739	398428
NC_015474	650830396	396735	397742
NC_015474	650830395	395708	396733
NC_015474	650830394	394454	395602
NC_015474	650829959	39056	40789
NC_015474	650829958	38791	39066
NC_015474	650829957	35887	38787
NC_015474	650829956	34957	35463
NC_015474	650829955	34706	34960
NC_015474	650829954	34347	34709
NC_015474	650829953	34066	34350
NC_015474	650829952	33361	34065
NC_015474	650829951	33020	33364
NC_015474	650829950	31539	33023
NC_015474	650831123	1087130	1089040
NC_015474	650830775	760188	761009
NC_015474	650830774	758997	760211
NC_015474	650830777	761936	762679
NC_015474	650830776	761017	761931
NC_015474	650830771	756758	757402
NC_015474	650830770	755348	756736
NC_015474	650830773	758242	759000
NC_015474	650830772	757469	758236
NC_015474	650830779	764187	766649
NC_015474	650830778	762636	763871
NC_015474	650831044	1015319	1016299
NC_015474	650831045	1016357	1017739
NC_015474	650831046	1017723	1018181
NC_015474	650831047	1018303	1018947
NC_015474	650831040	1010735	1012099
NC_015474	650831041	1012224	1012907
NC_015474	650831042	1012894	1013457
NC_015474	650831043	1013639	1015135
NC_015474	650831738	1663538	1664755
NC_015474	650831739	1664736	1665212
NC_015474	650831048	1019244	1021676
NC_015474	650831049	1021640	1022749
NC_015474	650830609	608317	608487
NC_015474	650830608	607704	608048
NC_015474	650831608	1550238	1551077
NC_015474	650831609	1551284	1551571
NC_015474	650830601	600365	601198
NC_015474	650830600	599397	600329
NC_015474	650831604	1547928	1548821
NC_015474	650830602	601200	602171
NC_015474	650830605	604586	605302
NC_015474	650831603	1547061	1547921
NC_015474	650831600	1545368	1545952
NC_015474	650831601	1545977	1546420
NC_015474	650830951	932377	933267
NC_015474	650831139	1101176	1104493
NC_015474	650830953	933863	935119
NC_015474	650830952	933273	933866
NC_015474	650830955	936130	937359
NC_015474	650830954	935100	936128
NC_015474	650830957	938731	939927
NC_015474	650830956	937325	938734
NC_015474	650830959	941081	942802
NC_015474	650830958	939924	941084
NC_015474	650831132	1094084	1094368
NC_015474	650831133	1094643	1095104
NC_015474	650831134	1095371	1096321
NC_015474	650831135	1096203	1097009
NC_015474	650831136	1097221	1097649
NC_015474	650831137	1097646	1098086
NC_015474	650831426	1359447	1360088
NC_015474	650831427	1360085	1360369
NC_015474	650831424	1358138	1358764
NC_015474	650831425	1358887	1359405
NC_015474	650831422	1357249	1357899
NC_015474	650831423	1357903	1358196
NC_015474	650831420	1356438	1356659
NC_015474	650831421	1356683	1357252
NC_015474	650831428	1360356	1361345
NC_015474	650831429	1361357	1361695
NC_015474	650831558	1504066	1506705
NC_015474	650831559	1506711	1507946
NC_015474	650831552	1491447	1491794
NC_015474	650831550	1490668	1491183
NC_015474	650831551	1491264	1491425
NC_015474	650831556	1501434	1502519
NC_015474	650831557	1502717	1504069
NC_015474	650831554	1497764	1500232
NC_015474	650831555	1500233	1501429
NC_015474	650830282	305274	305864
NC_015474	650830986	962849	963580
NC_015474	650830987	963592	964128
NC_015474	650830984	961406	962551
NC_015474	650831102	1069598	1069795
NC_015474	650830980	956011	957585
NC_015474	650831458	1391285	1392442
NC_015474	650831457	1390966	1391274
NC_015474	650831108	1074259	1075011
NC_015474	650830179	220292	221482
NC_015474	650830178	219450	220292
NC_015474	650830177	218932	219444
NC_015474	650830176	217778	218935
NC_015474	650830175	216936	217781
NC_015474	650830174	216394	216939
NC_015474	650830173	215243	216295
NC_015474	650830172	214780	215241
NC_015474	650830171	214247	214813
NC_015474	650830170	213684	214250
NC_015474	650830988	964139	965554
NC_015474	650831450	1384488	1385810
NC_015474	650830548	535491	536459
NC_015474	650830549	536498	537358
NC_015474	650830546	534580	535317
NC_015474	650830547	535310	535519
NC_015474	650830544	532338	533423
NC_015474	650830545	533420	534496
NC_015474	650830542	530632	531183
NC_015474	650830543	531476	532306
NC_015474	650830540	529645	530229
NC_015474	650830541	530138	530635
NC_015474	650831897	1815877	1816848
NC_015474	650831896	1814633	1815163
NC_015474	650831895	1814469	1814627
NC_015474	650831894	1813416	1813679
NC_015474	650830388	388353	389783
NC_015474	650830389	389784	390653
NC_015474	650831891	1812204	1812542
NC_015474	650831890	1811849	1812088
NC_015474	650830384	384142	384855
NC_015474	650830385	384958	386751
NC_015474	650830386	386854	388026
NC_015474	650830387	388037	388240
NC_015474	650830380	382400	383161
NC_015474	650830382	383483	383671
NC_015474	650830383	383624	384127
NC_015474	650829940	20879	21289
NC_015474	650829941	21374	22657
NC_015474	650829942	22644	24560
NC_015474	650829943	24635	25840
NC_015474	650829944	25837	26445
NC_015474	650829945	26451	27626
NC_015474	650829946	27636	28160
NC_015474	650829947	28157	28735
NC_015474	650829948	28746	29675
NC_015474	650829949	29679	31532
NC_015474	650831588	1530756	1532099
NC_015474	650830858	836183	836458
NC_015474	650830859	836442	837023
NC_015474	650830450	444934	445272
NC_015474	650830451	445394	445570
NC_015474	650830766	750259	750855
NC_015474	650830767	750861	751973
NC_015474	650830764	747755	749734
NC_015474	650830765	749748	750227
NC_015474	650830762	746588	747274
NC_015474	650830763	747436	747753
NC_015474	650830760	744199	745074
NC_015474	650830761	745071	746588
NC_015474	650830768	751970	752281
NC_015474	650830769	752288	755341
NC_015474	650831707	1639440	1640354
NC_015474	650831706	1639021	1639428
NC_015474	650831705	1638568	1638954
NC_015474	650831704	1637353	1638579
NC_015474	650831703	1635464	1637305
NC_015474	650831702	1633963	1635393
NC_015474	650831701	1632551	1633966
NC_015474	650831709	1641645	1642610
NC_015474	650831708	1640384	1641661
NC_015474	650831901	1820497	1822425
NC_015474	650831900	1818131	1820275
NC_015474	650831633	1571413	1572258
NC_015474	650831632	1570671	1571423
NC_015474	650831631	1569643	1570674
NC_015474	650830619	615488	616234
NC_015474	650831637	1574853	1575593
NC_015474	650831636	1573982	1574743
NC_015474	650831635	1572532	1573980
NC_015474	650831634	1572255	1572530
NC_015474	650830613	609523	610248
NC_015474	650830610	608718	609062
NC_015474	650831638	1575597	1576010
NC_015474	650830616	612528	613541
NC_015474	650830617	613521	614243
NC_015474	650830614	610222	611130
NC_015474	650830615	611102	612397
NC_015474	650830942	925391	925558
NC_015474	650831651	1585207	1586328
NC_015474	650830940	924091	925083
NC_015474	650830941	925084	925374
NC_015474	650831149	1113867	1115738
NC_015474	650831148	1112994	1113839
NC_015474	650830944	926284	927042
NC_015474	650831650	1583835	1584461
NC_015474	650831145	1110907	1111374
NC_015474	650831144	1109481	1110839
NC_015474	650831147	1111894	1112988
NC_015474	650831146	1111347	1111904
NC_015474	650831141	1104930	1107824
NC_015474	650831416	1354987	1355214
NC_015474	650831415	1353883	1354986
NC_015474	650831414	1351470	1353791
NC_015474	650831389	1326361	1326693
NC_015474	650831388	1325877	1326293
NC_015474	650831383	1319399	1319917
NC_015474	650831655	1589305	1590312
NC_015474	650831381	1318659	1318976
NC_015474	650831380	1317946	1318662
NC_015474	650831387	1322125	1325766
NC_015474	650831386	1321122	1321922
NC_015474	650831385	1320780	1321076
NC_015474	650831306	1249165	1250331
NC_015474	650831657	1591484	1592368
NC_015474	650831656	1590309	1591493
NC_015474	650831569	1516356	1517810
NC_015474	650831568	1516168	1516359
NC_015474	650831567	1514359	1515615
NC_015474	650831566	1513507	1514334
NC_015474	650831565	1512362	1513510
NC_015474	650831564	1511754	1512365
NC_015474	650831563	1511084	1511776
NC_015474	650831562	1510782	1511012
NC_015474	650831561	1509599	1510780
NC_015474	650831560	1507956	1509596
NC_015474	650831099	1068187	1068516
NC_015474	650831098	1067202	1068194
NC_015474	650831097	1066898	1067254
NC_015474	650831096	1066518	1066871
NC_015474	650831095	1065572	1066483
NC_015474	650831094	1064795	1065523
NC_015474	650831093	1064473	1064628
NC_015474	650831092	1064178	1064462
NC_015474	650831091	1063474	1064157
NC_015474	650831090	1063228	1063461
NC_015474	650830160	204704	205840
NC_015474	650830161	205955	206614
NC_015474	650830162	206611	207441
NC_015474	650830163	207438	208223
NC_015474	650830164	208409	209692
NC_015474	650830165	209631	210152
NC_015474	650830166	210130	211323
NC_015474	650830167	211289	211870
NC_015474	650830168	211855	212904
NC_015474	650830169	213008	213724
NC_015474	650831622	1562755	1563231
NC_015474	650830628	623212	623928
NC_015474	650830573	565879	566877
NC_015474	650830572	564907	565827
NC_015474	650830571	563466	564905
NC_015474	650830570	559656	563459
NC_015474	650830577	569756	570430
NC_015474	650830576	568341	569759
NC_015474	650830575	567692	568384
NC_015474	650830574	566864	567634
NC_015474	650831880	1802728	1803654
NC_015474	650831881	1803656	1804657
NC_015474	650830579	571109	576208
NC_015474	650830578	570427	571059
NC_015474	650831884	1807411	1808418
NC_015474	650831885	1808522	1808785
NC_015474	650831886	1808810	1809013
NC_015474	650831887	1809010	1809375
NC_015474	650830371	375392	376201
NC_015474	650830370	374417	375373
NC_015474	650830373	377605	378381
NC_015474	650830372	376206	377720
NC_015474	650830375	379328	379846
NC_015474	650830374	378630	379052
NC_015474	650830377	381191	381436
NC_015474	650830376	379843	381072
NC_015474	650830379	381771	382403
NC_015474	650830623	618899	619405
NC_015474	650830622	617840	618874
NC_015474	650829935	17241	17588
NC_015474	650829934	15707	17239
NC_015474	650829937	18111	18635
NC_015474	650829936	17593	18111
NC_015474	650829931	14622	14921
NC_015474	650829930	14371	14625
NC_015474	650829933	15357	15710
NC_015474	650829932	14914	15360
NC_015474	650829939	19917	20882
NC_015474	650829938	18632	19912
NC_015474	650831408	1345692	1345811
NC_015474	650830972	952064	952234
NC_015474	650830971	950597	950800
NC_015474	650830970	950196	950522
NC_015474	650830285	307816	308283
NC_015474	650830284	307362	307805
NC_015474	650830287	309001	309612
NC_015474	650830286	308294	309004
NC_015474	650830281	304754	305281
NC_015474	650830280	303624	304757
NC_015474	650830283	305918	307324
NC_015474	650831405	1341791	1343758
NC_015474	650830289	310085	310477
NC_015474	650830288	309623	310075
NC_015474	650831152	1117467	1118486
NC_015474	650831153	1118444	1119622
NC_015474	650831150	1115753	1116382
NC_015474	650831403	1340851	1341153
NC_015474	650830759	743096	744070
NC_015474	650830758	742374	743102
NC_015474	650830753	737145	738653
NC_015474	650830752	735798	737144
NC_015474	650830751	735075	735737
NC_015474	650830757	741387	742391
NC_015474	650830756	740224	741390
NC_015474	650830755	739451	739873
NC_015474	650830754	738751	739524
NC_015474	650830599	597717	599381
NC_015474	650830598	596109	597689
NC_015474	650830591	586952	588658
NC_015474	650830590	586038	586940
NC_015474	650830593	590071	591219
NC_015474	650830592	588687	589814
NC_015474	650830595	592640	593107
NC_015474	650830594	591248	592639
NC_015474	650830597	594714	595901
NC_015474	650830596	593279	594622
NC_015474	650831624	1564082	1565032
NC_015474	650831625	1565258	1566049
NC_015474	650831626	1566098	1566601
NC_015474	650831627	1566611	1567000
NC_015474	650831620	1561058	1561972
NC_015474	650831621	1561956	1562666
NC_015474	650830629	623897	624091
NC_015474	650831623	1563297	1564082
NC_015474	650830627	622400	623080
NC_015474	650830626	620794	622275
NC_015474	650830625	620100	620675
NC_015474	650830624	619454	620140
NC_015474	650831628	1567057	1567770
NC_015474	650831629	1567844	1568539
NC_015474	650830621	617166	617834
NC_015474	650830620	616207	617166
NC_015474	650830977	954673	955071
NC_015474	650830976	953774	953980
NC_015474	650830975	953522	953701
NC_015474	650830974	953457	953672
NC_015474	650830973	952386	953432
NC_015474	650831409	1346042	1346215
NC_015474	650831158	1122261	1122683
NC_015474	650831159	1122726	1126001
NC_015474	650831156	1120321	1120494
NC_015474	650831157	1120721	1122226
NC_015474	650831406	1343802	1345193
NC_015474	650831407	1345371	1345499
NC_015474	650831400	1337385	1338113
NC_015474	650831401	1338113	1339507
NC_015474	650831402	1339512	1340882
NC_015474	650831151	1116402	1117406
NC_015474	650831398	1335303	1336166
NC_015474	650831399	1336207	1337388
NC_015474	650831394	1330535	1331251
NC_015474	650831395	1331256	1331663
NC_015474	650831396	1331639	1332124
NC_015474	650831397	1332761	1335229
NC_015474	650831390	1326690	1327508
NC_015474	650831391	1327505	1327972
NC_015474	650831392	1328208	1328498
NC_015474	650831393	1328495	1329340
NC_015474	650831718	1649315	1649944
NC_015474	650831719	1649934	1650578
NC_015474	650831107	1073842	1074210
NC_015474	650831710	1642646	1642849
NC_015474	650831711	1642902	1643402
NC_015474	650831712	1643406	1643819
NC_015474	650831713	1643972	1645027
NC_015474	650831714	1645270	1646610
NC_015474	650831715	1646607	1647230
NC_015474	650831716	1647220	1648017
NC_015474	650831717	1648070	1649314
NC_015474	650831570	1517807	1518085
NC_015474	650831571	1518088	1518471
NC_015474	650831572	1518468	1518926
NC_015474	650831573	1518907	1519218
NC_015474	650831574	1519211	1519483
NC_015474	650831575	1519459	1520064
NC_015474	650831576	1520061	1520813
NC_015474	650831577	1520887	1521414
NC_015474	650831578	1521498	1522385
NC_015474	650831579	1522369	1523175
NC_015474	650831080	1054769	1055836
NC_015474	650831081	1055804	1056385
NC_015474	650831082	1056382	1057179
NC_015474	650831083	1057166	1057915
NC_015474	650831084	1057927	1058919
NC_015474	650831085	1058932	1059933
NC_015474	650831086	1060004	1060513
NC_015474	650831087	1060556	1061530
NC_015474	650831088	1061573	1062766
NC_015474	650831089	1062767	1063210
NC_015474	650830115	170833	172548
NC_015474	650830114	170308	170814
NC_015474	650830117	173914	174369
NC_015474	650830116	172611	173870
NC_015474	650830111	168565	169347
NC_015474	650830110	167678	168427
NC_015474	650830113	169924	170316
NC_015474	650830112	169341	169817
NC_015474	650830119	175160	176284
NC_015474	650830118	174473	175165
NC_015474	650830029	99318	100484
NC_015474	650830028	98159	99205
NC_015474	650830021	93659	93886
NC_015474	650830020	93459	93647
NC_015474	650830023	94537	95949
NC_015474	650830022	94024	94482
NC_015474	650830025	97289	97627
NC_015474	650830024	95936	97312
NC_015474	650830027	97772	98116
NC_015474	650831106	1072587	1073852
NC_015474	650830564	551346	552290
NC_015474	650830565	552207	553061
NC_015474	650830566	553056	554564
NC_015474	650830567	554570	554980
NC_015474	650830560	548357	549238
NC_015474	650830561	549328	549420
NC_015474	650830562	549452	550006
NC_015474	650830563	550016	551353
NC_015474	650830568	555075	555716
NC_015474	650830569	555729	559619
NC_015474	650830362	367772	368053
NC_015474	650830363	368143	370530
NC_015474	650830360	365409	366845
NC_015474	650830361	367103	367768
NC_015474	650830366	371330	371830
NC_015474	650830367	371934	372815
NC_015474	650830364	370612	370854
NC_015474	650830365	370851	371276
NC_015474	650831037	1008533	1009054
NC_015474	650830368	372812	373630
NC_015474	650830369	373617	374420
NC_015474	650829926	12044	13036
NC_015474	650829927	13259	13762
NC_015474	650829924	9876	10574
NC_015474	650829925	10584	11948
NC_015474	650829922	8489	8803
NC_015474	650829923	8804	9661
NC_015474	650829920	7126	8118
NC_015474	650829921	8122	8514
NC_015474	650829928	13759	14013
NC_015474	650829929	14010	14378
NC_015474	650831039	1009840	1010475
NC_015474	650830296	313316	313741
NC_015474	650830297	313747	314088
NC_015474	650830294	312209	312940
NC_015474	650830295	312940	313305
NC_015474	650830292	311457	311627
NC_015474	650830293	311631	312197
NC_015474	650830290	310488	311042
NC_015474	650830291	311053	311445
NC_015474	650830298	314082	314465
NC_015474	650830299	314351	314647
NC_015474	650830748	733999	734325
NC_015474	650830749	734332	734805
NC_015474	650830744	731233	731691
NC_015474	650830745	731703	732197
NC_015474	650830746	732268	732918
NC_015474	650830747	732924	733952
NC_015474	650830740	729074	729352
NC_015474	650830741	729382	729798
NC_015474	650830742	729866	730984
NC_015474	650830743	731043	731228
NC_015474	650830588	584344	585093
NC_015474	650830589	585090	585872
NC_015474	650830582	580110	580883
NC_015474	650830583	580955	581683
NC_015474	650830580	576208	578064
NC_015474	650830581	578064	579323
NC_015474	650830586	582884	583675
NC_015474	650830587	583701	584399
NC_015474	650830584	581693	582073
NC_015474	650830585	582063	582818
NC_015474	650830630	624088	625269
NC_015474	650830631	625253	626026
NC_015474	650830632	626023	626937
NC_015474	650830633	626991	627440
NC_015474	650830634	627534	628460
NC_015474	650830635	628553	629299
NC_015474	650830636	629312	630067
NC_015474	650830637	630110	630802
NC_015474	650830638	630786	631898
NC_015474	650830639	631932	632519
NC_015474	650831163	1128280	1129137
NC_015474	650831162	1127431	1128168
NC_015474	650831161	1126641	1127387
NC_015474	650831160	1126081	1126572
NC_015474	650831167	1131474	1132214
NC_015474	650831166	1130731	1131477
NC_015474	650831165	1130248	1130625
NC_015474	650831164	1129134	1130126
NC_015474	650831169	1132878	1133159
NC_015474	650831168	1132221	1132787
NC_015474	650831361	1298950	1300182
NC_015474	650831360	1298531	1298953
NC_015474	650831363	1301089	1301496
NC_015474	650831362	1300188	1301132
NC_015474	650831365	1302446	1303999
NC_015474	650831364	1301486	1302283
NC_015474	650831367	1305419	1305940
NC_015474	650831366	1304045	1305418
NC_015474	650831369	1306865	1307152
NC_015474	650831368	1306056	1306868
NC_015474	650831737	1662883	1663476
NC_015474	650831769	1699849	1700688
NC_015474	650831768	1697954	1699879
NC_015474	650831765	1695848	1696168
NC_015474	650831764	1695575	1696084
NC_015474	650831767	1697226	1697957
NC_015474	650831766	1696165	1697214
NC_015474	650831761	1686478	1687908
NC_015474	650831760	1683496	1686468
NC_015474	650831763	1694602	1695570
NC_015474	650831762	1694344	1694601
NC_015474	650831505	1436536	1437633
NC_015474	650831504	1435530	1435994
NC_015474	650831507	1440777	1443449
NC_015474	650831506	1437691	1440780
NC_015474	650831501	1432065	1433069
NC_015474	650831500	1431202	1432068
NC_015474	650831503	1434056	1435483
NC_015474	650831502	1433219	1434055
NC_015474	650831509	1443844	1447023
NC_015474	650831508	1443461	1443844
NC_015474	650831735	1660229	1660987
NC_015474	650830968	949473	949697
NC_015474	650830969	949898	949936
NC_015474	650830960	942872	944227
NC_015474	650830961	944224	945753
NC_015474	650830962	945794	947137
NC_015474	650830963	947369	947785
NC_015474	650830964	947782	948012
NC_015474	650830965	948216	948518
NC_015474	650830966	948642	948860
NC_015474	650830967	948998	949204
NC_015474	650831732	1658891	1659253
NC_015474	650831733	1659353	1659562
NC_015474	650831730	1657898	1658446
NC_015474	650831219	1179315	1179998
NC_015474	650831218	1178750	1179388
NC_015474	650831731	1658591	1658884
NC_015474	650831211	1169024	1171510
NC_015474	650831736	1660982	1662787
NC_015474	650831213	1172596	1173513
NC_015474	650831212	1171522	1172589
NC_015474	650831215	1174809	1176479
NC_015474	650831214	1173594	1174643
NC_015474	650831217	1178203	1178841
NC_015474	650831216	1176490	1177989
NC_015474	650831189	1151340	1151822
NC_015474	650831188	1149977	1151329
NC_015474	650831734	1659551	1660174
NC_015474	650831181	1144319	1145527
NC_015474	650831183	1145794	1146195
NC_015474	650831182	1145528	1145797
NC_015474	650831185	1146383	1147711
NC_015474	650831184	1146199	1146474
NC_015474	650831187	1148418	1149764
NC_015474	650831186	1147769	1148374
NC_015474	650830106	162750	162998
NC_015474	650830107	162991	163344
NC_015474	650830104	161394	161789
NC_015474	650830105	161971	162753
NC_015474	650830102	159221	159844
NC_015474	650830103	159886	161397
NC_015474	650830100	158399	158917
NC_015474	650830101	158921	159148
NC_015474	650830108	163377	166127
NC_015474	650830109	166459	167610
NC_015474	650831640	1576390	1577787
NC_015474	650830038	106400	106828
NC_015474	650830039	106838	107773
NC_015474	650830032	102008	103276
NC_015474	650830033	103269	103994
NC_015474	650830030	100481	101512
NC_015474	650830031	101509	102021
NC_015474	650830036	104556	105011
NC_015474	650830037	105075	106340
NC_015474	650830034	103991	104338
NC_015474	650830035	104354	104554
NC_015474	650830357	362746	363675
NC_015474	650830356	362072	362671
NC_015474	650829919	6114	7142
NC_015474	650829918	5640	6017
NC_015474	650830353	360331	360594
NC_015474	650830352	359167	360303
NC_015474	650830351	358910	359170
NC_015474	650830350	358030	358935
NC_015474	650829913	1860542	1861320
NC_015474	650829917	4630	5613
NC_015474	650829916	3638	4618
NC_015474	650829915	2488	3645
NC_015474	650829914	1474	2472
NC_015474	650830809	791864	793177
NC_015474	650831606	1549133	1549567
NC_015474	650831607	1549519	1550127
NC_015474	650830533	523550	523945
NC_015474	650830603	602173	603204
NC_015474	650831849	1771393	1771935
NC_015474	650831602	1546404	1546973
NC_015474	650830604	603868	604584
NC_015474	650830607	606574	607572
NC_015474	650830606	605710	606513
NC_015474	650831138	1098159	1101179
NC_015474	650830950	931951	932307
NC_015474	650831843	1767611	1768177
NC_015474	650830645	637183	637755
NC_015474	650830644	636744	637211
NC_015474	650830647	638606	639796
NC_015474	650830646	637949	638266
NC_015474	650830641	633398	634432
NC_015474	650830640	632500	633063
NC_015474	650830643	635611	636675
NC_015474	650830642	634380	635561
NC_015474	650830649	640983	641852
NC_015474	650830648	639871	640965
NC_015474	650831174	1139008	1139487
NC_015474	650831175	1139549	1140868
NC_015474	650831176	1140851	1142017
NC_015474	650831177	1142071	1142823
NC_015474	650831171	1133539	1135374
NC_015474	650831172	1135371	1138526
NC_015474	650831173	1138513	1139007
NC_015474	650831178	1142866	1143753
NC_015474	650831179	1143762	1144199
NC_015474	650831372	1311262	1311453
NC_015474	650831373	1311491	1311685
NC_015474	650831370	1307152	1309236
NC_015474	650831371	1309223	1311256
NC_015474	650831376	1314855	1315850
NC_015474	650831377	1315843	1316559
NC_015474	650831374	1311796	1312341
NC_015474	650831375	1312382	1314835
NC_015474	650831378	1316590	1317129
NC_015474	650831379	1317104	1317940
NC_015474	650831778	1709652	1710464
NC_015474	650831779	1710541	1712151
NC_015474	650831776	1706860	1707915
NC_015474	650831777	1707912	1709552
NC_015474	650831774	1704023	1706233
NC_015474	650831775	1706199	1706855
NC_015474	650831772	1702153	1702818
NC_015474	650831773	1702854	1703966
NC_015474	650831770	1700689	1701696
NC_015474	650831771	1701696	1702055
NC_015474	650830821	801991	802911
NC_015474	650830820	801686	801994
NC_015474	650830823	803467	804027
NC_015474	650830822	802968	803456
NC_015474	650830825	804608	805798
NC_015474	650830824	804061	804513
NC_015474	650830827	806247	807509
NC_015474	650830826	805795	806244
NC_015474	650830829	808081	808236
NC_015474	650830828	807522	808070
NC_015474	650831036	1007193	1007585
NC_015474	650831516	1455130	1456272
NC_015474	650831517	1456250	1457593
NC_015474	650831514	1453487	1454026
NC_015474	650831515	1453993	1454949
NC_015474	650831512	1451364	1452821
NC_015474	650831513	1453255	1453530
NC_015474	650831510	1447381	1448787
NC_015474	650831786	1718675	1719361
NC_015474	650831518	1457607	1458866
NC_015474	650831519	1458872	1459246
NC_015474	650830919	899173	900678
NC_015474	650830918	897837	899030
NC_015474	650830915	894536	894703
NC_015474	650830914	893366	893740
NC_015474	650830917	896221	897588
NC_015474	650830916	894727	896139
NC_015474	650830911	892382	892933
NC_015474	650830910	891250	892299
NC_015474	650830913	893145	893399
NC_015474	650830912	892930	893160
NC_015474	650831208	1166207	1166542
NC_015474	650831209	1166665	1168083
NC_015474	650831202	1161560	1162198
NC_015474	650831203	1162198	1162311
NC_015474	650831200	1159587	1160258
NC_015474	650831201	1160265	1161482
NC_015474	650831206	1164071	1165168
NC_015474	650831207	1165186	1166253
NC_015474	650831204	1162585	1163373
NC_015474	650831205	1163383	1164060
NC_015474	650831198	1157784	1159214
NC_015474	650831199	1159354	1159581
NC_015474	650831192	1154653	1154976
NC_015474	650831193	1154981	1155745
NC_015474	650831190	1151790	1153115
NC_015474	650831191	1153215	1154642
NC_015474	650831196	1156736	1157500
NC_015474	650831197	1157500	1157787
NC_015474	650831194	1155810	1156355
NC_015474	650831195	1156395	1156742
NC_015474	650830978	955052	955465
NC_015474	650830139	190453	190860
NC_015474	650830138	190198	190395
NC_015474	650830133	187182	188216
NC_015474	650830132	186272	187150
NC_015474	650830131	185606	185800
NC_015474	650830130	184595	185428
NC_015474	650830136	189904	190077
NC_015474	650830135	188872	189897
NC_015474	650830134	188249	188866
NC_015474	650830009	78707	80611
NC_015474	650830008	78303	78659
NC_015474	650830007	77866	78249
NC_015474	650830006	77487	77861
NC_015474	650830005	76690	77454
NC_015474	650830004	75696	76685
NC_015474	650830003	75239	75691
NC_015474	650830002	73850	75181
NC_015474	650830001	73296	73727
NC_015474	650830000	72665	73327
NC_015474	650831653	1586764	1588029
NC_015474	650831589	1532577	1533200
NC_015474	650830348	356328	357200
NC_015474	650830349	357190	358029
NC_015474	650830340	349197	350369
NC_015474	650830341	350491	351330
NC_015474	650830342	351260	351811
NC_015474	650830343	351804	352361
NC_015474	650830344	352368	353408
NC_015474	650830345	353521	354138
NC_015474	650830346	354140	354955
NC_015474	650830347	354952	356157
NC_015474	650831404	1341178	1341684
NC_015474	650831839	1764982	1766151
NC_015474	650831838	1764290	1764943
NC_015474	650831831	1759993	1760691
NC_015474	650831830	1759115	1759996
NC_015474	650831833	1761146	1761364
NC_015474	650831835	1762057	1763745
NC_015474	650831834	1761324	1761905
NC_015474	650831837	1764007	1764300
NC_015474	650831836	1763764	1763919
NC_015474	650830355	361763	362080
NC_015474	650830656	647855	649183
NC_015474	650830657	649171	650013
NC_015474	650830654	647008	647427
NC_015474	650830655	647424	647636
NC_015474	650830652	644552	645778
NC_015474	650830653	646053	647018
NC_015474	650830650	641852	642790
NC_015474	650830651	642791	644425
NC_015474	650830658	650088	651275
NC_015474	650830659	651272	651784
NC_015474	650831347	1286845	1287297
NC_015474	650831346	1284376	1286574
NC_015474	650831697	1629735	1630196
NC_015474	650831344	1281951	1283429
NC_015474	650831343	1281126	1281311
NC_015474	650831690	1624176	1624427
NC_015474	650831341	1280267	1280467
NC_015474	650831340	1279742	1279966
NC_015474	650831699	1631581	1632378
NC_015474	650831698	1630152	1631558
NC_015474	650831349	1288596	1289204
NC_015474	650831348	1287275	1288606
NC_015474	650831743	1668218	1668517
NC_015474	650831742	1666441	1668171
NC_015474	650831741	1665718	1666380
NC_015474	650831740	1665214	1665660
NC_015474	650831747	1671247	1674735
NC_015474	650831746	1670773	1671120
NC_015474	650831745	1669756	1670769
NC_015474	650831744	1668514	1669623
NC_015474	650831749	1675204	1675653
NC_015474	650831748	1674757	1675194
NC_015474	650830832	809062	809247
NC_015474	650830833	809244	809810
NC_015474	650831529	1469108	1469899
NC_015474	650830831	808511	809062
NC_015474	650830836	811388	811693
NC_015474	650830837	811698	812822
NC_015474	650830834	809850	810386
NC_015474	650830835	810451	811296
NC_015474	650831523	1463222	1463983
NC_015474	650831522	1462676	1463290
NC_015474	650831521	1460148	1462556
NC_015474	650831520	1459720	1460151
NC_015474	650831527	1466792	1467955
NC_015474	650831526	1465623	1466795
NC_015474	650831525	1464872	1465486
NC_015474	650831524	1464379	1464717
NC_015474	650830948	930711	931001
NC_015474	650830949	930992	931954
NC_015474	650830908	889122	890312
NC_015474	650830909	890309	891199
NC_015474	650830906	886709	887032
NC_015474	650830907	887070	888953
NC_015474	650830904	885230	886549
NC_015474	650830905	886542	886703
NC_015474	650830902	884387	884797
NC_015474	650830903	884801	885067
NC_015474	650830900	881624	882736
NC_015474	650830901	882831	884408
NC_015474	650831239	1193071	1194258
NC_015474	650831238	1192742	1193059
NC_015474	650831237	1191778	1192713
NC_015474	650831236	1190567	1191772
NC_015474	650831235	1190239	1190556
NC_015474	650831234	1189649	1190206
NC_015474	650831233	1188357	1189409
NC_015474	650831232	1187180	1188346
NC_015474	650831231	1186774	1187178
NC_015474	650831230	1186300	1186749
NC_015474	650830508	500207	500401
NC_015474	650830128	183674	184129
NC_015474	650830129	184161	184598
NC_015474	650830124	179789	180220
NC_015474	650830125	180264	181943
NC_015474	650830126	181940	182704
NC_015474	650830127	182701	183702
NC_015474	650830120	176290	177546
NC_015474	650830121	177804	178916
NC_015474	650830122	178827	179384
NC_015474	650830123	179384	179662
NC_015474	650830010	80674	81960
NC_015474	650830011	82063	83382
NC_015474	650830012	83652	84971
NC_015474	650830013	84968	85765
NC_015474	650830014	85762	88272
NC_015474	650830015	88272	88823
NC_015474	650830016	88816	89742
NC_015474	650830017	89739	91007
NC_015474	650830018	91083	91982
NC_015474	650830019	92077	93462
NC_015474	650830979	955709	956050
NC_015474	650830339	348207	349196
NC_015474	650830338	347380	348240
NC_015474	650830335	344039	344533
NC_015474	650830334	343600	344076
NC_015474	650830337	345902	347383
NC_015474	650830336	344474	345856
NC_015474	650830331	340390	341781
NC_015474	650830330	339477	340238
NC_015474	650830333	342808	343587
NC_015474	650830332	341771	342721
NC_015474	650831695	1627479	1628555
NC_015474	650831694	1626656	1627528
NC_015474	650831345	1283658	1284347
NC_015474	650831696	1628613	1629701
NC_015474	650831691	1624402	1624950
NC_015474	650831342	1280464	1281015
NC_015474	650831692	1625040	1626164
NC_015474	650830483	478702	478998
NC_015474	650830482	478490	478699
NC_015474	650830481	477578	478405
NC_015474	650830480	475722	477578
NC_015474	650830487	480360	480509
NC_015474	650830486	479732	480355
NC_015474	650830485	479533	479763
NC_015474	650830484	479068	479433
NC_015474	650830489	481897	483117
NC_015474	650830488	480555	481280
NC_015474	650830241	274556	275377
NC_015474	650830240	273304	274512
NC_015474	650830243	276176	276817
NC_015474	650830242	275352	276173
NC_015474	650830245	277816	278607
NC_015474	650830244	276814	277815
NC_015474	650830247	279545	280192
NC_015474	650830246	278604	279527
NC_015474	650830249	280592	281572
NC_015474	650830248	280185	280481
NC_015474	650830797	785374	785931
NC_015474	650830796	784048	785334
NC_015474	650830795	783284	784015
NC_015474	650830794	782475	783287
NC_015474	650830793	780055	782382
NC_015474	650830792	779454	780068
NC_015474	650830791	777757	779361
NC_015474	650830790	776282	777724
NC_015474	650830799	786346	786543
NC_015474	650830798	786057	786341
NC_015474	650831829	1757538	1758815
NC_015474	650831822	1751888	1752220
NC_015474	650831823	1752221	1753543
NC_015474	650831820	1749663	1750451
NC_015474	650831821	1750483	1751838
NC_015474	650831826	1756250	1756969
NC_015474	650831824	1753554	1754975
NC_015474	650831413	1350319	1351449
NC_015474	650830669	662828	663724
NC_015474	650830668	661254	662825
NC_015474	650830661	652448	653338
NC_015474	650830660	651776	652387
NC_015474	650830667	660594	661193
NC_015474	650830666	660044	660610
NC_015474	650830665	658594	660039
NC_015474	650830469	466242	467012
NC_015474	650830468	465619	466239
NC_015474	650831412	1348849	1350066
NC_015474	650830461	452973	453875
NC_015474	650830460	452173	452976
NC_015474	650830463	455147	456535
NC_015474	650830462	453925	455112
NC_015474	650830465	458083	459735
NC_015474	650830464	456541	457953
NC_015474	650830467	461864	465622
NC_015474	650830466	459975	461888
NC_015474	650831358	1297072	1297335
NC_015474	650831359	1297348	1298541
NC_015474	650831350	1289201	1291147
NC_015474	650831351	1291148	1292524
NC_015474	650831352	1292618	1292950
NC_015474	650831353	1292934	1293707
NC_015474	650831354	1293765	1295000
NC_015474	650831355	1295021	1295209
NC_015474	650831356	1295410	1295841
NC_015474	650831357	1295890	1297059
NC_015474	650831686	1619122	1619880
NC_015474	650831687	1620268	1621623
NC_015474	650831684	1616968	1618323
NC_015474	650831685	1618324	1619106
NC_015474	650831682	1615907	1616434
NC_015474	650831683	1616412	1616999
NC_015474	650831680	1615034	1615699
NC_015474	650831681	1615696	1615944
NC_015474	650831688	1621953	1622180
NC_015474	650831689	1622182	1624167
NC_015474	650831410	1347046	1348497
NC_015474	650831755	1678264	1679691
NC_015474	650831756	1679663	1680190
NC_015474	650831757	1680183	1681469
NC_015474	650831750	1675727	1675930
NC_015474	650831751	1676026	1676277
NC_015474	650831752	1676309	1677343
NC_015474	650831753	1677303	1677725
NC_015474	650831758	1681642	1682262
NC_015474	650831759	1682246	1683460
NC_015474	650830807	791279	791758
NC_015474	650830806	790622	791248
NC_015474	650830805	789853	790641
NC_015474	650830804	789678	789863
NC_015474	650831538	1479855	1481282
NC_015474	650831539	1481260	1482003
NC_015474	650830801	787057	788277
NC_015474	650830800	786518	786985
NC_015474	650831534	1476718	1476924
NC_015474	650831535	1477021	1477398
NC_015474	650831536	1477526	1478383
NC_015474	650831537	1478749	1479855
NC_015474	650831530	1469905	1470552
NC_015474	650830830	808237	808536
NC_015474	650831532	1473854	1475911
NC_015474	650831533	1476008	1476355
NC_015474	650831528	1467946	1468677
NC_015474	650830933	918846	919769
NC_015474	650830932	918342	918800
NC_015474	650830931	917702	918394
NC_015474	650830930	917154	917705
NC_015474	650830937	922666	923283
NC_015474	650830936	922296	922502
NC_015474	650830935	920843	921895
NC_015474	650830934	919688	920650
NC_015474	650830939	923795	923977
NC_015474	650830938	923375	923563
NC_015474	650830838	812806	815511
NC_015474	650830839	815508	817751
NC_015474	650831220	1180079	1180411
NC_015474	650831221	1180393	1180572
NC_015474	650831222	1180562	1181311
NC_015474	650831223	1181342	1181902
NC_015474	650831224	1181892	1183124
NC_015474	650831225	1183359	1184045
NC_015474	650831226	1184042	1184560
NC_015474	650831227	1184583	1185476
NC_015474	650831228	1185478	1186062
NC_015474	650831229	1186064	1186303
NC_015474	650831440	1373941	1374558
NC_015474	650831441	1374611	1375090
NC_015474	650831110	1076110	1076436
NC_015474	650831443	1375850	1376767
NC_015474	650831116	1080416	1080898
NC_015474	650831445	1377413	1378162
NC_015474	650831114	1078974	1079621
NC_015474	650831115	1079632	1080405
NC_015474	650830065	128129	129079
NC_015474	650830064	127436	128080
NC_015474	650830067	129801	131168
NC_015474	650830066	129095	129607
NC_015474	650830061	124660	125244
NC_015474	650830060	124155	124655
NC_015474	650830063	126325	127401
NC_015474	650830062	125234	126223
NC_015474	650830069	132485	133069
NC_015474	650830068	131179	132507
NC_015474	650830328	336832	338157
NC_015474	650830329	338245	339471
NC_015474	650830326	335584	336258
NC_015474	650830327	336255	336839
NC_015474	650830324	331658	335194
NC_015474	650830325	335258	335587
NC_015474	650830322	330521	330892
NC_015474	650830323	331024	331671
NC_015474	650830320	328504	330117
NC_015474	650830321	330104	330538
NC_015474	650830494	487249	487536
NC_015474	650830495	487517	488155
NC_015474	650830496	488152	488748
NC_015474	650830497	488715	491282
NC_015474	650830490	483179	483787
NC_015474	650830491	483799	485010
NC_015474	650830492	485040	486278
NC_015474	650830493	486341	487273
NC_015474	650830498	491291	491758
NC_015474	650830499	491762	492103
NC_015474	650830252	283399	284391
NC_015474	650830253	284388	285209
NC_015474	650830250	281547	282656
NC_015474	650830251	282653	283387
NC_015474	650830256	286430	286921
NC_015474	650830257	286918	288060
NC_015474	650830254	285217	285384
NC_015474	650830255	285405	286442
NC_015474	650830258	288057	289151
NC_015474	650830259	289346	290212
NC_015474	650830788	773378	775492
NC_015474	650830789	775504	776295
NC_015474	650830780	766823	767872
NC_015474	650830781	767884	769308
NC_015474	650830782	769319	770278
NC_015474	650830783	770288	771295
NC_015474	650830784	771308	771841
NC_015474	650830785	771804	772373
NC_015474	650830786	772449	772691
NC_015474	650830787	772693	773364
NC_015474	650830426	426703	426999
NC_015474	650831819	1748777	1749583
NC_015474	650831818	1747390	1748742
NC_015474	650831817	1746589	1747293
NC_015474	650831816	1745475	1746611
NC_015474	650831815	1744636	1745499
NC_015474	650831814	1744136	1744522
NC_015474	650831813	1742326	1744095
NC_015474	650831812	1740639	1742207
NC_015474	650831811	1740285	1740629
NC_015474	650831810	1739854	1740288
NC_015474	650830678	671417	672349
NC_015474	650830679	672346	672921
NC_015474	650830674	667135	668289
NC_015474	650830675	668383	669294
NC_015474	650830676	669347	670264
NC_015474	650830677	670264	671427
NC_015474	650830670	663695	664381
NC_015474	650830671	664440	665387
NC_015474	650830672	665380	666531
NC_015474	650830673	666551	667138
NC_015474	650830478	474511	475344
NC_015474	650830479	475348	475725
NC_015474	650830472	469352	470062
NC_015474	650830473	470025	470747
NC_015474	650830470	467005	468051
NC_015474	650830471	468054	469172
NC_015474	650830476	473941	474216
NC_015474	650830477	474217	474417
NC_015474	650830474	470770	472614
NC_015474	650830475	472943	473944
NC_015474	650831642	1578428	1579150
NC_015474	650831329	1267063	1268205
NC_015474	650831328	1266720	1267013
NC_015474	650831643	1579147	1580112
NC_015474	650831325	1264574	1265239
NC_015474	650831324	1263444	1264454
NC_015474	650831327	1266362	1266739
NC_015474	650831326	1265242	1266369
NC_015474	650831321	1261358	1261888
NC_015474	650831320	1260915	1261361
NC_015474	650831323	1262990	1263457
NC_015474	650831322	1261927	1262937
NC_015474	650831641	1577926	1578345
NC_015474	650831646	1581088	1581495
NC_015474	650831647	1581498	1581926
NC_015474	650831644	1580152	1580358
NC_015474	650831645	1580402	1580983
NC_015474	650831031	1002622	1002810
NC_015474	650831030	1002055	1002612
NC_015474	650831033	1003978	1005192
NC_015474	650831032	1002815	1003975
NC_015474	650831035	1005901	1007196
NC_015474	650831034	1005206	1005862
NC_015474	650831789	1722062	1723903
NC_015474	650831788	1720920	1722035
NC_015474	650831787	1719373	1720641
NC_015474	650831038	1009061	1009720
NC_015474	650831785	1718415	1718621
NC_015474	650831784	1717586	1718368
NC_015474	650831783	1715307	1717511
NC_015474	650831782	1713677	1715320
NC_015474	650831781	1712771	1713640
NC_015474	650831780	1712226	1712768
NC_015474	650830924	906014	907141
NC_015474	650830925	907584	908903
NC_015474	650830926	908927	914038
NC_015474	650830927	914251	914967
NC_015474	650830920	900910	902232
NC_015474	650830921	902270	903244
NC_015474	650830922	903603	903812
NC_015474	650830923	904136	905425
NC_015474	650830928	914969	916423
NC_015474	650830929	916432	917049
NC_015474	650831255	1208011	1208538
NC_015474	650831254	1207199	1207999
NC_015474	650831257	1208984	1209799
NC_015474	650831256	1208551	1208979
NC_015474	650831251	1206075	1206605
NC_015474	650831250	1205608	1206075
NC_015474	650831253	1206960	1207202
NC_015474	650831252	1206624	1206953
NC_015474	650831259	1211353	1212144
NC_015474	650831258	1209931	1211340
NC_015474	650830818	800020	800280
NC_015474	650830819	800348	801514
NC_015474	650830810	793528	794106
NC_015474	650830811	794113	794418
NC_015474	650830812	794420	794977
NC_015474	650830813	795030	796433
NC_015474	650830814	796430	797491
NC_015474	650830815	797488	798747
NC_015474	650830816	798744	799604
NC_015474	650830817	799601	799960
NC_015474	650830076	139004	139345
NC_015474	650830077	139612	140601
NC_015474	650830074	137562	138224
NC_015474	650830075	138197	138997
NC_015474	650830072	134735	135877
NC_015474	650830073	135858	137552
NC_015474	650830070	133059	133475
NC_015474	650830071	133481	134728
NC_015474	650830078	140604	141062
NC_015474	650830079	141056	142072
NC_015474	650830313	323443	324237
NC_015474	650830312	323155	323358
NC_015474	650830311	321548	322804
NC_015474	650830310	321080	321481
NC_015474	650830317	325989	326243
NC_015474	650830316	325342	325938
NC_015474	650830315	324875	325345
NC_015474	650830314	324185	324826
NC_015474	650831893	1812845	1813399
NC_015474	650830319	326953	328416
NC_015474	650830318	326240	326956
NC_015474	650831892	1812624	1812812
NC_015474	650831899	1817629	1818087
NC_015474	650831898	1816845	1817597
NC_015474	650830267	294426	295124
NC_015474	650830266	294012	294347
NC_015474	650830265	293175	293912
NC_015474	650830264	292435	293115
NC_015474	650830263	291891	292316
NC_015474	650830260	290257	290916
NC_015474	650830269	296455	297375
NC_015474	650830268	295236	296474
NC_015474	650831800	1727834	1728646
NC_015474	650831801	1728749	1730614
NC_015474	650831802	1730601	1731884
NC_015474	650831803	1731871	1732968
NC_015474	650831804	1733001	1734107
NC_015474	650831805	1734218	1735012
NC_015474	650831806	1735051	1737198
NC_015474	650831807	1737383	1738327
NC_015474	650831808	1738324	1738590
NC_015474	650831809	1738645	1739847
NC_015474	650830681	673638	674267
NC_015474	650830680	672908	673525
NC_015474	650830683	675103	676605
NC_015474	650830682	674257	675054
NC_015474	650830685	677226	677942
NC_015474	650830684	676518	677159
NC_015474	650830687	678847	680166
NC_015474	650830686	677942	678850
NC_015474	650830689	681375	682079
NC_015474	650830688	680666	681277
NC_015474	650830449	444266	444859
NC_015474	650830448	443922	444269
NC_015474	650830447	443611	443862
NC_015474	650830446	443456	443605
NC_015474	650830445	442726	443412
NC_015474	650830444	442530	442775
NC_015474	650830443	440246	442444
NC_015474	650830442	439379	440185
NC_015474	650830441	438612	439379
NC_015474	650830440	436357	438606
NC_015474	650831339	1277510	1278958
NC_015474	650831336	1274278	1275033
NC_015474	650831337	1275152	1276540
NC_015474	650831334	1272005	1272739
NC_015474	650831335	1272916	1274277
NC_015474	650831332	1270243	1270848
NC_015474	650831333	1270887	1271969
NC_015474	650831330	1268202	1268993
NC_015474	650831331	1269114	1270241
NC_015474	650831022	995087	997048
NC_015474	650831023	997063	997761
NC_015474	650831792	1724533	1725111
NC_015474	650831021	993996	995057
NC_015474	650831026	998514	999074
NC_015474	650831027	999010	999603
NC_015474	650831024	998080	998349
NC_015474	650831025	998227	998379
NC_015474	650831799	1727340	1727837
NC_015474	650831028	999609	1001201
NC_015474	650831029	1001271	1002053
NC_015474	650831246	1200932	1201099
NC_015474	650831247	1201096	1201455
NC_015474	650831244	1199678	1200541
NC_015474	650831245	1200676	1200834
NC_015474	650831242	1196065	1198587
NC_015474	650831243	1198957	1199217
NC_015474	650831240	1194269	1195264
NC_015474	650831241	1195293	1196111
NC_015474	650831248	1201460	1203370
NC_015474	650831249	1203375	1205597
NC_015474	650830869	851330	852424
NC_015474	650830868	849554	850561
NC_015474	650830865	844136	845992
NC_015474	650830864	843320	843844
NC_015474	650830867	846882	849557
NC_015474	650830866	845989	846711
NC_015474	650830861	838746	839564
NC_015474	650830860	837136	838593
NC_015474	650830863	839831	843310
NC_015474	650830049	115421	118774
NC_015474	650830048	112697	115417
NC_015474	650830043	109642	110289
NC_015474	650830042	109255	109611
NC_015474	650830041	108031	109245
NC_015474	650830040	107779	108030
NC_015474	650830047	111498	112691
NC_015474	650830046	111195	111494
NC_015474	650830045	110749	111186
NC_015474	650830044	110295	110738
NC_015474	650831468	1400813	1400989
NC_015474	650831469	1401261	1401443
NC_015474	650830304	316378	317097
NC_015474	650830305	317109	317369
NC_015474	650830306	317376	318143
NC_015474	650830307	318154	319242
NC_015474	650830300	314660	314866
NC_015474	650830301	314853	315485
NC_015474	650830302	315490	315957
NC_015474	650830303	315968	316366
NC_015474	650830308	319244	320020
NC_015474	650830309	320160	321008
NC_015474	650831466	1399640	1400095
NC_015474	650830278	302861	303367
NC_015474	650830279	303364	303627
NC_015474	650830270	297423	298079
NC_015474	650830271	298060	298329
NC_015474	650830272	298418	299023
NC_015474	650830273	299050	299325
NC_015474	650830274	299351	299842
NC_015474	650830275	299839	300456
NC_015474	650830276	300790	301368
NC_015474	650830277	301428	302864
NC_015474	650831430	1361653	1363431
NC_015474	650831875	1796313	1798385
NC_015474	650831874	1794879	1796309
NC_015474	650831877	1800739	1800966
NC_015474	650831876	1798385	1800736
NC_015474	650831871	1792817	1793410
NC_015474	650831870	1791730	1792827
NC_015474	650831873	1794051	1794464
NC_015474	650831872	1793447	1794049
NC_015474	650831879	1802151	1802717
NC_015474	650831878	1801166	1802185
NC_015474	650830692	684301	685605
NC_015474	650830693	685913	688834
NC_015474	650830690	682164	683501
NC_015474	650830691	683516	684310
NC_015474	650830696	691780	692430
NC_015474	650830697	692443	693807
NC_015474	650830694	688847	690643
NC_015474	650830695	690721	691773
NC_015474	650830698	693804	695084
NC_015474	650830699	695137	695763
NC_015474	650831909	1829962	1830951
NC_015474	650831908	1827768	1829960
NC_015474	650830452	446041	446313
NC_015474	650830453	446279	446908
NC_015474	650830454	446905	448203
NC_015474	650830455	448275	448889
NC_015474	650830457	450195	450743
NC_015474	650830458	450730	451347
NC_015474	650830459	451340	452167
NC_015474	650831903	1822699	1822977
NC_015474	650831902	1822430	1822696
NC_015474	650831905	1824647	1825795
NC_015474	650831904	1823167	1824642
NC_015474	650831907	1826848	1827771
NC_015474	650831906	1825873	1826841
NC_015474	650831303	1246764	1247873
NC_015474	650831302	1245345	1246715
NC_015474	650831301	1244872	1245357
NC_015474	650831652	1586373	1586780
NC_015474	650831307	1250350	1251522
NC_015474	650831654	1588026	1589258
NC_015474	650831305	1248339	1249229
NC_015474	650831304	1247914	1248327
NC_015474	650831659	1593412	1594509
NC_015474	650831658	1592313	1593371
NC_015474	650831309	1251917	1252843
NC_015474	650831308	1251519	1251824
NC_015474	650831017	990095	991444
NC_015474	650831016	988916	990055
NC_015474	650831015	988354	988926
NC_015474	650831014	988017	988367
NC_015474	650831013	986819	987997
NC_015474	650831012	986636	986806
NC_015474	650831011	985914	986600
NC_015474	650831010	985013	985921
NC_015474	650831019	991846	993816
NC_015474	650831018	991434	991802
NC_015474	650831493	1424490	1426283
NC_015474	650831492	1423177	1424493
NC_015474	650831491	1421874	1423115
NC_015474	650831490	1421432	1421734
NC_015474	650831497	1428416	1429255
NC_015474	650831496	1427487	1428416
NC_015474	650831495	1426689	1427399
NC_015474	650831494	1426283	1426687
NC_015474	650831499	1430486	1431205
NC_015474	650831498	1429245	1430483
NC_015474	650831279	1222962	1223330
NC_015474	650831278	1222300	1222686
NC_015474	650831273	1220403	1220753
NC_015474	650831272	1220004	1220225
NC_015474	650831271	1219468	1219998
NC_015474	650831270	1219244	1219468
NC_015474	650831277	1222058	1222324
NC_015474	650831274	1221147	1221500
NC_015474	650831479	1411879	1413774
NC_015474	650831478	1411307	1411882
NC_015474	650831210	1168090	1169031
NC_015474	650831471	1402584	1403333
NC_015474	650831470	1401842	1402633
NC_015474	650831473	1404448	1407063
NC_015474	650831472	1403528	1404451
NC_015474	650831475	1407841	1409133
NC_015474	650831474	1407117	1407875
NC_015474	650831477	1410666	1411223
NC_015474	650831476	1409213	1410655
NC_015474	650830878	860775	863747
NC_015474	650830879	863737	864666
NC_015474	650830876	858497	859639
NC_015474	650830877	859681	860775
NC_015474	650830874	856338	856997
NC_015474	650830875	857170	858486
NC_015474	650830872	854984	855493
NC_015474	650830873	855567	856334
NC_015474	650830870	852456	853511
NC_015474	650830871	853698	854987
NC_015474	650830058	122477	123187
NC_015474	650830059	123212	123994
NC_015474	650830055	120142	120966
NC_015474	650830056	120959	121708
NC_015474	650830057	121674	122480
NC_015474	650830050	118792	119040
NC_015474	650830052	119301	119921
NC_015474	650830209	244863	245309
NC_015474	650830208	244153	244866
NC_015474	650830205	243132	243587
NC_015474	650830204	242647	243126
NC_015474	650830206	243556	243813
NC_015474	650830201	238551	240266
NC_015474	650830200	238130	238576
NC_015474	650830203	240772	241839
NC_015474	650830202	240377	240721
NC_015474	650830618	614240	615382
NC_015474	650831630	1568536	1569636
NC_015474	650831639	1576173	1576421
NC_015474	650830511	503311	504729
NC_015474	650830510	501859	502851
NC_015474	650830513	507475	507999
NC_015474	650830512	504788	506536
NC_015474	650830515	510143	511852
NC_015474	650830514	508056	509156
NC_015474	650830517	512406	514097
NC_015474	650830516	511900	512127
NC_015474	650830519	514682	515149
NC_015474	650830518	514498	514695
NC_015474	650831866	1784278	1784646
NC_015474	650831867	1784701	1787442
NC_015474	650831864	1782132	1782725
NC_015474	650831865	1782712	1784268
NC_015474	650831862	1781356	1781808
NC_015474	650831863	1781851	1782135
NC_015474	650831860	1778124	1780541
NC_015474	650831861	1780933	1781352
NC_015474	650831868	1787512	1789575
NC_015474	650831869	1789648	1791717
NC_015474	650830943	926051	926293
NC_015474	650831419	1356261	1356500
NC_015474	650831300	1244344	1244742
NC_015474	650831418	1355803	1356264
NC_015474	650830946	928794	929783
NC_015474	650830947	929785	930714
NC_015474	650830945	927100	928797
NC_015474	650830425	425712	426533
NC_015474	650830424	425537	425704
NC_015474	650831918	1837670	1838233
NC_015474	650831919	1838287	1838976
NC_015474	650830421	419775	421118
NC_015474	650830420	418547	419728
NC_015474	650830423	422230	425409
NC_015474	650830422	421119	422240
NC_015474	650831912	1833882	1833977
NC_015474	650831913	1834023	1834757
NC_015474	650831910	1830943	1832112
NC_015474	650831911	1832312	1833871
NC_015474	650830429	427902	428891
NC_015474	650830428	427316	427936
NC_015474	650831914	1834754	1835683
NC_015474	650831915	1835692	1836381
NC_015474	650831314	1256251	1257204
NC_015474	650831315	1257237	1258064
NC_015474	650831316	1258034	1259083
NC_015474	650831317	1259204	1259794
NC_015474	650831310	1252844	1253302
NC_015474	650831311	1253292	1254443
NC_015474	650831312	1254493	1255329
NC_015474	650831313	1255326	1256153
NC_015474	650831417	1355351	1355797
NC_015474	650831648	1581913	1582746
NC_015474	650831649	1582706	1583860
NC_015474	650831318	1259791	1260417
NC_015474	650831319	1260418	1260936
NC_015474	650831140	1104490	1104933
NC_015474	650831143	1108095	1109504
NC_015474	650831790	1723893	1724147
NC_015474	650831791	1724249	1724521
NC_015474	650831020	993740	994027
NC_015474	650830739	728159	728977
NC_015474	650830738	727391	728092
NC_015474	650831793	1724634	1725350
NC_015474	650830731	721714	722457
NC_015474	650830730	720856	721701
NC_015474	650830733	722929	723516
NC_015474	650830732	722586	722915
NC_015474	650830735	724375	725451
NC_015474	650830734	723553	724353
NC_015474	650830737	726384	727394
NC_015474	650830736	725506	726297
NC_015474	650831008	981676	983355
NC_015474	650831009	983468	984739
NC_015474	650831796	1726522	1726989
NC_015474	650831000	976633	977652
NC_015474	650831001	977700	977876
NC_015474	650831002	977989	978162
NC_015474	650831003	978453	979247
NC_015474	650831004	979237	979566
NC_015474	650831005	979725	980030
NC_015474	650831006	980062	980847
NC_015474	650831007	980849	981679
NC_015474	650831382	1318973	1319185
NC_015474	650831484	1416395	1416952
NC_015474	650831485	1417022	1417834
NC_015474	650831486	1417817	1418122
NC_015474	650831487	1418119	1419240
NC_015474	650831480	1413804	1414220
NC_015474	650831481	1414314	1415441
NC_015474	650831482	1415434	1415925
NC_015474	650831483	1415926	1416414
NC_015474	650831384	1319930	1320790
NC_015474	650831488	1419230	1419496
NC_015474	650831489	1419529	1421352
NC_015474	650831268	1216971	1218989
NC_015474	650831269	1219029	1219241
NC_015474	650831264	1214725	1214937
NC_015474	650831265	1215400	1215831
NC_015474	650831266	1216226	1216393
NC_015474	650831267	1216400	1216981
NC_015474	650831260	1212141	1212482
NC_015474	650831261	1212491	1213225
NC_015474	650831262	1213236	1214027
NC_015474	650831263	1214251	1214451
NC_015474	650830995	972122	972271
NC_015474	650830994	970630	971637
NC_015474	650830997	973581	974525
NC_015474	650830996	972545	973615
NC_015474	650830991	967499	968782
NC_015474	650830990	966624	967502
NC_015474	650830993	969763	970629
NC_015474	650830992	968854	969762
NC_015474	650831462	1395882	1396841
NC_015474	650831463	1396985	1398106
NC_015474	650831460	1392795	1394951
NC_015474	650831461	1395026	1395880
NC_015474	650830999	975530	976552
NC_015474	650830998	974526	975533
NC_015474	650831464	1398144	1398686
NC_015474	650831465	1398673	1399653
NC_015474	650831154	1119721	1120137
NC_015474	650830843	821512	821814
NC_015474	650830842	819885	821072
NC_015474	650830841	818415	819716
NC_015474	650830840	817825	818349
NC_015474	650830847	823682	826432
NC_015474	650830846	823367	823645
NC_015474	650830845	822720	823271
NC_015474	650830844	822211	822723
NC_015474	650830849	827052	829205
NC_015474	650830848	826435	826887
NC_015474	650831794	1725112	1725360
NC_015474	650830199	237088	238044
NC_015474	650830198	236246	237058
NC_015474	650830195	234181	234885
NC_015474	650830194	233254	234177
NC_015474	650830197	235747	236256
NC_015474	650830196	234833	235756
NC_015474	650830191	231855	232211
NC_015474	650830190	230918	231889
NC_015474	650830193	232852	233190
NC_015474	650830192	232205	232849
NC_015474	650831795	1725414	1726418
NC_015474	650831940	1859632	1860309
NC_015474	650830218	252390	253661
NC_015474	650830219	253711	253914
NC_015474	650830216	249884	251236
NC_015474	650830217	251236	251634
NC_015474	650830214	248015	248719
NC_015474	650830215	248732	249817
NC_015474	650830212	246027	247358
NC_015474	650830213	247393	248010
NC_015474	650830210	245362	245784
NC_015474	650830211	245797	246027
NC_015474	650830502	494298	495353
NC_015474	650830503	495384	496067
NC_015474	650830500	492194	492562
NC_015474	650830501	492635	494311
NC_015474	650830506	498929	499621
NC_015474	650830507	499599	500105
NC_015474	650830504	496073	497269
NC_015474	650830505	497348	498337
NC_015474	650831853	1773331	1773792
NC_015474	650831852	1772857	1773261
NC_015474	650831851	1772657	1772860
NC_015474	650830509	500430	501695
NC_015474	650831857	1776586	1777782
NC_015474	650831856	1775505	1776524
NC_015474	650831855	1774422	1775492
NC_015474	650831854	1773876	1774445
NC_015474	650830436	434179	434532
NC_015474	650830437	434535	435341
NC_015474	650830434	432450	433028
NC_015474	650830435	433089	434177
NC_015474	650830432	430657	430809
NC_015474	650830433	430802	432403
NC_015474	650831929	1847504	1848406
NC_015474	650831928	1846869	1847507
NC_015474	650831927	1845950	1846864
NC_015474	650831926	1844351	1845961
NC_015474	650831925	1842964	1844304
NC_015474	650831924	1842228	1842971
NC_015474	650831923	1841691	1842107
NC_015474	650831922	1840888	1841712
NC_015474	650830438	435377	436045
NC_015474	650830439	436042	436212
NC_015474	650831677	1612564	1613976
NC_015474	650831676	1612048	1612305
NC_015474	650831675	1611281	1612033
NC_015474	650831674	1609705	1610679
NC_015474	650831673	1608659	1609702
NC_015474	650831672	1607028	1607519
NC_015474	650831671	1605760	1606974
NC_015474	650831670	1604615	1605511
NC_015474	650831679	1614628	1615017
NC_015474	650831678	1614198	1614809
NC_015474	650830728	719493	720005
NC_015474	650830729	720002	720844
NC_015474	650830722	713336	713761
NC_015474	650830723	713828	714481
NC_015474	650830720	711937	712338
NC_015474	650830721	712331	713296
NC_015474	650830726	717792	719315
NC_015474	650830727	719342	719515
NC_015474	650830724	714529	716214
NC_015474	650830725	716324	717790
NC_015474	650831079	1053754	1054698
NC_015474	650831078	1052578	1053717
NC_015474	650831075	1049513	1050250
NC_015474	650831074	1047368	1049479
NC_015474	650831077	1051262	1052569
NC_015474	650831076	1050265	1051287
NC_015474	650831071	1045506	1046135
NC_015474	650831070	1043246	1045513
NC_015474	650831073	1046755	1047246
NC_015474	650831072	1046132	1046758
NC_015474	650831291	1234746	1235129
NC_015474	650831290	1232737	1234431
NC_015474	650831293	1237388	1237618
NC_015474	650831292	1235488	1237404
NC_015474	650831295	1238102	1239979
NC_015474	650831294	1237588	1238067
NC_015474	650831297	1241376	1242455
NC_015474	650831296	1239922	1241226
NC_015474	650831299	1243816	1244328
NC_015474	650831298	1242491	1243684
NC_015474	650831101	1069248	1069586
NC_015474	650831100	1068519	1069244
NC_015474	650831103	1069939	1070193
NC_015474	650830985	962570	962797
NC_015474	650830982	959088	960428
NC_015474	650830983	960455	961399
NC_015474	650831459	1392439	1392747
NC_015474	650830981	957526	958836
NC_015474	650831109	1074996	1075946
NC_015474	650831456	1389939	1390928
NC_015474	650831455	1389262	1389942
NC_015474	650831454	1388487	1389260
NC_015474	650831453	1387966	1388442
NC_015474	650831452	1387578	1387895
NC_015474	650831451	1385807	1387438
NC_015474	650830989	965726	966631
NC_015474	650830854	832488	833630
NC_015474	650830855	833627	835066
NC_015474	650830856	835146	835433
NC_015474	650830857	835541	836176
NC_015474	650830850	829202	829651
NC_015474	650830851	829688	831022
NC_015474	650830852	831015	831509
NC_015474	650830853	831506	832414
NC_015474	650831585	1526704	1527531
NC_015474	650831584	1526516	1526698
NC_015474	650831587	1528753	1530021
NC_015474	650831586	1527597	1528772
NC_015474	650831581	1524050	1525192
NC_015474	650831580	1523162	1524007
NC_015474	650831583	1525716	1526519
NC_015474	650831582	1525238	1525375
NC_015474	650830188	228554	229999
NC_015474	650830189	229992	230771
NC_015474	650830186	226217	227305
NC_015474	650830187	227418	228548
NC_015474	650830184	223968	225131
NC_015474	650830185	225132	226220
NC_015474	650830182	222912	223190
NC_015474	650830183	223179	223856
NC_015474	650830180	221486	221755
NC_015474	650830181	221951	222919
NC_015474	650830354	360693	361697
NC_015474	650831721	1651317	1651973
NC_015474	650831052	1026949	1027692
NC_015474	650831723	1653330	1653872
NC_015474	650831722	1652015	1653211
NC_015474	650830359	364162	365178
NC_015474	650831725	1654877	1655716
NC_015474	650830358	363653	364174
NC_015474	650831724	1653865	1654911
NC_015474	650831727	1656622	1657284
NC_015474	650831054	1029889	1030425
NC_015474	650829993	67543	68400
NC_015474	650829990	67053	67286
NC_015474	650829997	71374	71589
NC_015474	650829996	71168	71368
NC_015474	650829995	70718	70936
NC_015474	650829994	68434	70560
NC_015474	650829999	72103	72681
NC_015474	650829998	71637	72011
NC_015474	650830223	256504	257523
NC_015474	650830222	255828	256328
NC_015474	650830221	255052	255774
NC_015474	650830220	254148	255059
NC_015474	650830227	260633	261418
NC_015474	650830226	260166	260582
NC_015474	650830225	259002	260132
NC_015474	650830224	257679	258914
NC_015474	650830229	262171	263145
NC_015474	650830228	261488	262177
NC_015474	650831411	1348638	1348802
NC_015474	650830537	527496	528338
NC_015474	650830536	526093	527427
NC_015474	650830535	524610	525923
NC_015474	650830534	523993	524613
NC_015474	650831848	1770677	1771345
NC_015474	650830532	522795	523484
NC_015474	650830531	521722	522636
NC_015474	650830530	521526	521738
NC_015474	650831844	1768523	1768915
NC_015474	650831845	1768973	1769272
NC_015474	650831846	1769279	1769674
NC_015474	650831847	1769663	1770586
NC_015474	650831840	1766144	1766725
NC_015474	650831841	1766761	1767444
NC_015474	650830539	528966	529553
NC_015474	650830538	528335	528943
NC_015474	650829979	58921	59823
NC_015474	650829978	58421	58777
NC_015474	650829971	52549	52908
NC_015474	650829970	51950	52543
NC_015474	650829972	52913	53716
NC_015474	650829975	55009	55437
NC_015474	650829974	53941	54996
NC_015474	650829977	57341	58411
NC_015474	650829976	55438	57327
NC_015474	650831754	1677759	1678142
NC_015474	650830409	406926	407951
NC_015474	650830408	406058	406912
NC_015474	650830403	401665	402342
NC_015474	650830402	400601	401644
NC_015474	650830401	400033	400560
NC_015474	650830400	399768	400064
NC_015474	650830407	405087	406061
NC_015474	650830406	404135	405094
NC_015474	650830405	403435	404133
NC_015474	650830404	402357	403451
NC_015474	650831930	1848461	1849507
NC_015474	650831931	1849509	1850309
NC_015474	650831932	1850495	1852519
NC_015474	650831933	1852560	1853312
NC_015474	650831934	1853357	1854088
NC_015474	650831935	1854112	1855008
NC_015474	650831936	1855018	1855626
NC_015474	650831937	1855720	1856334
NC_015474	650831938	1856341	1858296
NC_015474	650831939	1858301	1859620
NC_015474	650831859	1777984	1778127
NC_015474	650831916	1836385	1836708
NC_015474	650831917	1836754	1837668
NC_015474	650830719	711659	711934
NC_015474	650830718	711008	711655
NC_015474	650830717	710080	710964
NC_015474	650830716	708042	709991
NC_015474	650830715	707431	707967
NC_015474	650830714	706696	707448
NC_015474	650830713	705424	706665
NC_015474	650830712	704317	705381
NC_015474	650830711	703982	704158
NC_015474	650830710	703281	703985
NC_015474	650831850	1771930	1772682
NC_015474	650831068	1041783	1042145
NC_015474	650831069	1042159	1043265
NC_015474	650831066	1039495	1040643
NC_015474	650831067	1040948	1041790
NC_015474	650831064	1037914	1038978
NC_015474	650831065	1039045	1039482
NC_015474	650831062	1036234	1036911
NC_015474	650831063	1036921	1037868
NC_015474	650831060	1034938	1035828
NC_015474	650831061	1035834	1036259
NC_015474	650830803	789041	789694
NC_015474	650830802	788304	789047
NC_015474	650831668	1601228	1602400
NC_015474	650831669	1603336	1604238
NC_015474	650831660	1594700	1595410
NC_015474	650831661	1595407	1596351
NC_015474	650831662	1596360	1596731
NC_015474	650831663	1596849	1597499
NC_015474	650831664	1597538	1597759
NC_015474	650831665	1598221	1599300
NC_015474	650831666	1599983	1600624
NC_015474	650831667	1600617	1601012
NC_015474	650831282	1224755	1225165
NC_015474	650831283	1225339	1226994
NC_015474	650831280	1223293	1223718
NC_015474	650831281	1223770	1224600
NC_015474	650831286	1229607	1230101
NC_015474	650831287	1230098	1231369
NC_015474	650831284	1226991	1228562
NC_015474	650831285	1228555	1229610
NC_015474	650831288	1231375	1231707
NC_015474	650831289	1231737	1232726
NC_015474	650831531	1470881	1472887
NC_015474	650831112	1077554	1078204
NC_015474	650831113	1078217	1078900
NC_015474	650831442	1375396	1375818
NC_015474	650831111	1076447	1077409
NC_015474	650831444	1376890	1377228
NC_015474	650831117	1080902	1082116
NC_015474	650831446	1378205	1381408
NC_015474	650831447	1381603	1382910
NC_015474	650831448	1382907	1383503
NC_015474	650831449	1383518	1384408
NC_015474	650831118	1082133	1082600
NC_015474	650831119	1082579	1083079
NC_015474	650831435	1368301	1369317
NC_015474	650831434	1366689	1368143
NC_015474	650831125	1089943	1090338
NC_015474	650831124	1089027	1089953
NC_015474	650831598	1543454	1544467
NC_015474	650831599	1544667	1545239
NC_015474	650831596	1542015	1542779
NC_015474	650831597	1542751	1543449
NC_015474	650831594	1537801	1538940
NC_015474	650831595	1538930	1541833
NC_015474	650831592	1536357	1536740
NC_015474	650831593	1536757	1537686
NC_015474	650831590	1533211	1534524
NC_015474	650831591	1534869	1536203
NC_015474	650831121	1083794	1085407
NC_015474	650831120	1083094	1083792
NC_015474	650830889	872671	874893
NC_015474	650830888	871708	872658
NC_015474	650830887	871063	871638
NC_015474	650830886	869989	870978
NC_015474	650830885	869366	869986
NC_015474	650830884	868796	869314
NC_015474	650830883	867650	868843
NC_015474	650830882	866835	867638
NC_015474	650830881	865627	866835
NC_015474	650830880	864663	865616
NC_015474	650831131	1093722	1093946
NC_015474	650830087	147106	147954
NC_015474	650830086	146625	147047
NC_015474	650830085	145900	146628
NC_015474	650830084	145404	145916
NC_015474	650830083	144590	145345
NC_015474	650830082	143913	144539
NC_015474	650830081	143067	143918
NC_015474	650830080	142032	143006
NC_015474	650830089	149326	150570
NC_015474	650830088	148011	149336
NC_015474	650829984	62770	63786
NC_015474	650829985	63786	64523
NC_015474	650829986	64442	64969
NC_015474	650829987	64966	65646
NC_015474	650829981	59965	60273
NC_015474	650829982	60312	61598
NC_015474	650829983	61882	62634
NC_015474	650829988	65624	66487
NC_015474	650829989	66659	67081
NC_015474	650830159	203913	204701
NC_015474	650830158	202993	203901
NC_015474	650830151	195684	196703
NC_015474	650830150	195295	195672
NC_015474	650830153	198170	199258
NC_015474	650830152	196793	198154
NC_015474	650830155	200821	201411
NC_015474	650830154	199335	200855
NC_015474	650830157	202179	203006
NC_015474	650830156	201421	202182
NC_015474	650830234	266772	267518
NC_015474	650830235	267502	268593
NC_015474	650830236	268575	269780
NC_015474	650830237	269871	270779
NC_015474	650830230	263127	264431
NC_015474	650830231	264428	265000
NC_015474	650830232	264997	265626
NC_015474	650830233	265613	266779
NC_015474	650830238	270776	271777
NC_015474	650830239	271770	273266
NC_015474	650830528	520403	521116
NC_015474	650830529	521110	521316
NC_015474	650830520	515498	515974
NC_015474	650830521	516005	517432
NC_015474	650830522	517416	517667
NC_015474	650830523	517667	518275
NC_015474	650830524	518272	518718
NC_015474	650830525	518802	519080
NC_015474	650830526	519055	519456
NC_015474	650830527	519575	520342
NC_015474	650829968	50417	50950
NC_015474	650829969	51184	51903
NC_015474	650829962	43954	45846
NC_015474	650829963	45849	47801
NC_015474	650829960	40782	42503
NC_015474	650829961	42625	43941
NC_015474	650829966	49140	49571
NC_015474	650829967	49642	50424
NC_015474	650829964	47801	48247
NC_015474	650829965	48244	49077
NC_015474	650830430	429139	429549
NC_015474	650830431	429546	430550
NC_015474	650830890	874895	875401
NC_015474	650830418	416794	417474
NC_015474	650830419	417741	418412
NC_015474	650830891	875402	875962
NC_015474	650830414	413199	414167
NC_015474	650830415	414168	414827
NC_015474	650830416	414824	415762
NC_015474	650830417	415764	416810
NC_015474	650830410	407992	409608
NC_015474	650830411	409864	410424
NC_015474	650830412	410524	411573
NC_015474	650830413	411608	413188
NC_015474	650831941	1860703	1861011
NC_015474	650831921	1840468	1840887
NC_015474	650831920	1839027	1840403
NC_015474	650830898	880122	881273
NC_015474	650830899	881284	881613
NC_015474	650831511	1449170	1451386
NC_015474	650830700	695748	696320
NC_015474	650830701	696426	697634
NC_015474	650830702	697606	698304
NC_015474	650830703	698301	698813
NC_015474	650830704	698810	699940
NC_015474	650830705	700001	700504
NC_015474	650830706	700557	701255
NC_015474	650830707	701301	702074
NC_015474	650830708	702133	702747
NC_015474	650830709	702776	703288
NC_015474	650831053	1027689	1029917
NC_015474	650831720	1650667	1651320
NC_015474	650831051	1024300	1026885
NC_015474	650831050	1022866	1024074
NC_015474	650831057	1033351	1033608
NC_015474	650831056	1031563	1032807
NC_015474	650831055	1030461	1031582
NC_015474	650831726	1655721	1656644
NC_015474	650831729	1657601	1657807
NC_015474	650831728	1657249	1657437
NC_015474	650831058	1034278	1034487
NC_015474	650831619	1559549	1560997
NC_015474	650831618	1559037	1559552
NC_015474	650831615	1556276	1557154
NC_015474	650831614	1555473	1556264
NC_015474	650831617	1558892	1559071
NC_015474	650831616	1557151	1558254
NC_015474	650831611	1552112	1553254
NC_015474	650831610	1551879	1552109
NC_015474	650831613	1554190	1555476
NC_015474	650831612	1553573	1554193
NC_015474	650831127	1091368	1091895
NC_015474	650831126	1090341	1091330
NC_015474	650831437	1370245	1371276
NC_015474	650831436	1369319	1370248
NC_015474	650831431	1363599	1364624
NC_015474	650831122	1085418	1087133
NC_015474	650831433	1365676	1366632
NC_015474	650831432	1364846	1365679
NC_015474	650831439	1372519	1373871
NC_015474	650831438	1371273	1372520
NC_015474	650831129	1092616	1093074
NC_015474	650831128	1091910	1092542
NC_015474	650831549	1489475	1490557
NC_015474	650831548	1488770	1489294
NC_015474	650830892	876013	876324
NC_015474	650830893	876331	876855
NC_015474	650830894	876852	877733
NC_015474	650830895	877717	878436
NC_015474	650830896	878508	879737
NC_015474	650830897	879718	880125
NC_015474	650831541	1483179	1484201
NC_015474	650831540	1482085	1483176
NC_015474	650831543	1485609	1486151
NC_015474	650831542	1484346	1485575
NC_015474	650831545	1487242	1487793
NC_015474	650831544	1486156	1487193
NC_015474	650831547	1488277	1488759
NC_015474	650831546	1487897	1488304
NC_015474	650831888	1810610	1810690
NC_015474	650831889	1811040	1811228
