CP003534	2522052178	632385	632795
CP003534	2522052179	632798	633073
CP003534	2522052176	629571	630683
CP003534	2522052177	630794	632383
CP003534	2522052174	626885	628252
CP003534	2522052172	625796	626350
CP003534	2522052173	626326	626787
CP003534	2522052170	623850	624695
CP003534	2522052171	624697	625734
CP003534	2522051605	57032	58159
CP003534	2522051604	56773	56958
CP003534	2522051607	58672	58950
CP003534	2522051606	58226	58642
CP003534	2522051601	55075	55725
CP003534	2522051600	54044	55069
CP003534	2522051603	56310	56768
CP003534	2522051602	55804	56298
CP003534	2522051609	60305	61315
CP003534	2522051608	59166	59981
CP003534	2522053283	1654622	1655182
CP003534	2522053282	1654448	1654618
CP003534	2522053281	1654044	1654436
CP003534	2522053280	1653479	1654033
CP003534	2522053287	1656732	1657073
CP003534	2522053286	1656301	1656726
CP003534	2522053285	1655925	1656290
CP003534	2522053284	1655194	1655925
CP003534	2522053289	1657336	1657632
CP003534	2522053288	1657070	1657276
CP003534	2522053366	1725559	1726515
CP003534	2522053355	1715981	1716499
CP003534	2522052002	460378	461073
CP003534	2522052003	461060	461944
CP003534	2522052000	459336	459980
CP003534	2522052001	459977	460381
CP003534	2522052006	463595	464596
CP003534	2522052007	464601	466919
CP003534	2522052004	462074	462541
CP003534	2522052005	462572	463573
CP003534	2522051731	178114	178389
CP003534	2522051730	177905	178117
CP003534	2522051733	179318	181201
CP003534	2522051732	178687	179223
CP003534	2522051735	182273	182920
CP003534	2522051734	181342	182226
CP003534	2522051737	183202	183606
CP003534	2522051736	182924	183205
CP003534	2522052828	1266209	1266487
CP003534	2522052829	1266532	1266984
CP003534	2522052824	1260900	1263641
CP003534	2522052825	1263736	1264062
CP003534	2522052826	1264059	1265624
CP003534	2522052827	1265604	1266134
CP003534	2522052820	1254908	1255501
CP003534	2522052821	1255494	1256378
CP003534	2522052822	1256615	1258678
CP003534	2522052823	1258740	1260746
CP003534	2522052950	1371838	1372200
CP003534	2522052951	1372458	1373243
CP003534	2522052953	1373426	1373734
CP003534	2522052954	1373775	1375061
CP003534	2522052955	1375408	1376115
CP003534	2522052956	1376499	1377368
CP003534	2522051992	448905	449318
CP003534	2522052774	1206686	1207429
CP003534	2522052775	1207563	1207982
CP003534	2522052776	1207976	1208782
CP003534	2522052777	1208783	1209199
CP003534	2522052770	1203439	1203840
CP003534	2522052771	1203951	1204535
CP003534	2522052772	1204724	1205143
CP003534	2522052773	1205353	1206693
CP003534	2522052778	1209261	1210634
CP003534	2522052779	1210744	1211418
CP003534	2522052488	935439	936251
CP003534	2522052489	936420	937583
CP003534	2522052486	934004	934690
CP003534	2522052487	934687	935454
CP003534	2522052484	932618	932869
CP003534	2522052485	933421	933573
CP003534	2522052482	929563	929868
CP003534	2522052483	929879	932281
CP003534	2522052480	928237	928845
CP003534	2522052481	928867	929124
CP003534	2522051850	301615	302406
CP003534	2522051851	302543	303091
CP003534	2522051852	303095	303898
CP003534	2522051853	303895	304551
CP003534	2522051854	304600	305304
CP003534	2522051855	305399	306727
CP003534	2522051856	306750	308054
CP003534	2522051857	308350	309432
CP003534	2522051858	309484	312426
CP003534	2522051859	312431	314227
CP003534	2522052392	840037	840750
CP003534	2522052393	840831	841223
CP003534	2522052390	838145	839266
CP003534	2522052391	839263	839958
CP003534	2522052396	842667	843137
CP003534	2522052397	843288	843929
CP003534	2522052394	841283	841726
CP003534	2522052395	841834	842634
CP003534	2522052398	844003	845712
CP003534	2522052399	845747	846013
CP003534	2522052558	1012071	1014350
CP003534	2522052559	1014468	1014887
CP003534	2522052554	996506	997300
CP003534	2522052555	997318	998088
CP003534	2522052556	998354	998533
CP003534	2522052557	998557	1012023
CP003534	2522052550	990756	992930
CP003534	2522052551	993278	993988
CP003534	2522052552	993989	995398
CP003534	2522052553	995429	995902
CP003534	2522051924	386387	386842
CP003534	2522051925	386910	388130
CP003534	2522051926	388174	388917
CP003534	2522051927	388914	389576
CP003534	2522051920	383910	385202
CP003534	2522051921	385243	385800
CP003534	2522051922	385926	386210
CP003534	2522051923	386215	386412
CP003534	2522053368	1727353	1728864
CP003534	2522053369	1728866	1729528
CP003534	2522051928	389560	389745
CP003534	2522051929	389732	390523
CP003534	2522053162	1551216	1551716
CP003534	2522053163	1551676	1552755
CP003534	2522053160	1549624	1550295
CP003534	2522053161	1550395	1551225
CP003534	2522053166	1554968	1556686
CP003534	2522053167	1556796	1557140
CP003534	2522053164	1552794	1553219
CP003534	2522053165	1553491	1554801
CP003534	2522053168	1557769	1558245
CP003534	2522051739	184756	184977
CP003534	2522051738	184000	184251
CP003534	2522051638	91290	91907
CP003534	2522051639	92040	92348
CP003534	2522052169	621949	623823
CP003534	2522052168	620888	621901
CP003534	2522051630	84871	85893
CP003534	2522051631	85890	86165
CP003534	2522051632	86166	86366
CP003534	2522051633	86482	87288
CP003534	2522052161	616364	616969
CP003534	2522051635	87650	89521
CP003534	2522051636	89572	90381
CP003534	2522051637	90546	91262
CP003534	2522052008	467276	468199
CP003534	2522052009	468364	469530
CP003534	2522053348	1711134	1711349
CP003534	2522052011	470546	471775
CP003534	2522052010	469539	470543
CP003534	2522052013	472900	475008
CP003534	2522052012	471753	472826
CP003534	2522051708	156602	157012
CP003534	2522051709	157019	158527
CP003534	2522052017	479277	479813
CP003534	2522052016	477717	479249
CP003534	2522051704	153090	153797
CP003534	2522052018	479864	481261
CP003534	2522051707	155999	156487
CP003534	2522051700	148914	149606
CP003534	2522051701	149736	150785
CP003534	2522051702	150926	152215
CP003534	2522051703	152199	153104
CP003534	2522053380	1736334	1736504
CP003534	2522053344	1706950	1708392
CP003534	2522052830	1266988	1267410
CP003534	2522052837	1271244	1271810
CP003534	2522052836	1270197	1271276
CP003534	2522052835	1269154	1270176
CP003534	2522052834	1267887	1269083
CP003534	2522052839	1272406	1272810
CP003534	2522052838	1271874	1272335
CP003534	2522052208	661663	662247
CP003534	2522052949	1370756	1371826
CP003534	2522052948	1368856	1370745
CP003534	2522052947	1368365	1368805
CP003534	2522052946	1367311	1368351
CP003534	2522052944	1366260	1367066
CP003534	2522052943	1365896	1366234
CP003534	2522052942	1365296	1365868
CP003534	2522052941	1364531	1365172
CP003534	2522052940	1363746	1364528
CP003534	2522052769	1202861	1203442
CP003534	2522052768	1202493	1202690
CP003534	2522052763	1198599	1199177
CP003534	2522052762	1198347	1198598
CP003534	2522052761	1197050	1198057
CP003534	2522052767	1201743	1202432
CP003534	2522052766	1199801	1201651
CP003534	2522052765	1199554	1199799
CP003534	2522052764	1199189	1199458
CP003534	2522052499	947610	948860
CP003534	2522052498	946819	947463
CP003534	2522052495	942590	943807
CP003534	2522052494	941375	942430
CP003534	2522052497	946206	946829
CP003534	2522052496	944869	946209
CP003534	2522052491	937943	938323
CP003534	2522052490	937580	937891
CP003534	2522052493	940266	940994
CP003534	2522052492	938450	939856
CP003534	2522052316	766574	767776
CP003534	2522053339	1700858	1701682
CP003534	2522053338	1700237	1700854
CP003534	2522051847	299447	300379
CP003534	2522051846	298294	299454
CP003534	2522051845	297377	298294
CP003534	2522051844	296410	297324
CP003534	2522051843	295164	296339
CP003534	2522051842	294630	295094
CP003534	2522051841	293318	294469
CP003534	2522051840	292378	293325
CP003534	2522051849	300933	301559
CP003534	2522051848	300371	300955
CP003534	2522052381	829660	830487
CP003534	2522052380	828400	829569
CP003534	2522052383	830672	831475
CP003534	2522052382	830493	830675
CP003534	2522052385	833333	834883
CP003534	2522052384	831480	833360
CP003534	2522052387	836044	836355
CP003534	2522052386	834994	835842
CP003534	2522052389	837107	838108
CP003534	2522052388	836361	837110
CP003534	2522052543	981004	981786
CP003534	2522052542	979884	980774
CP003534	2522053018	1426523	1426822
CP003534	2522053019	1426826	1428016
CP003534	2522052547	985999	987117
CP003534	2522052546	984842	985996
CP003534	2522052545	983131	984609
CP003534	2522052544	981776	983080
CP003534	2522053012	1423069	1423320
CP003534	2522053013	1423317	1424534
CP003534	2522053010	1421670	1422098
CP003534	2522053011	1422111	1423046
CP003534	2522053016	1425623	1426066
CP003534	2522053017	1426077	1426514
CP003534	2522053014	1424574	1424930
CP003534	2522053015	1424969	1425616
CP003534	2522051939	397767	399029
CP003534	2522051938	396694	397521
CP003534	2522051933	392066	393526
CP003534	2522051931	391163	391639
CP003534	2522051930	390510	391115
CP003534	2522051937	395384	396697
CP003534	2522051936	394679	395236
CP003534	2522051935	394372	394677
CP003534	2522051934	393783	394361
CP003534	2522053376	1733419	1734180
CP003534	2522053375	1732808	1733422
CP003534	2522053374	1732447	1732749
CP003534	2522053373	1732204	1732446
CP003534	2522053372	1730840	1732090
CP003534	2522053371	1730346	1730864
CP003534	2522053370	1729821	1730171
CP003534	2522053379	1735985	1736197
CP003534	2522053378	1734393	1735979
CP003534	2522053171	1559185	1559631
CP003534	2522053170	1558475	1559188
CP003534	2522053173	1560124	1560354
CP003534	2522053172	1559564	1560112
CP003534	2522053175	1561724	1562335
CP003534	2522053174	1560354	1561685
CP003534	2522053177	1563087	1564172
CP003534	2522053176	1562369	1563073
CP003534	2522053179	1565613	1566062
CP003534	2522053178	1564252	1565613
CP003534	2522052150	605178	606434
CP003534	2522052151	606504	606935
CP003534	2522052152	606936	607412
CP003534	2522052153	607521	608135
CP003534	2522052154	608158	609771
CP003534	2522052155	609783	611492
CP003534	2522052156	611498	613471
CP003534	2522051628	82504	83352
CP003534	2522051627	81674	82507
CP003534	2522052159	614802	615776
CP003534	2522051625	78510	80354
CP003534	2522051624	77739	78257
CP003534	2522051623	76423	77688
CP003534	2522051622	74793	75686
CP003534	2522051621	74042	74803
CP003534	2522051620	73162	73917
CP003534	2522052024	485256	485801
CP003534	2522052025	486113	486652
CP003534	2522052026	486682	486888
CP003534	2522051710	158522	159385
CP003534	2522051717	164017	165762
CP003534	2522051716	163470	163931
CP003534	2522051715	162834	163421
CP003534	2522052023	484769	485263
CP003534	2522051719	166583	169033
CP003534	2522051718	165759	166502
CP003534	2522052028	487481	488581
CP003534	2522052029	488620	490032
CP003534	2522052846	1276407	1276700
CP003534	2522052847	1276737	1277156
CP003534	2522052844	1275028	1276011
CP003534	2522052845	1275992	1276396
CP003534	2522052842	1273723	1274205
CP003534	2522052843	1274331	1274936
CP003534	2522052840	1272807	1273010
CP003534	2522052841	1273132	1273737
CP003534	2522053332	1694764	1696245
CP003534	2522052849	1277360	1278055
CP003534	2522051542	395	895
CP003534	2522051543	1143	2906
CP003534	2522051546	4267	5064
CP003534	2522051547	5101	5562
CP003534	2522051544	2994	3644
CP003534	2522051545	3992	4270
CP003534	2522051548	5618	6784
CP003534	2522051549	6802	7005
CP003534	2522052055	516681	519539
CP003534	2522052054	515726	516547
CP003534	2522051742	186452	186721
CP003534	2522051743	186734	187024
CP003534	2522052051	512748	513578
CP003534	2522052050	511549	512736
CP003534	2522052053	514780	515733
CP003534	2522051747	189269	190987
CP003534	2522052114	580398	581162
CP003534	2522052718	1159590	1159817
CP003534	2522052719	1159890	1160576
CP003534	2522052716	1156708	1158381
CP003534	2522052717	1158416	1159588
CP003534	2522052714	1152781	1155417
CP003534	2522052715	1155420	1156697
CP003534	2522052713	1151432	1152736
CP003534	2522052710	1149690	1150079
CP003534	2522052711	1150065	1151291
CP003534	2522052117	583250	583759
CP003534	2522052110	576896	577630
CP003534	2522052111	577980	579038
CP003534	2522052112	579022	579594
CP003534	2522052113	579591	580388
CP003534	2522052297	749509	750486
CP003534	2522052296	745942	749313
CP003534	2522052957	1377683	1377916
CP003534	2522052295	744829	745878
CP003534	2522052294	744116	744646
CP003534	2522052293	743496	744119
CP003534	2522052622	1069332	1069829
CP003534	2522052623	1070004	1071116
CP003534	2522052620	1067135	1069120
CP003534	2522052621	1069121	1069363
CP003534	2522052626	1072227	1073303
CP003534	2522052627	1073361	1074443
CP003534	2522052625	1071350	1072243
CP003534	2522052628	1074523	1074954
CP003534	2522052629	1074904	1076235
CP003534	2522053009	1420751	1421590
CP003534	2522053008	1419455	1420648
CP003534	2522052536	975794	976096
CP003534	2522052537	976301	976774
CP003534	2522052534	974400	975395
CP003534	2522052535	975429	975737
CP003534	2522052532	973035	973730
CP003534	2522052533	973727	974407
CP003534	2522052530	971542	972516
CP003534	2522053001	1414810	1415835
CP003534	2522053000	1413662	1414813
CP003534	2522053003	1416337	1417596
CP003534	2522053002	1415838	1416350
CP003534	2522053005	1418316	1418687
CP003534	2522053004	1417601	1418329
CP003534	2522053007	1418889	1419359
CP003534	2522052539	977451	977936
CP003534	2522051948	404596	405048
CP003534	2522051949	405144	406334
CP003534	2522051946	403507	403995
CP003534	2522051947	404006	404563
CP003534	2522051944	402138	402449
CP003534	2522051945	402452	403372
CP003534	2522051942	400351	400611
CP003534	2522051943	400805	401962
CP003534	2522051940	399081	399917
CP003534	2522051941	399919	400272
CP003534	2522052538	976727	977326
CP003534	2522053006	1418684	1418887
CP003534	2522053144	1533602	1533880
CP003534	2522053145	1533877	1534554
CP003534	2522053146	1534663	1535826
CP003534	2522053147	1535827	1536948
CP003534	2522053140	1530063	1530905
CP003534	2522053141	1530902	1532095
CP003534	2522053142	1532098	1532367
CP003534	2522053143	1532641	1533609
CP003534	2522052442	892584	893003
CP003534	2522052443	893009	893617
CP003534	2522052440	891374	892003
CP003534	2522052441	892015	892491
CP003534	2522053148	1536945	1538072
CP003534	2522053149	1538176	1539306
CP003534	2522052444	893981	894496
CP003534	2522052445	894999	895595
CP003534	2522052147	603279	603890
CP003534	2522052146	602535	603167
CP003534	2522052145	601888	602520
CP003534	2522052144	601064	601741
CP003534	2522052143	600440	600766
CP003534	2522052142	599269	600267
CP003534	2522052141	598614	599300
CP003534	2522052140	597894	598535
CP003534	2522052149	604692	605174
CP003534	2522052148	603902	604681
CP003534	2522051898	353490	354023
CP003534	2522051899	353986	354555
CP003534	2522051894	348999	350048
CP003534	2522051895	350059	351489
CP003534	2522051896	351611	352459
CP003534	2522051897	352471	353478
CP003534	2522051890	343095	344003
CP003534	2522051891	344000	344713
CP003534	2522051892	344718	345779
CP003534	2522051893	346244	348730
CP003534	2522052039	500127	501476
CP003534	2522052038	499271	500134
CP003534	2522052033	494182	495048
CP003534	2522052032	493288	493845
CP003534	2522052031	491145	493235
CP003534	2522052030	490077	491135
CP003534	2522052037	498370	499269
CP003534	2522052036	497011	498297
CP003534	2522052035	496133	496732
CP003534	2522052034	495241	496140
CP003534	2522051766	211936	212541
CP003534	2522051767	212516	213751
CP003534	2522051764	210648	211265
CP003534	2522051765	211290	211892
CP003534	2522051762	209137	209742
CP003534	2522051763	209803	210573
CP003534	2522051760	207234	207944
CP003534	2522051761	208216	208638
CP003534	2522051768	213914	214513
CP003534	2522051769	214510	214686
CP003534	2522053269	1646333	1646593
CP003534	2522053268	1645830	1646336
CP003534	2522052855	1281822	1282115
CP003534	2522052854	1281581	1281736
CP003534	2522052857	1282832	1283983
CP003534	2522052856	1282119	1282769
CP003534	2522052851	1278447	1279187
CP003534	2522052853	1281254	1281580
CP003534	2522052852	1279326	1281014
CP003534	2522052859	1284902	1286053
CP003534	2522052858	1283975	1284616
CP003534	2522053265	1642812	1643399
CP003534	2522053264	1642321	1642815
CP003534	2522051551	8560	9396
CP003534	2522051550	7129	8559
CP003534	2522051553	10955	11419
CP003534	2522051552	9696	10913
CP003534	2522051555	12214	13308
CP003534	2522051554	11431	12036
CP003534	2522051557	14647	15681
CP003534	2522051556	13301	14449
CP003534	2522051559	16693	17382
CP003534	2522051558	15683	16690
CP003534	2522052448	897514	898059
CP003534	2522052449	898396	901299
CP003534	2522052709	1149215	1149631
CP003534	2522052708	1148576	1149211
CP003534	2522052705	1146038	1146991
CP003534	2522052704	1145753	1145956
CP003534	2522052707	1148286	1148573
CP003534	2522052706	1146983	1148254
CP003534	2522052701	1142789	1143631
CP003534	2522052700	1141636	1142640
CP003534	2522052703	1145123	1145689
CP003534	2522052702	1143632	1145059
CP003534	2522052630	1076352	1077149
CP003534	2522052633	1078035	1079483
CP003534	2522052632	1077315	1078052
CP003534	2522052634	1079558	1081381
CP003534	2522052637	1082915	1083895
CP003534	2522052639	1084381	1086231
CP003534	2522052638	1084023	1084397
CP003534	2522052525	967438	968097
CP003534	2522052524	967124	967441
CP003534	2522052527	968534	969994
CP003534	2522052526	968205	968528
CP003534	2522053038	1445246	1446394
CP003534	2522053039	1446369	1448063
CP003534	2522052523	966218	966877
CP003534	2522052522	965451	966221
CP003534	2522053034	1441666	1442994
CP003534	2522053035	1442972	1443388
CP003534	2522053036	1443576	1443986
CP003534	2522053037	1443992	1445239
CP003534	2522052529	970814	971545
CP003534	2522053031	1438634	1439419
CP003534	2522053032	1439584	1440084
CP003534	2522053033	1440286	1441656
CP003534	2522051959	410994	411839
CP003534	2522051958	410391	410927
CP003534	2522051955	409071	409601
CP003534	2522051954	408779	409081
CP003534	2522051957	409783	410349
CP003534	2522051956	409601	409786
CP003534	2522051951	406787	407779
CP003534	2522051950	406331	406780
CP003534	2522051953	408625	408777
CP003534	2522051952	408065	408652
CP003534	2522053159	1549214	1549459
CP003534	2522053158	1548513	1549214
CP003534	2522053153	1543156	1545447
CP003534	2522053152	1541726	1543159
CP003534	2522053151	1540746	1541447
CP003534	2522053150	1539311	1540753
CP003534	2522053157	1548163	1548516
CP003534	2522053156	1546949	1548166
CP003534	2522053155	1546508	1546702
CP003534	2522053154	1545657	1546478
CP003534	2522052459	909000	910022
CP003534	2522052458	908074	909003
CP003534	2522052451	902681	903559
CP003534	2522052450	901581	902684
CP003534	2522052453	904359	905645
CP003534	2522052452	903571	904362
CP003534	2522052454	905681	905968
CP003534	2522052457	907056	908072
CP003534	2522052456	906181	907059
CP003534	2522051883	336748	338139
CP003534	2522051882	333881	336742
CP003534	2522051881	333563	333874
CP003534	2522051880	332454	333566
CP003534	2522051887	340424	341638
CP003534	2522051886	339660	340427
CP003534	2522051885	338992	339654
CP003534	2522051884	338160	338804
CP003534	2522051889	342495	343064
CP003534	2522051888	341615	342436
CP003534	2522052048	510415	510975
CP003534	2522052049	511192	511590
CP003534	2522052046	507517	508920
CP003534	2522052047	509394	510413
CP003534	2522052044	505690	506352
CP003534	2522052045	506437	506973
CP003534	2522052042	503544	504914
CP003534	2522052043	505003	505302
CP003534	2522052040	501492	502499
CP003534	2522052041	502607	503614
CP003534	2522051775	222095	222904
CP003534	2522051774	221056	221958
CP003534	2522051777	224289	225083
CP003534	2522051776	222908	223642
CP003534	2522051771	215851	218172
CP003534	2522051770	214838	215722
CP003534	2522051773	219340	221049
CP003534	2522051772	218263	219333
CP003534	2522052280	733523	734659
CP003534	2522052281	734705	734995
CP003534	2522052282	735022	735390
CP003534	2522052283	735392	736522
CP003534	2522051779	225897	226277
CP003534	2522052285	737271	738452
CP003534	2522052286	738445	738744
CP003534	2522052287	738869	739840
CP003534	2522052198	652385	653089
CP003534	2522052199	653128	653688
CP003534	2522052194	646014	649019
CP003534	2522052195	649006	649293
CP003534	2522052196	649283	650338
CP003534	2522052197	650380	652341
CP003534	2522052190	643433	644629
CP003534	2522052191	644703	645002
CP003534	2522052192	644999	645571
CP003534	2522052193	645568	645936
CP003534	2522051564	20981	21163
CP003534	2522051565	21294	21908
CP003534	2522051566	21880	22866
CP003534	2522051567	23104	24705
CP003534	2522051560	17474	18100
CP003534	2522051561	18097	18756
CP003534	2522051562	18868	20466
CP003534	2522051568	24748	25338
CP003534	2522051569	25509	26564
CP003534	2522052994	1408807	1410273
CP003534	2522052995	1410257	1411633
CP003534	2522052996	1411619	1411948
CP003534	2522052990	1406387	1407622
CP003534	2522052991	1407636	1407824
CP003534	2522052992	1407840	1408070
CP003534	2522052993	1408227	1408682
CP003534	2522052998	1412092	1412370
CP003534	2522052999	1412485	1413531
CP003534	2522052868	1297139	1297690
CP003534	2522052869	1297725	1297985
CP003534	2522052860	1286043	1287320
CP003534	2522052861	1287716	1289608
CP003534	2522052862	1290085	1291296
CP003534	2522052863	1291463	1293187
CP003534	2522052864	1293168	1294616
CP003534	2522052865	1294628	1295647
CP003534	2522052866	1295710	1296645
CP003534	2522052867	1296631	1297158
CP003534	2522052730	1168395	1168670
CP003534	2522052731	1168702	1168974
CP003534	2522052732	1168950	1169555
CP003534	2522052733	1169552	1170304
CP003534	2522052734	1170406	1170933
CP003534	2522052735	1171162	1172364
CP003534	2522052736	1172357	1172830
CP003534	2522052737	1172820	1173278
CP003534	2522052738	1173337	1173999
CP003534	2522052739	1174204	1175793
CP003534	2522052605	1056587	1057792
CP003534	2522052606	1057839	1058108
CP003534	2522052607	1058152	1058406
CP003534	2522052600	1052333	1053754
CP003534	2522052601	1053765	1055087
CP003534	2522052602	1055243	1055473
CP003534	2522052603	1055517	1056404
CP003534	2522052608	1058407	1059528
CP003534	2522052609	1059468	1059827
CP003534	2522052132	592707	593039
CP003534	2522051648	100058	100897
CP003534	2522052518	961284	961703
CP003534	2522052519	961915	963720
CP003534	2522052510	956826	957497
CP003534	2522052511	957816	958022
CP003534	2522052512	958131	958679
CP003534	2522052513	958830	959123
CP003534	2522052514	959130	959495
CP003534	2522052515	959626	959853
CP003534	2522052516	959842	960456
CP003534	2522052517	960679	961287
CP003534	2522053022	1434130	1434378
CP003534	2522053021	1430757	1434110
CP003534	2522053020	1428030	1430753
CP003534	2522053027	1435504	1436304
CP003534	2522053024	1434617	1435237
CP003534	2522053029	1437060	1437854
CP003534	2522053028	1436327	1437076
CP003534	2522051643	94395	95396
CP003534	2522051960	411937	412242
CP003534	2522051961	412253	413362
CP003534	2522051962	413359	416070
CP003534	2522051963	416067	418304
CP003534	2522051964	418381	418896
CP003534	2522051965	418967	420262
CP003534	2522051966	420373	421560
CP003534	2522051967	421561	422310
CP003534	2522051968	422400	422912
CP003534	2522051969	422909	423427
CP003534	2522053128	1520323	1521153
CP003534	2522053129	1521155	1521901
CP003534	2522053126	1518149	1519690
CP003534	2522053127	1519658	1520326
CP003534	2522053124	1515570	1516946
CP003534	2522053125	1517025	1518167
CP003534	2522053122	1514095	1514448
CP003534	2522053123	1514452	1515456
CP003534	2522053120	1512804	1513358
CP003534	2522053121	1513505	1514104
CP003534	2522052468	920486	921061
CP003534	2522052469	921058	921342
CP003534	2522052464	916250	917008
CP003534	2522052465	916977	918149
CP003534	2522052466	918359	919816
CP003534	2522052467	919827	920384
CP003534	2522052460	910019	911122
CP003534	2522052461	911314	912612
CP003534	2522052462	912753	913574
CP003534	2522052463	913571	916192
CP003534	2522053219	1606474	1606788
CP003534	2522053232	1617977	1618435
CP003534	2522053230	1615950	1617104
CP003534	2522053231	1617220	1617903
CP003534	2522053236	1619474	1620136
CP003534	2522053237	1620278	1621060
CP003534	2522053235	1618877	1619353
CP003534	2522053238	1621026	1621757
CP003534	2522053239	1621741	1622766
CP003534	2522051748	191107	192573
CP003534	2522051749	192575	194104
CP003534	2522053314	1674665	1678195
CP003534	2522052059	523329	523994
CP003534	2522052058	521848	523164
CP003534	2522051740	184982	185536
CP003534	2522051741	185837	186193
CP003534	2522052057	520696	521838
CP003534	2522052056	519544	520635
CP003534	2522051744	187065	188018
CP003534	2522051745	188061	188492
CP003534	2522051746	188621	189220
CP003534	2522052052	513578	514777
CP003534	2522051988	442493	443017
CP003534	2522051989	443215	445089
CP003534	2522052299	751404	752243
CP003534	2522052298	750583	751380
CP003534	2522051982	438278	438919
CP003534	2522051983	438934	439209
CP003534	2522051980	436331	437779
CP003534	2522051981	437881	438192
CP003534	2522051986	441476	442300
CP003534	2522052292	742959	743477
CP003534	2522051984	439193	439777
CP003534	2522051985	439887	441344
CP003534	2522052020	482249	482905
CP003534	2522052183	636852	637799
CP003534	2522052182	635688	636710
CP003534	2522052181	634649	635659
CP003534	2522052180	633225	634544
CP003534	2522052187	641259	642548
CP003534	2522052186	639547	641181
CP003534	2522052185	638672	639502
CP003534	2522052184	637911	638669
CP003534	2522052189	643253	643417
CP003534	2522052188	642541	643200
CP003534	2522051579	35286	35960
CP003534	2522051578	35072	35305
CP003534	2522051573	28437	28607
CP003534	2522051572	27805	28440
CP003534	2522051571	26928	27740
CP003534	2522051570	26566	26931
CP003534	2522051577	32713	34893
CP003534	2522051576	31856	32659
CP003534	2522051575	31089	31853
CP003534	2522051574	28742	31018
CP003534	2522052989	1405312	1406142
CP003534	2522052988	1403905	1405167
CP003534	2522052983	1397969	1399078
CP003534	2522052982	1396369	1397691
CP003534	2522052981	1395915	1396262
CP003534	2522052980	1394381	1395748
CP003534	2522052987	1402946	1403908
CP003534	2522052986	1402392	1402949
CP003534	2522052985	1399892	1402402
CP003534	2522052984	1399075	1399881
CP003534	2522053360	1719129	1721519
CP003534	2522053361	1721658	1722158
CP003534	2522053362	1722277	1723059
CP003534	2522053363	1723070	1723957
CP003534	2522052879	1305790	1306719
CP003534	2522052878	1303930	1305786
CP003534	2522052877	1302452	1303933
CP003534	2522052876	1302111	1302455
CP003534	2522052875	1301407	1302114
CP003534	2522052874	1301120	1301404
CP003534	2522052873	1300752	1301123
CP003534	2522052872	1300501	1300755
CP003534	2522052871	1299998	1300504
CP003534	2522052870	1297991	1299754
CP003534	2522052727	1167301	1167573
CP003534	2522052726	1165838	1167304
CP003534	2522052725	1165622	1165828
CP003534	2522052724	1164319	1165581
CP003534	2522052723	1163125	1164282
CP003534	2522052722	1162313	1163140
CP003534	2522052721	1161213	1162316
CP003534	2522052720	1160560	1161171
CP003534	2522053367	1726562	1727347
CP003534	2522052729	1167956	1168414
CP003534	2522052728	1167576	1167953
CP003534	2522052115	581174	581998
CP003534	2522052619	1066896	1067132
CP003534	2522052618	1066048	1066806
CP003534	2522052613	1061715	1062212
CP003534	2522052612	1061223	1061711
CP003534	2522052611	1060688	1061245
CP003534	2522052610	1059810	1060466
CP003534	2522052617	1065220	1065999
CP003534	2522052616	1063843	1065198
CP003534	2522052615	1063442	1063846
CP003534	2522052614	1062202	1063329
CP003534	2522052116	582170	583147
CP003534	2522052509	955931	956848
CP003534	2522052508	955219	955929
CP003534	2522052507	954028	955074
CP003534	2522052506	953496	954035
CP003534	2522052505	952143	953339
CP003534	2522052504	951426	952085
CP003534	2522052503	950749	951429
CP003534	2522052502	950222	950752
CP003534	2522052501	949484	950128
CP003534	2522052500	948853	949494
CP003534	2522053056	1461424	1462281
CP003534	2522053057	1462332	1462655
CP003534	2522053054	1458782	1460119
CP003534	2522053055	1460109	1461353
CP003534	2522053052	1457232	1457654
CP003534	2522053053	1457791	1458627
CP003534	2522053050	1456008	1456517
CP003534	2522053051	1456504	1457235
CP003534	2522053058	1462703	1463068
CP003534	2522053059	1463074	1463868
CP003534	2522051977	433714	434217
CP003534	2522051976	432284	433630
CP003534	2522051975	431808	432200
CP003534	2522051974	429577	431808
CP003534	2522051973	427657	429588
CP003534	2522051972	427089	427544
CP003534	2522051971	424363	427092
CP003534	2522051970	423544	424293
CP003534	2522051979	435188	436330
CP003534	2522051978	434217	435125
CP003534	2522053139	1529544	1530056
CP003534	2522053138	1528390	1529547
CP003534	2522053135	1525866	1526924
CP003534	2522053134	1525396	1525860
CP003534	2522053137	1527548	1528393
CP003534	2522053136	1527009	1527551
CP003534	2522053131	1523606	1524256
CP003534	2522053130	1522212	1523495
CP003534	2522053133	1524806	1525417
CP003534	2522053132	1524246	1524794
CP003534	2522052473	922671	923354
CP003534	2522052472	922414	922668
CP003534	2522052471	921834	922301
CP003534	2522052470	921376	921783
CP003534	2522052477	926289	927140
CP003534	2522052476	925591	926292
CP003534	2522052475	924890	925594
CP003534	2522052474	923608	924258
CP003534	2522052479	927393	927884
CP003534	2522052478	927263	927415
CP003534	2522053221	1607976	1609019
CP003534	2522053220	1607048	1608022
CP003534	2522053223	1609864	1610856
CP003534	2522053222	1609103	1609852
CP003534	2522053225	1611710	1611877
CP003534	2522053224	1610853	1611629
CP003534	2522053227	1613027	1613518
CP003534	2522053226	1611999	1613039
CP003534	2522053229	1614654	1615694
CP003534	2522053228	1613515	1614657
CP003534	2522052060	523997	524767
CP003534	2522052061	524876	525958
CP003534	2522052062	525948	526469
CP003534	2522052063	526472	527761
CP003534	2522052064	527885	528886
CP003534	2522052065	529092	530054
CP003534	2522052066	530325	533030
CP003534	2522052067	533085	534065
CP003534	2522051757	203828	204580
CP003534	2522051756	203452	203814
CP003534	2522051755	199332	203417
CP003534	2522051754	198130	199335
CP003534	2522051753	197234	198133
CP003534	2522051752	195831	197195
CP003534	2522051751	194792	195634
CP003534	2522051750	194295	194795
CP003534	2522052262	715220	716392
CP003534	2522052263	716454	716825
CP003534	2522052260	713742	714932
CP003534	2522052261	714944	715207
CP003534	2522052266	718590	719357
CP003534	2522052267	719347	719676
CP003534	2522052264	717079	717270
CP003534	2522052265	717292	718533
CP003534	2522051991	445771	448449
CP003534	2522051990	445070	445633
CP003534	2522052268	720861	722234
CP003534	2522052269	722235	724181
CP003534	2522051995	452683	455151
CP003534	2522051994	449908	452640
CP003534	2522051997	456145	457020
CP003534	2522051996	455165	456151
CP003534	2522052165	618127	618543
CP003534	2522052167	619779	620792
CP003534	2522052166	618643	619821
CP003534	2522051634	87292	87669
CP003534	2522052160	615819	616349
CP003534	2522052162	617136	617603
CP003534	2522052088	551986	553092
CP003534	2522052089	553190	555382
CP003534	2522052082	546725	547672
CP003534	2522052083	547720	548793
CP003534	2522052081	546038	546712
CP003534	2522052086	550769	551608
CP003534	2522052087	551601	551963
CP003534	2522052084	548849	549199
CP003534	2522052085	549283	550473
CP003534	2522052882	1307841	1309016
CP003534	2522052883	1309022	1309648
CP003534	2522052880	1306730	1307308
CP003534	2522052881	1307305	1307829
CP003534	2522052886	1311314	1313227
CP003534	2522052887	1313214	1314353
CP003534	2522052884	1309637	1310845
CP003534	2522052885	1310920	1311264
CP003534	2522052888	1314626	1315000
CP003534	2522052889	1315036	1316001
CP003534	2522052668	1108303	1109802
CP003534	2522052669	1109812	1111479
CP003534	2522052666	1106898	1107449
CP003534	2522052667	1107446	1108084
CP003534	2522052664	1105872	1106204
CP003534	2522052665	1106288	1106938
CP003534	2522052662	1104972	1105721
CP003534	2522052663	1105726	1105890
CP003534	2522052660	1103156	1104388
CP003534	2522052661	1104377	1104937
CP003534	2522053045	1451763	1452665
CP003534	2522053044	1451184	1451642
CP003534	2522053047	1453673	1454527
CP003534	2522053046	1452625	1453602
CP003534	2522053041	1448711	1449511
CP003534	2522053040	1448073	1448738
CP003534	2522053043	1450201	1451178
CP003534	2522053042	1449523	1449864
CP003534	2522053049	1455277	1455966
CP003534	2522053048	1454524	1455138
CP003534	2522053100	1500070	1501749
CP003534	2522053101	1501746	1502510
CP003534	2522053102	1502507	1503508
CP003534	2522053103	1503596	1504471
CP003534	2522053104	1504508	1505443
CP003534	2522053105	1505612	1506220
CP003534	2522053106	1506235	1507260
CP003534	2522053107	1507267	1507440
CP003534	2522053109	1507567	1507764
CP003534	2522052406	850957	851343
CP003534	2522052407	851802	853406
CP003534	2522052404	848392	848700
CP003534	2522052405	848690	850609
CP003534	2522052402	847299	847946
CP003534	2522052403	847947	848432
CP003534	2522052400	846194	847015
CP003534	2522052401	847002	847298
CP003534	2522052408	853418	854407
CP003534	2522052409	854445	855944
CP003534	2522051698	143990	147865
CP003534	2522051699	147875	148909
CP003534	2522051696	142190	143053
CP003534	2522051697	143204	143851
CP003534	2522051694	140495	141019
CP003534	2522051695	141237	141974
CP003534	2522051692	139539	140150
CP003534	2522051693	140029	140547
CP003534	2522051690	138226	138705
CP003534	2522051873	325859	326707
CP003534	2522052015	476290	477693
CP003534	2522052014	475073	476284
CP003534	2522053214	1602477	1603124
CP003534	2522053215	1603121	1604125
CP003534	2522053216	1604113	1604910
CP003534	2522053217	1604911	1605831
CP003534	2522053210	1597912	1599408
CP003534	2522053211	1599501	1600712
CP003534	2522053212	1600860	1601684
CP003534	2522053213	1601659	1602480
CP003534	2522052312	763453	764154
CP003534	2522052313	764157	764609
CP003534	2522052310	762294	763163
CP003534	2522052311	763176	763418
CP003534	2522053218	1605828	1606448
CP003534	2522052317	767782	768216
CP003534	2522052314	764606	765358
CP003534	2522052315	765355	766362
CP003534	2522052019	481251	482246
CP003534	2522052077	542903	543130
CP003534	2522052076	541607	542500
CP003534	2522052075	540623	541567
CP003534	2522052074	540093	540626
CP003534	2522052073	538834	540096
CP003534	2522052072	537908	538837
CP003534	2522052071	536896	537930
CP003534	2522052070	535115	536899
CP003534	2522052079	544705	545613
CP003534	2522052078	543252	544283
CP003534	2522052271	724770	726059
CP003534	2522052270	724178	724792
CP003534	2522052273	726722	727936
CP003534	2522052272	726097	726546
CP003534	2522052275	728577	730040
CP003534	2522052277	730790	731392
CP003534	2522052276	730168	730752
CP003534	2522052279	732748	733533
CP003534	2522052278	731393	732520
CP003534	2522052377	825837	826661
CP003534	2522052099	564623	565426
CP003534	2522052098	563365	564504
CP003534	2522052091	556001	556627
CP003534	2522052090	555375	556004
CP003534	2522052093	557132	559378
CP003534	2522052092	556624	557118
CP003534	2522052095	560421	561212
CP003534	2522052094	559412	560173
CP003534	2522052097	562050	563354
CP003534	2522052096	561187	561891
CP003534	2522052891	1317287	1317808
CP003534	2522052890	1315998	1317290
CP003534	2522052893	1318331	1318678
CP003534	2522052892	1317805	1318326
CP003534	2522052895	1320209	1320562
CP003534	2522052894	1318680	1320212
CP003534	2522052897	1320995	1321297
CP003534	2522052896	1320559	1321005
CP003534	2522052899	1321541	1321912
CP003534	2522052898	1321294	1321551
CP003534	2522052679	1122731	1123414
CP003534	2522052678	1121524	1122576
CP003534	2522052675	1118611	1119885
CP003534	2522052674	1117642	1118604
CP003534	2522052677	1120451	1121521
CP003534	2522052676	1120162	1120494
CP003534	2522052671	1112776	1113639
CP003534	2522052670	1111653	1112699
CP003534	2522052673	1114800	1117472
CP003534	2522052672	1113714	1114781
CP003534	2522051902	355657	357771
CP003534	2522051903	357761	357931
CP003534	2522051900	354626	354868
CP003534	2522051901	354870	355541
CP003534	2522052213	666720	667034
CP003534	2522051907	363196	364314
CP003534	2522051904	357945	359387
CP003534	2522051905	359442	361952
CP003534	2522053349	1711346	1712485
CP003534	2522053078	1479074	1479823
CP003534	2522053079	1479921	1480745
CP003534	2522053070	1473571	1473963
CP003534	2522053071	1474093	1474875
CP003534	2522053072	1474872	1475117
CP003534	2522053073	1475111	1475350
CP003534	2522053074	1475409	1475762
CP003534	2522053075	1475807	1477141
CP003534	2522053076	1477542	1478693
CP003534	2522053077	1478749	1479048
CP003534	2522053345	1708535	1709410
CP003534	2522053340	1701703	1702482
CP003534	2522053341	1702479	1703684
CP003534	2522053117	1510987	1511433
CP003534	2522053116	1510425	1510967
CP003534	2522053115	1510015	1510428
CP003534	2522053114	1509200	1509979
CP003534	2522053112	1508676	1509038
CP003534	2522053111	1508241	1508669
CP003534	2522053110	1507823	1508230
CP003534	2522053119	1511708	1512328
CP003534	2522052415	862190	863374
CP003534	2522052414	860320	861975
CP003534	2522052417	864099	865496
CP003534	2522052416	863371	864102
CP003534	2522052411	857214	857708
CP003534	2522052410	855946	857217
CP003534	2522052413	858753	860351
CP003534	2522052412	857705	858766
CP003534	2522052419	866898	868799
CP003534	2522052418	865539	866909
CP003534	2522051689	137387	138220
CP003534	2522051688	135961	137304
CP003534	2522051685	133622	134608
CP003534	2522051684	133426	133638
CP003534	2522051687	135523	135912
CP003534	2522051686	134695	135384
CP003534	2522051681	131409	132164
CP003534	2522051680	130912	131292
CP003534	2522051683	132932	133147
CP003534	2522051682	132225	132938
CP003534	2522053209	1596927	1597919
CP003534	2522053208	1596022	1596930
CP003534	2522053088	1488894	1489955
CP003534	2522053203	1591426	1592499
CP003534	2522053202	1591108	1591338
CP003534	2522053201	1590090	1591124
CP003534	2522053200	1589314	1590105
CP003534	2522053207	1595043	1596032
CP003534	2522053206	1594417	1595031
CP003534	2522053205	1593824	1594420
CP003534	2522053204	1592496	1593704
CP003534	2522052309	759875	762046
CP003534	2522052308	758708	759826
CP003534	2522052301	753434	753892
CP003534	2522052300	752364	753437
CP003534	2522052303	754935	756095
CP003534	2522052302	753893	754819
CP003534	2522052305	757094	757537
CP003534	2522052304	756092	756985
CP003534	2522052307	758046	758666
CP003534	2522052306	757646	758059
CP003534	2522052244	696173	697174
CP003534	2522052245	697194	699644
CP003534	2522052246	699686	700234
CP003534	2522052247	700339	700533
CP003534	2522052240	693350	694063
CP003534	2522052241	694074	694910
CP003534	2522052242	694885	695409
CP003534	2522052243	695464	696180
CP003534	2522052248	700806	702812
CP003534	2522052249	702802	704973
CP003534	2522052938	1362267	1362887
CP003534	2522052939	1363164	1363574
CP003534	2522051759	206360	207220
CP003534	2522052932	1355378	1356016
CP003534	2522052933	1356022	1356936
CP003534	2522052930	1353372	1354418
CP003534	2522052931	1354483	1355400
CP003534	2522052936	1360942	1361385
CP003534	2522052937	1361537	1362298
CP003534	2522052934	1356925	1358823
CP003534	2522052935	1359017	1360945
CP003534	2522052068	534062	534304
CP003534	2522052069	534295	535116
CP003534	2522051999	458588	459334
CP003534	2522051998	457153	458544
CP003534	2522051993	449315	449911
CP003534	2522052640	1086231	1087505
CP003534	2522052641	1087527	1090040
CP003534	2522052642	1090018	1090794
CP003534	2522052643	1090855	1091850
CP003534	2522052644	1091861	1093051
CP003534	2522052645	1093068	1093385
CP003534	2522052646	1093439	1094374
CP003534	2522052647	1094380	1095564
CP003534	2522052648	1095576	1095902
CP003534	2522052649	1095953	1096510
CP003534	2522052520	963820	964419
CP003534	2522053069	1472063	1473574
CP003534	2522053068	1471488	1471931
CP003534	2522053067	1471009	1471236
CP003534	2522052521	964538	965425
CP003534	2522053065	1469247	1470413
CP003534	2522053064	1467671	1468933
CP003534	2522053063	1465894	1466319
CP003534	2522053062	1465256	1465777
CP003534	2522053061	1464465	1465259
CP003534	2522053060	1463911	1464468
CP003534	2522052796	1229123	1229401
CP003534	2522052797	1229402	1229668
CP003534	2522052794	1226745	1228187
CP003534	2522052795	1228636	1229094
CP003534	2522052792	1224014	1225162
CP003534	2522052793	1225167	1226606
CP003534	2522052790	1221966	1222889
CP003534	2522052791	1222896	1223867
CP003534	2522052798	1229690	1231618
CP003534	2522052799	1231587	1232285
CP003534	2522053030	1437851	1438561
CP003534	2522052528	969994	970761
CP003534	2522052428	877040	878728
CP003534	2522052429	878991	879290
CP003534	2522052420	868974	871295
CP003534	2522052421	871387	872490
CP003534	2522052422	872491	872718
CP003534	2522052423	873020	874375
CP003534	2522052424	874417	875022
CP003534	2522052425	875096	876397
CP003534	2522052426	876336	876611
CP003534	2522052427	876616	877017
CP003534	2522051830	280251	281141
CP003534	2522051836	288462	289061
CP003534	2522051837	289145	290716
CP003534	2522051834	286428	287909
CP003534	2522051835	287915	288478
CP003534	2522053276	1651285	1651995
CP003534	2522053277	1651992	1652603
CP003534	2522053274	1650352	1650795
CP003534	2522051839	291626	292309
CP003534	2522053272	1648246	1648836
CP003534	2522053273	1648897	1650303
CP003534	2522053270	1646590	1647723
CP003534	2522053271	1647726	1648187
CP003534	2522052338	789721	790602
CP003534	2522052339	790603	791472
CP003534	2522052334	784529	784714
CP003534	2522052335	784957	788160
CP003534	2522052336	788285	788884
CP003534	2522052337	788891	789595
CP003534	2522052330	780556	780975
CP003534	2522052331	780990	782240
CP003534	2522052332	782242	782715
CP003534	2522052333	782780	784120
CP003534	2522051784	231967	237093
CP003534	2522051785	237145	237777
CP003534	2522051786	237788	238468
CP003534	2522052258	712102	713349
CP003534	2522051780	226288	227016
CP003534	2522051781	227130	227903
CP003534	2522051782	228762	230021
CP003534	2522051783	230021	231967
CP003534	2522052253	706791	708164
CP003534	2522052252	706269	706790
CP003534	2522052251	705253	706068
CP003534	2522052250	704958	705248
CP003534	2522052257	711152	712096
CP003534	2522051789	240760	241479
CP003534	2522052255	709952	710761
CP003534	2522052254	708258	709811
CP003534	2522053302	1665916	1666317
CP003534	2522053303	1666528	1666734
CP003534	2522053300	1664055	1664462
CP003534	2522053301	1664566	1665813
CP003534	2522053306	1668283	1668756
CP003534	2522053307	1668753	1669358
CP003534	2522053304	1666812	1667612
CP003534	2522053305	1667609	1668118
CP003534	2522053308	1669355	1669657
CP003534	2522053309	1669654	1670412
CP003534	2522053250	1630970	1631746
CP003534	2522051658	112790	112987
CP003534	2522051659	113059	113955
CP003534	2522053251	1631743	1633479
CP003534	2522051652	104879	106111
CP003534	2522051653	106121	108223
CP003534	2522051650	101498	103894
CP003534	2522051651	103899	104501
CP003534	2522051656	108972	109925
CP003534	2522051657	111339	112655
CP003534	2522051654	108227	108715
CP003534	2522051655	108712	108972
CP003534	2522053253	1635258	1635581
CP003534	2522053254	1635602	1635976
CP003534	2522053255	1636113	1637237
CP003534	2522053256	1637239	1637976
CP003534	2522053257	1638201	1638533
CP003534	2522052929	1352567	1353370
CP003534	2522052928	1350544	1352379
CP003534	2522052921	1343310	1344629
CP003534	2522052920	1342618	1343295
CP003534	2522052923	1346596	1347117
CP003534	2522052922	1344634	1346589
CP003534	2522052925	1347913	1348809
CP003534	2522052924	1347301	1347909
CP003534	2522052927	1349732	1350487
CP003534	2522052926	1348842	1349666
CP003534	2522052657	1101722	1102237
CP003534	2522052656	1100746	1101699
CP003534	2522052655	1100151	1100744
CP003534	2522052654	1099909	1100154
CP003534	2522052653	1099472	1099912
CP003534	2522052652	1098992	1099396
CP003534	2522052651	1097824	1098990
CP003534	2522052650	1096761	1097813
CP003534	2522052658	1102234	1102920
CP003534	2522053092	1493224	1494318
CP003534	2522053093	1494395	1494895
CP003534	2522053090	1491450	1492394
CP003534	2522053091	1492391	1493224
CP003534	2522053096	1497522	1498634
CP003534	2522053097	1498545	1499102
CP003534	2522053094	1494885	1495865
CP003534	2522053095	1496018	1497223
CP003534	2522053098	1499087	1499380
CP003534	2522053099	1499594	1500025
CP003534	2522052785	1214944	1215621
CP003534	2522052784	1214018	1214947
CP003534	2522052787	1217604	1218773
CP003534	2522052786	1215835	1217268
CP003534	2522052781	1212049	1212954
CP003534	2522052780	1211480	1212049
CP003534	2522052783	1213327	1214016
CP003534	2522052782	1213014	1213313
CP003534	2522052789	1219762	1221969
CP003534	2522052788	1218765	1219757
CP003534	2522052439	888854	891178
CP003534	2522052438	888000	888584
CP003534	2522052437	886973	887995
CP003534	2522052436	886132	886971
CP003534	2522052435	885162	886091
CP003534	2522052434	884331	885050
CP003534	2522052433	883928	884338
CP003534	2522052432	882135	883928
CP003534	2522052431	880818	882134
CP003534	2522052430	879518	880759
CP003534	2522051821	272808	273677
CP003534	2522051820	271252	272493
CP003534	2522051823	274293	275321
CP003534	2522051822	273770	274165
CP003534	2522051825	275665	276999
CP003534	2522051824	275332	275553
CP003534	2522051827	277902	279095
CP003534	2522051826	276987	277829
CP003534	2522051829	279582	280190
CP003534	2522051828	279092	279595
CP003534	2522053267	1644406	1645833
CP003534	2522053266	1643771	1644331
CP003534	2522053261	1640984	1641247
CP003534	2522053260	1640350	1641003
CP003534	2522053263	1641987	1642295
CP003534	2522053262	1641346	1641951
CP003534	2522052323	773524	774681
CP003534	2522052322	772679	773548
CP003534	2522052321	772180	772563
CP003534	2522052320	770367	772136
CP003534	2522052327	778560	778844
CP003534	2522052326	777039	778394
CP003534	2522052325	775404	776756
CP003534	2522052324	774659	775363
CP003534	2522052329	780161	780487
CP003534	2522052328	779241	780164
CP003534	2522051799	250897	251670
CP003534	2522051798	249732	250913
CP003534	2522052291	742534	742899
CP003534	2522051793	244870	247473
CP003534	2522051792	243418	244863
CP003534	2522051791	242472	243392
CP003534	2522051790	241424	242422
CP003534	2522051797	249541	249735
CP003534	2522051796	248856	249572
CP003534	2522051795	248043	248723
CP003534	2522051794	247634	248050
CP003534	2522052228	680596	681360
CP003534	2522052229	681332	682075
CP003534	2522052226	679004	680002
CP003534	2522052227	680115	680492
CP003534	2522052224	677306	678043
CP003534	2522052225	678150	679007
CP003534	2522052222	675976	676395
CP003534	2522052223	676515	677261
CP003534	2522052220	672333	672755
CP003534	2522052221	672811	675972
CP003534	2522053311	1671960	1673573
CP003534	2522053310	1670409	1671827
CP003534	2522053313	1673987	1674646
CP003534	2522053312	1673560	1673994
CP003534	2522053315	1678268	1678597
CP003534	2522052290	741511	742533
CP003534	2522053317	1679280	1679867
CP003534	2522053316	1678594	1679268
CP003534	2522053319	1681340	1682566
CP003534	2522053318	1679860	1681071
CP003534	2522053066	1470488	1471006
CP003534	2522051649	100894	101493
CP003534	2522052133	593039	593764
CP003534	2522052130	591417	591758
CP003534	2522052131	591721	592707
CP003534	2522052134	593768	594109
CP003534	2522052135	594388	595353
CP003534	2522051641	93099	93638
CP003534	2522051640	92537	93043
CP003534	2522052138	595945	596520
CP003534	2522052139	596703	597884
CP003534	2522051645	96707	97981
CP003534	2522051644	95383	96693
CP003534	2522051647	99184	100077
CP003534	2522051646	97978	99174
CP003534	2522052918	1339091	1340089
CP003534	2522052919	1340197	1342347
CP003534	2522052914	1335555	1335935
CP003534	2522052915	1335963	1336943
CP003534	2522052916	1336955	1337935
CP003534	2522052917	1337928	1339079
CP003534	2522052910	1331869	1332732
CP003534	2522052911	1333034	1333438
CP003534	2522052912	1333448	1334449
CP003534	2522052913	1334436	1335461
CP003534	2522052288	739837	740304
CP003534	2522052540	978016	978960
CP003534	2522052289	740391	741356
CP003534	2522053081	1481383	1481796
CP003534	2522053080	1480739	1481215
CP003534	2522053083	1483589	1484848
CP003534	2522053082	1481811	1483526
CP003534	2522053085	1485420	1486112
CP003534	2522053084	1484896	1485303
CP003534	2522053087	1488193	1488897
CP003534	2522053086	1486095	1488209
CP003534	2522053089	1490081	1491442
CP003534	2522052125	588036	588851
CP003534	2522052124	587763	587918
CP003534	2522051674	127337	127813
CP003534	2522052128	590203	590991
CP003534	2522052284	736519	737193
CP003534	2522051712	160208	160852
CP003534	2522051778	225142	225900
CP003534	2522052688	1130263	1130610
CP003534	2522052689	1130666	1131211
CP003534	2522052684	1127410	1127637
CP003534	2522052685	1127820	1129175
CP003534	2522052686	1129172	1129456
CP003534	2522052687	1129505	1130266
CP003534	2522052680	1123468	1124256
CP003534	2522052681	1124640	1125278
CP003534	2522052682	1125406	1126578
CP003534	2522052683	1126583	1127251
CP003534	2522052541	979016	979879
CP003534	2522051814	264138	265220
CP003534	2522051815	265211	266401
CP003534	2522051816	266586	267671
CP003534	2522051817	267677	268546
CP003534	2522051810	260553	261722
CP003534	2522051811	261769	262830
CP003534	2522051812	262894	263361
CP003534	2522051813	263444	264064
CP003534	2522053258	1638630	1639328
CP003534	2522053259	1639376	1640176
CP003534	2522051818	268546	269484
CP003534	2522051819	269489	271111
CP003534	2522052356	805890	806168
CP003534	2522052357	806397	808397
CP003534	2522052354	804327	804713
CP003534	2522052355	804758	805558
CP003534	2522052352	802628	803287
CP003534	2522052353	803284	803796
CP003534	2522052350	801825	802082
CP003534	2522052351	802312	802608
CP003534	2522052358	808426	808908
CP003534	2522052359	808905	809078
CP003534	2522052549	989816	990679
CP003534	2522052548	988826	989809
CP003534	2522052239	693000	693317
CP003534	2522052238	692791	693003
CP003534	2522052235	687540	687965
CP003534	2522052234	685468	687543
CP003534	2522052237	692015	692794
CP003534	2522052236	688105	691752
CP003534	2522052231	682735	683016
CP003534	2522052230	682082	682630
CP003534	2522052233	683669	685471
CP003534	2522053324	1686395	1687441
CP003534	2522053325	1687748	1688440
CP003534	2522053326	1688458	1688949
CP003534	2522053327	1688946	1689374
CP003534	2522053320	1682578	1683090
CP003534	2522053321	1683407	1683841
CP003534	2522053322	1684198	1685418
CP003534	2522053323	1685415	1686362
CP003534	2522053328	1690693	1691976
CP003534	2522053329	1692466	1692705
CP003534	2522051714	162274	162831
CP003534	2522052121	586509	586742
CP003534	2522052120	586049	586486
CP003534	2522052123	587468	587752
CP003534	2522052122	586756	587439
CP003534	2522051678	130114	130560
CP003534	2522051679	130640	130915
CP003534	2522052127	589303	590031
CP003534	2522052126	588848	589222
CP003534	2522052129	591038	591391
CP003534	2522051675	127841	129268
CP003534	2522051676	129252	129503
CP003534	2522051677	129503	130111
CP003534	2522051670	122888	124096
CP003534	2522051671	124270	125268
CP003534	2522051672	126024	126716
CP003534	2522051673	126706	127200
CP003534	2522052903	1323987	1325351
CP003534	2522052902	1323058	1323891
CP003534	2522052901	1322160	1322663
CP003534	2522052900	1321909	1322163
CP003534	2522052907	1328624	1329862
CP003534	2522052906	1327766	1328611
CP003534	2522052905	1326891	1327769
CP003534	2522052904	1325604	1326878
CP003534	2522052909	1330961	1331530
CP003534	2522052908	1330125	1330964
CP003534	2522053278	1652614	1653066
CP003534	2522053279	1653076	1653468
CP003534	2522051838	290936	291655
CP003534	2522053275	1650806	1651273
CP003534	2522052746	1182009	1182458
CP003534	2522052693	1134318	1135484
CP003534	2522052692	1132891	1134321
CP003534	2522052691	1132060	1132872
CP003534	2522052690	1131283	1131612
CP003534	2522052697	1138812	1140050
CP003534	2522052696	1138309	1138764
CP003534	2522052695	1136906	1138255
CP003534	2522052694	1135621	1136904
CP003534	2522052699	1140773	1141639
CP003534	2522052698	1140054	1140773
CP003534	2522051809	259541	260590
CP003534	2522051808	258656	259222
CP003534	2522051803	254268	255014
CP003534	2522051802	253223	254143
CP003534	2522051801	252674	253114
CP003534	2522051800	251667	252617
CP003534	2522051807	258085	258675
CP003534	2522051806	257125	258054
CP003534	2522051805	255821	256954
CP003534	2522051804	255028	255783
CP003534	2522053247	1628226	1628840
CP003534	2522053246	1627109	1628236
CP003534	2522053245	1626503	1626922
CP003534	2522053244	1625497	1626378
CP003534	2522053243	1624849	1625424
CP003534	2522053242	1624158	1624847
CP003534	2522053241	1623406	1624164
CP003534	2522053240	1622763	1623332
CP003534	2522053249	1630002	1630868
CP003534	2522053248	1628837	1629742
CP003534	2522052345	797065	798027
CP003534	2522052344	796382	797068
CP003534	2522052347	798658	799647
CP003534	2522052346	798141	798680
CP003534	2522052341	793385	794353
CP003534	2522052340	791567	792898
CP003534	2522052343	795538	796155
CP003534	2522052342	794509	795537
CP003534	2522052348	799628	800089
CP003534	2522052200	653624	654220
CP003534	2522052201	654246	655841
CP003534	2522052202	655910	656680
CP003534	2522052203	656686	657252
CP003534	2522052204	657263	657451
CP003534	2522052205	657686	659182
CP003534	2522052206	659189	660346
CP003534	2522052207	660449	661519
CP003534	2522053333	1696455	1697093
CP003534	2522052209	662424	663281
CP003534	2522053331	1693898	1694662
CP003534	2522053330	1692867	1693880
CP003534	2522053337	1699082	1700122
CP003534	2522053336	1698512	1699075
CP003534	2522053335	1697974	1698525
CP003534	2522053334	1697277	1698059
CP003534	2522052259	713346	713759
CP003534	2522051787	238465	239805
CP003534	2522051629	83406	84692
CP003534	2522052157	613440	614372
CP003534	2522052158	614359	614805
CP003534	2522051626	80574	81668
CP003534	2522051663	115450	118008
CP003534	2522051662	114884	115375
CP003534	2522051661	114228	114887
CP003534	2522051660	113975	114268
CP003534	2522051667	119605	121119
CP003534	2522051666	118986	119354
CP003534	2522051665	118567	118896
CP003534	2522051664	118017	118484
CP003534	2522051788	239840	240559
CP003534	2522051669	122199	122696
CP003534	2522051668	121106	122161
CP003534	2522052118	583809	584780
CP003534	2522052119	584824	586020
CP003534	2522052256	710751	711155
CP003534	2522052976	1391621	1391947
CP003534	2522052977	1392185	1393405
CP003534	2522052974	1388931	1389308
CP003534	2522052975	1389516	1391423
CP003534	2522052972	1387729	1388493
CP003534	2522052973	1388575	1388925
CP003534	2522052970	1386309	1386737
CP003534	2522052971	1386738	1387724
CP003534	2522052978	1393412	1394086
CP003534	2522052979	1394089	1394388
CP003534	2522052808	1241388	1242443
CP003534	2522052809	1242579	1243580
CP003534	2522052802	1234434	1234991
CP003534	2522052803	1235117	1236124
CP003534	2522052800	1232291	1233574
CP003534	2522052801	1233728	1234174
CP003534	2522052806	1238847	1240415
CP003534	2522052807	1240409	1241398
CP003534	2522052804	1236158	1236751
CP003534	2522052805	1236889	1238850
CP003534	2522051586	41035	41784
CP003534	2522051587	41942	43267
CP003534	2522051584	38049	39536
CP003534	2522051585	39550	41019
CP003534	2522051582	36471	36821
CP003534	2522051583	36814	38046
CP003534	2522051580	36005	36154
CP003534	2522051581	36161	36412
CP003534	2522051588	43520	44572
CP003534	2522051589	44569	45423
CP003534	2522052590	1044219	1044992
CP003534	2522052591	1044986	1045588
CP003534	2522052592	1045585	1045812
CP003534	2522052593	1046059	1046454
CP003534	2522052594	1046504	1046896
CP003534	2522052595	1046981	1048438
CP003534	2522052596	1048600	1049016
CP003534	2522052597	1049009	1050298
CP003534	2522052598	1050315	1050971
CP003534	2522052599	1051036	1052250
CP003534	2522052752	1187694	1188113
CP003534	2522052753	1188210	1191230
CP003534	2522052750	1185158	1187035
CP003534	2522052751	1187155	1187667
CP003534	2522052756	1193169	1194266
CP003534	2522052757	1194258	1196117
CP003534	2522052754	1191202	1191672
CP003534	2522052755	1191669	1193036
CP003534	2522052758	1196282	1196779
CP003534	2522051713	160875	162242
CP003534	2522051878	331342	331821
CP003534	2522051879	331852	332448
CP003534	2522051876	329037	329348
CP003534	2522051877	329351	331327
CP003534	2522051874	326704	328221
CP003534	2522051875	328226	328909
CP003534	2522051872	324694	325668
CP003534	2522051711	159481	160263
CP003534	2522051870	322808	323833
CP003534	2522051871	323963	324700
CP003534	2522052378	826697	827119
CP003534	2522052379	827160	828419
CP003534	2522052027	486968	487174
CP003534	2522052370	817068	818468
CP003534	2522052371	818619	820229
CP003534	2522052372	820276	820482
CP003534	2522052373	820725	821174
CP003534	2522052374	821164	822033
CP003534	2522052375	822065	825094
CP003534	2522052376	825290	825628
CP003534	2522052021	482980	484119
CP003534	2522052578	1035009	1035800
CP003534	2522052579	1035868	1036887
CP003534	2522052022	484146	484367
CP003534	2522052572	1029146	1030372
CP003534	2522052573	1030365	1031525
CP003534	2522052570	1026715	1027722
CP003534	2522052571	1027973	1029049
CP003534	2522052576	1033052	1034041
CP003534	2522052577	1034034	1034945
CP003534	2522052574	1031494	1032120
CP003534	2522052575	1032160	1033047
CP003534	2522053365	1724759	1725526
CP003534	2522052217	669256	670374
CP003534	2522052216	668468	669187
CP003534	2522052215	667592	668479
CP003534	2522052214	667057	667599
CP003534	2522051906	361952	363154
CP003534	2522052212	666107	666667
CP003534	2522052211	665687	666106
CP003534	2522052210	663376	665598
CP003534	2522053346	1709469	1710236
CP003534	2522053347	1710236	1711141
CP003534	2522051908	364793	365794
CP003534	2522051909	365791	367299
CP003534	2522053342	1704110	1705327
CP003534	2522053343	1705412	1706269
CP003534	2522052219	670861	672021
CP003534	2522052218	670469	670861
CP003534	2522053188	1572986	1573789
CP003534	2522053189	1573794	1576952
CP003534	2522053180	1566056	1567216
CP003534	2522053181	1567381	1567587
CP003534	2522053182	1567819	1568718
CP003534	2522053183	1568730	1569374
CP003534	2522053184	1569491	1569991
CP003534	2522053185	1570167	1571183
CP003534	2522053186	1571265	1572500
CP003534	2522053187	1572503	1572919
CP003534	2522051758	204581	206278
CP003534	2522052109	574561	576915
CP003534	2522052108	573585	574556
CP003534	2522052103	567751	569655
CP003534	2522052102	566078	567529
CP003534	2522052101	565872	566081
CP003534	2522052100	565419	565868
CP003534	2522052107	572828	573568
CP003534	2522052106	571629	572594
CP003534	2522052105	570713	571627
CP003534	2522052104	569718	570710
CP003534	2522051616	66448	67356
CP003534	2522051617	67424	68815
CP003534	2522051614	64981	65601
CP003534	2522051615	65598	66437
CP003534	2522051612	64043	64789
CP003534	2522051610	61426	61767
CP003534	2522051611	61767	64046
CP003534	2522051618	68972	70366
CP003534	2522051619	70552	72195
CP003534	2522053298	1662226	1663002
CP003534	2522053299	1663142	1663801
CP003534	2522053294	1659362	1660081
CP003534	2522053295	1660093	1660353
CP003534	2522053296	1660360	1661127
CP003534	2522053297	1661138	1662223
CP003534	2522053290	1657645	1657851
CP003534	2522053291	1657838	1658470
CP003534	2522053292	1658475	1658942
CP003534	2522053293	1658953	1659351
CP003534	2522051728	175545	176405
CP003534	2522051729	176402	176875
CP003534	2522051722	171205	171900
CP003534	2522051723	171945	172664
CP003534	2522051720	169210	170262
CP003534	2522051721	170228	171208
CP003534	2522051726	174259	174468
CP003534	2522051727	174615	175460
CP003534	2522051724	172661	173467
CP003534	2522051725	173516	174136
CP003534	2522052965	1380707	1381357
CP003534	2522052964	1380123	1380713
CP003534	2522052967	1381759	1382205
CP003534	2522052966	1381326	1381757
CP003534	2522052961	1379145	1379348
CP003534	2522052960	1378223	1379068
CP003534	2522052963	1379628	1380002
CP003534	2522052962	1379355	1379570
CP003534	2522052969	1383961	1385745
CP003534	2522052968	1382322	1383653
CP003534	2522053252	1633472	1635184
CP003534	2522052819	1254201	1254818
CP003534	2522052818	1253744	1254199
CP003534	2522052811	1244550	1245116
CP003534	2522052810	1243581	1244507
CP003534	2522052813	1245457	1246179
CP003534	2522052812	1245245	1245502
CP003534	2522052815	1249410	1251491
CP003534	2522052814	1246204	1249410
CP003534	2522052817	1253278	1253778
CP003534	2522052816	1251569	1253281
CP003534	2522051595	51349	52032
CP003534	2522051594	49945	51291
CP003534	2522051597	52505	52978
CP003534	2522051591	46584	47369
CP003534	2522051590	45415	46587
CP003534	2522051593	48436	49944
CP003534	2522051592	47536	48261
CP003534	2522051599	53673	53996
CP003534	2522051598	52975	53469
CP003534	2522051691	138856	139443
CP003534	2522053359	1718850	1719095
CP003534	2522053358	1718500	1718781
CP003534	2522052587	1042865	1043209
CP003534	2522052586	1041463	1042653
CP003534	2522052585	1040651	1041406
CP003534	2522052584	1040250	1040654
CP003534	2522052583	1039253	1040287
CP003534	2522052582	1038983	1039222
CP003534	2522052581	1038667	1038870
CP003534	2522052580	1036929	1038494
CP003534	2522052589	1043634	1043822
CP003534	2522052588	1043363	1043665
CP003534	2522052741	1176140	1177249
CP003534	2522052740	1175844	1176143
CP003534	2522052743	1178364	1178705
CP003534	2522052742	1177349	1178362
CP003534	2522052745	1181544	1181975
CP003534	2522052744	1178814	1181405
CP003534	2522052747	1182448	1183110
CP003534	2522053354	1715042	1715968
CP003534	2522052749	1184369	1185085
CP003534	2522052748	1183215	1184285
CP003534	2522053364	1723954	1724676
CP003534	2522052318	768219	768593
CP003534	2522052319	768603	770171
CP003534	2522052446	895599	896117
CP003534	2522052447	896156	896791
CP003534	2522051869	321651	322808
CP003534	2522051868	321154	321654
CP003534	2522051865	318758	319453
CP003534	2522051864	317569	318771
CP003534	2522051867	319958	321082
CP003534	2522051866	319434	319832
CP003534	2522051861	315425	316018
CP003534	2522051860	314353	315408
CP003534	2522051863	316867	317436
CP003534	2522051862	316264	316878
CP003534	2522052369	816617	817099
CP003534	2522052368	816069	816620
CP003534	2522052367	815838	816056
CP003534	2522052366	814907	815254
CP003534	2522052365	813960	814907
CP003534	2522052364	813221	813877
CP003534	2522052363	812028	813224
CP003534	2522052362	810457	812031
CP003534	2522052361	809801	810415
CP003534	2522052360	809157	809822
CP003534	2522052569	1025534	1026718
CP003534	2522052568	1024665	1025543
CP003534	2522052561	1017548	1017958
CP003534	2522052560	1014989	1017307
CP003534	2522052563	1018605	1019786
CP003534	2522052562	1018016	1018624
CP003534	2522052565	1021267	1022343
CP003534	2522052564	1019934	1021265
CP003534	2522052567	1023638	1024714
CP003534	2522052566	1022500	1023627
CP003534	2522051642	93716	94390
CP003534	2522051911	368227	369471
CP003534	2522051910	367296	368129
CP003534	2522051913	371016	371792
CP003534	2522051912	369514	370857
CP003534	2522051915	374616	376220
CP003534	2522051914	371803	374484
CP003534	2522051917	377311	382233
CP003534	2522051916	376314	377012
CP003534	2522051919	383137	383826
CP003534	2522051918	382328	383140
CP003534	2522053357	1717785	1718399
CP003534	2522053356	1716487	1717515
CP003534	2522053351	1712975	1713979
CP003534	2522053350	1712510	1712773
CP003534	2522053353	1714375	1714974
CP003534	2522053352	1714065	1714388
CP003534	2522053199	1585313	1589308
CP003534	2522053198	1584256	1585017
CP003534	2522053197	1583097	1584263
CP003534	2522053196	1582484	1583110
CP003534	2522053195	1581912	1582484
CP003534	2522053194	1580871	1581908
CP003534	2522053193	1579648	1580628
CP003534	2522053192	1578968	1579651
CP003534	2522053191	1578153	1578656
CP003534	2522053190	1576945	1578063
