NC_015680	650942218	225374	225868
NC_015680	650942219	226093	228018
NC_015680	650942214	219457	222354
NC_015680	650942215	222539	223558
NC_015680	650942216	223595	223774
NC_015680	650942217	224744	225373
NC_015680	650942210	215115	216077
NC_015680	650942211	216131	216682
NC_015680	650942212	216732	217091
NC_015680	650942213	217292	218530
NC_015680	650943345	1225559	1226071
NC_015680	650943344	1224907	1225512
NC_015680	650943347	1227949	1228605
NC_015680	650943346	1226081	1227850
NC_015680	650943341	1221655	1222662
NC_015680	650943340	1220947	1221624
NC_015680	650943343	1223761	1224903
NC_015680	650943342	1222656	1223684
NC_015680	650943349	1229490	1230662
NC_015680	650943348	1228602	1229399
NC_015680	650942339	328086	328913
NC_015680	650942100	136988	137380
NC_015680	650942101	137391	137945
NC_015680	650942102	137956	138342
NC_015680	650942103	138352	138804
NC_015680	650942104	138810	139421
NC_015680	650942105	139418	140128
NC_015680	650942106	140140	140607
NC_015680	650942107	140619	141062
NC_015680	650942108	141097	142503
NC_015680	650942109	142562	143152
NC_015680	650943598	1460860	1461930
NC_015680	650942862	805513	805749
NC_015680	650942922	856884	857126
NC_015680	650942923	857440	857985
NC_015680	650943439	1306230	1307015
NC_015680	650943438	1305456	1306169
NC_015680	650942926	858976	859095
NC_015680	650942927	859259	859600
NC_015680	650942924	858142	858402
NC_015680	650942925	858451	858972
NC_015680	650943433	1301841	1302830
NC_015680	650943432	1301086	1301805
NC_015680	650942928	859625	859981
NC_015680	650942929	859983	860144
NC_015680	650943437	1305239	1305463
NC_015680	650943436	1304206	1305051
NC_015680	650943435	1303304	1304206
NC_015680	650943434	1302827	1303297
NC_015680	650943592	1456171	1456677
NC_015680	650942698	639870	640283
NC_015680	650942699	640295	641185
NC_015680	650943593	1456772	1457443
NC_015680	650942690	631956	633650
NC_015680	650942691	633839	635785
NC_015680	650942692	635782	636228
NC_015680	650942693	636387	637136
NC_015680	650942694	637151	637984
NC_015680	650942695	638041	638475
NC_015680	650942696	638456	639112
NC_015680	650942697	639109	639873
NC_015680	650943509	1373034	1373756
NC_015680	650943508	1372064	1373056
NC_015680	650943507	1370913	1372067
NC_015680	650943506	1370396	1370908
NC_015680	650943505	1369168	1370283
NC_015680	650943504	1368656	1369171
NC_015680	650943503	1367946	1368638
NC_015680	650943502	1364013	1367954
NC_015680	650943501	1363100	1363912
NC_015680	650943500	1362312	1363103
NC_015680	650942469	432942	434078
NC_015680	650943648	1518242	1519084
NC_015680	650943649	1519162	1521132
NC_015680	650943640	1510099	1510500
NC_015680	650943641	1510501	1511457
NC_015680	650943642	1512046	1512639
NC_015680	650943643	1512686	1514368
NC_015680	650943644	1514483	1515949
NC_015680	650943645	1515950	1517476
NC_015680	650943646	1517571	1517738
NC_015680	650943647	1517728	1518240
NC_015680	650942748	698754	699833
NC_015680	650942749	699830	702712
NC_015680	650942742	689309	691447
NC_015680	650942743	691457	692575
NC_015680	650942740	687938	688189
NC_015680	650942741	688211	689155
NC_015680	650942746	695714	697198
NC_015680	650942747	697195	698388
NC_015680	650942744	693429	693983
NC_015680	650942745	694675	694878
NC_015680	650942359	343706	344017
NC_015680	650942358	342864	343709
NC_015680	650942355	340493	340858
NC_015680	650942354	340294	340500
NC_015680	650942357	341570	342832
NC_015680	650942356	340845	341573
NC_015680	650942351	337994	339307
NC_015680	650942350	336987	337997
NC_015680	650942353	339822	340292
NC_015680	650942352	339546	339821
NC_015680	650942599	545075	546601
NC_015680	650942598	542787	545105
NC_015680	650942593	539170	539652
NC_015680	650942592	538236	538973
NC_015680	650942591	537433	538158
NC_015680	650942590	537017	537436
NC_015680	650942597	541576	542694
NC_015680	650942596	541338	541574
NC_015680	650942595	540528	541103
NC_015680	650942594	539645	540541
NC_015680	650943356	1237107	1237724
NC_015680	650943357	1237711	1238304
NC_015680	650943354	1233824	1235710
NC_015680	650943355	1235859	1237046
NC_015680	650943352	1232106	1232660
NC_015680	650943353	1233180	1233701
NC_015680	650943350	1230673	1230876
NC_015680	650943351	1231912	1232106
NC_015680	650943358	1238311	1239186
NC_015680	650943119	1028912	1029199
NC_015680	650942175	187596	188753
NC_015680	650942174	186754	187599
NC_015680	650942177	189321	190172
NC_015680	650942176	188800	189315
NC_015680	650942171	184647	185108
NC_015680	650942170	184052	184654
NC_015680	650942173	186209	186757
NC_015680	650942172	185111	186121
NC_015680	650942179	191365	191634
NC_015680	650942178	190172	191362
NC_015680	650942550	501343	501957
NC_015680	650942009	58598	58873
NC_015680	650942008	57583	58596
NC_015680	650942001	49296	50066
NC_015680	650942000	48349	49293
NC_015680	650942003	51108	53075
NC_015680	650942002	50059	51105
NC_015680	650942005	54508	55341
NC_015680	650942004	53402	54502
NC_015680	650942007	56196	57476
NC_015680	650942006	55338	56186
NC_015680	650942917	854457	855122
NC_015680	650942916	853819	854478
NC_015680	650942915	852242	853822
NC_015680	650942914	851052	852245
NC_015680	650943428	1296964	1298313
NC_015680	650942912	849120	850316
NC_015680	650942911	848773	849120
NC_015680	650942910	847625	848593
NC_015680	650943424	1292267	1292587
NC_015680	650943425	1292584	1293324
NC_015680	650943426	1293321	1293776
NC_015680	650943427	1294491	1296866
NC_015680	650943420	1286165	1287388
NC_015680	650943421	1287402	1288799
NC_015680	650942919	855549	855806
NC_015680	650942918	855112	855417
NC_015680	650943510	1373771	1374745
NC_015680	650943511	1374875	1375750
NC_015680	650943512	1375747	1377264
NC_015680	650943513	1377269	1377958
NC_015680	650943514	1378030	1378341
NC_015680	650943515	1378343	1380322
NC_015680	650943516	1380336	1380815
NC_015680	650943517	1380847	1381458
NC_015680	650943518	1381464	1382576
NC_015680	650943519	1382573	1382881
NC_015680	650943113	1024019	1024327
NC_015680	650943639	1509780	1510058
NC_015680	650943638	1509129	1509776
NC_015680	650943635	1505526	1506059
NC_015680	650943634	1504740	1505543
NC_015680	650943637	1508270	1509082
NC_015680	650943636	1506162	1508060
NC_015680	650943631	1501184	1503061
NC_015680	650943630	1500129	1501085
NC_015680	650943633	1503443	1504702
NC_015680	650943632	1503094	1503420
NC_015680	650942779	727510	728145
NC_015680	650942778	726275	727462
NC_015680	650942777	726072	726305
NC_015680	650942775	725058	725819
NC_015680	650942774	724437	725054
NC_015680	650942773	724060	724383
NC_015680	650942772	723820	724059
NC_015680	650942771	722482	723714
NC_015680	650942770	721958	722485
NC_015680	650943183	1084101	1084748
NC_015680	650943182	1083212	1084147
NC_015680	650943181	1082812	1083222
NC_015680	650943180	1081802	1082806
NC_015680	650943187	1089305	1090918
NC_015680	650943186	1087585	1089291
NC_015680	650943185	1085570	1087579
NC_015680	650943184	1084766	1085536
NC_015680	650943189	1091668	1092141
NC_015680	650943188	1090920	1091618
NC_015680	650943741	1609935	1610510
NC_015680	650943740	1608868	1609872
NC_015680	650943743	1611534	1611872
NC_015680	650943742	1610542	1611537
NC_015680	650943745	1612295	1614520
NC_015680	650943744	1611833	1612117
NC_015680	650943747	1615018	1615137
NC_015680	650943746	1614517	1615017
NC_015680	650943748	1616308	1616931
NC_015680	650943259	1151801	1152361
NC_015680	650943258	1151494	1151799
NC_015680	650942348	334909	335709
NC_015680	650942349	335732	336997
NC_015680	650942346	333889	334722
NC_015680	650942347	334724	334912
NC_015680	650942344	331387	332649
NC_015680	650942345	332615	333829
NC_015680	650942342	330592	330930
NC_015680	650942343	330924	331346
NC_015680	650942340	328933	329289
NC_015680	650942341	329299	330540
NC_015680	650943297	1182600	1182791
NC_015680	650943296	1181281	1182036
NC_015680	650943295	1180535	1181284
NC_015680	650943294	1179793	1180533
NC_015680	650943293	1179126	1179653
NC_015680	650943292	1178632	1179141
NC_015680	650943291	1177992	1178504
NC_015680	650943290	1175670	1177913
NC_015680	650942584	533664	534125
NC_015680	650942585	534106	534420
NC_015680	650942586	534413	534685
NC_015680	650942587	534661	535266
NC_015680	650942580	531119	531526
NC_015680	650942581	531504	533006
NC_015680	650942582	533003	533281
NC_015680	650942583	533284	533667
NC_015680	650942308	301402	301740
NC_015680	650943250	1147112	1147810
NC_015680	650943369	1246039	1246848
NC_015680	650943368	1245785	1246042
NC_015680	650943363	1240414	1242222
NC_015680	650943362	1239788	1240147
NC_015680	650943361	1239624	1239791
NC_015680	650943360	1239340	1239507
NC_015680	650943367	1245450	1245785
NC_015680	650943366	1244923	1245438
NC_015680	650943365	1244435	1244923
NC_015680	650943364	1242227	1244425
NC_015680	650943169	1075496	1076497
NC_015680	650943168	1074644	1075501
NC_015680	650943161	1067263	1068273
NC_015680	650943160	1066358	1067266
NC_015680	650943163	1069815	1071035
NC_015680	650943162	1068266	1069762
NC_015680	650943165	1072051	1073067
NC_015680	650943164	1071162	1072025
NC_015680	650943167	1073801	1074538
NC_015680	650943166	1073040	1073786
NC_015680	650943159	1065373	1066368
NC_015680	650942167	181359	182642
NC_015680	650942164	179969	180412
NC_015680	650942165	180409	181122
NC_015680	650942162	179228	179470
NC_015680	650942163	179467	179988
NC_015680	650942160	177278	177895
NC_015680	650942161	177900	179231
NC_015680	650942168	182718	183437
NC_015680	650942169	183394	183969
NC_015680	650942018	63733	64965
NC_015680	650942019	65296	66600
NC_015680	650942012	60427	61245
NC_015680	650942013	61374	61667
NC_015680	650942010	59146	60039
NC_015680	650942011	60036	60413
NC_015680	650942016	62618	63466
NC_015680	650942017	63563	63736
NC_015680	650942014	61664	61852
NC_015680	650942015	61877	62179
NC_015680	650942908	844932	847109
NC_015680	650942909	847106	847621
NC_015680	650942900	837535	838404
NC_015680	650942901	838406	838963
NC_015680	650942902	839081	839287
NC_015680	650942903	839319	840929
NC_015680	650942904	841029	841811
NC_015680	650942905	841783	843231
NC_015680	650942906	843228	844313
NC_015680	650942907	844318	844935
NC_015680	650943565	1430335	1434111
NC_015680	650943564	1428431	1430335
NC_015680	650943567	1434808	1435473
NC_015680	650943566	1434108	1434797
NC_015680	650943561	1424781	1425506
NC_015680	650943560	1424391	1424771
NC_015680	650943563	1427172	1428431
NC_015680	650943562	1425561	1426397
NC_015680	650943569	1436868	1437599
NC_015680	650943568	1435493	1436878
NC_015680	650942500	457559	458350
NC_015680	650942501	458347	458571
NC_015680	650943628	1498030	1498950
NC_015680	650943629	1499086	1500123
NC_015680	650943626	1495801	1496970
NC_015680	650943627	1497056	1497976
NC_015680	650943624	1494442	1495170
NC_015680	650943625	1495219	1495800
NC_015680	650943622	1491509	1493341
NC_015680	650943623	1493531	1494457
NC_015680	650943620	1489175	1489783
NC_015680	650943621	1489940	1491499
NC_015680	650942760	711753	714407
NC_015680	650942761	714577	715161
NC_015680	650942762	715155	715937
NC_015680	650942763	715949	716314
NC_015680	650942764	716368	717666
NC_015680	650942765	717663	717818
NC_015680	650942766	717878	719080
NC_015680	650942767	719082	719732
NC_015680	650942768	720499	720771
NC_015680	650942769	720804	721946
NC_015680	650943050	971096	971224
NC_015680	650943328	1211823	1213283
NC_015680	650943194	1095142	1095798
NC_015680	650943195	1095868	1096536
NC_015680	650943196	1096692	1097657
NC_015680	650943197	1097669	1097995
NC_015680	650943190	1092632	1093852
NC_015680	650943191	1093856	1094233
NC_015680	650943192	1094237	1094398
NC_015680	650943193	1094352	1095131
NC_015680	650943198	1098202	1099200
NC_015680	650943199	1099172	1099921
NC_015680	650943752	1618778	1619044
NC_015680	650943753	1619094	1619516
NC_015680	650943750	1617127	1617825
NC_015680	650943751	1617896	1618732
NC_015680	650943756	1620952	1621407
NC_015680	650943757	1621421	1621915
NC_015680	650943754	1619583	1620701
NC_015680	650943755	1620751	1620936
NC_015680	650943758	1622004	1622654
NC_015680	650943759	1622660	1623688
NC_015680	650942920	856242	856430
NC_015680	650942921	856695	856832
NC_015680	650943321	1206045	1207499
NC_015680	650943320	1205096	1206004
NC_015680	650943288	1171857	1173005
NC_015680	650943289	1172981	1175680
NC_015680	650942371	353774	354283
NC_015680	650942370	353374	353763
NC_015680	650942377	356904	357944
NC_015680	650942376	356237	356899
NC_015680	650942375	356015	356236
NC_015680	650942374	355710	355913
NC_015680	650943280	1168259	1168411
NC_015680	650943281	1168413	1168712
NC_015680	650943282	1168702	1169238
NC_015680	650943283	1169238	1169423
NC_015680	650943284	1169420	1169986
NC_015680	650943285	1170016	1170549
NC_015680	650943286	1170621	1171466
NC_015680	650943287	1171561	1171860
NC_015680	650942571	522505	523200
NC_015680	650942570	522207	522506
NC_015680	650942573	524514	525272
NC_015680	650943430	1299349	1300329
NC_015680	650942575	526642	527301
NC_015680	650942574	525353	526645
NC_015680	650942577	528227	528817
NC_015680	650942576	527298	528230
NC_015680	650942579	529628	530944
NC_015680	650942578	528823	529626
NC_015680	650943378	1253199	1253372
NC_015680	650943379	1253379	1253954
NC_015680	650943374	1248918	1250339
NC_015680	650943375	1250350	1251108
NC_015680	650943376	1251122	1251394
NC_015680	650943377	1252357	1252794
NC_015680	650943370	1246860	1247339
NC_015680	650943371	1247349	1247540
NC_015680	650943372	1247621	1247980
NC_015680	650943373	1247977	1248786
NC_015680	650942485	444472	446331
NC_015680	650942484	443825	444322
NC_015680	650942487	447482	447793
NC_015680	650942486	446399	447478
NC_015680	650942481	442855	443613
NC_015680	650942480	440818	442788
NC_015680	650943172	1077909	1078646
NC_015680	650943173	1078666	1079220
NC_015680	650943170	1076638	1077015
NC_015680	650943171	1077134	1077931
NC_015680	650942489	449326	449613
NC_015680	650942488	447795	449135
NC_015680	650943174	1079336	1079617
NC_015680	650943854	1700855	1701463
NC_015680	650942159	176562	177266
NC_015680	650942158	175462	176547
NC_015680	650942153	171784	171927
NC_015680	650942152	170833	171738
NC_015680	650942151	170138	170827
NC_015680	650942150	168495	169190
NC_015680	650942157	174008	175384
NC_015680	650942156	173613	174008
NC_015680	650942155	172298	173632
NC_015680	650942154	171938	172243
NC_015680	650942399	374579	375613
NC_015680	650942398	373701	374378
NC_015680	650942391	369490	369771
NC_015680	650942390	368244	369539
NC_015680	650942393	370175	370444
NC_015680	650942392	369777	370178
NC_015680	650942395	371910	372200
NC_015680	650942394	370509	371864
NC_015680	650942397	372563	373699
NC_015680	650942396	372181	372558
NC_015680	650942373	355176	355643
NC_015680	650942372	354345	355145
NC_015680	650942029	75380	75976
NC_015680	650942028	75078	75353
NC_015680	650942027	72579	74969
NC_015680	650942026	72008	72511
NC_015680	650942025	71001	71882
NC_015680	650942024	70298	70948
NC_015680	650942023	69504	70301
NC_015680	650942022	68842	69507
NC_015680	650942021	68076	68780
NC_015680	650942020	66608	67942
NC_015680	650942379	358292	359047
NC_015680	650942378	357901	358305
NC_015680	650942979	901405	902466
NC_015680	650942978	900477	901400
NC_015680	650942975	896164	897666
NC_015680	650942974	895315	895953
NC_015680	650942977	899352	900398
NC_015680	650942976	897677	899347
NC_015680	650942971	893740	894072
NC_015680	650942970	893588	893758
NC_015680	650942973	894764	895318
NC_015680	650942972	894153	894767
NC_015680	650942572	523203	524354
NC_015680	650942801	747547	748161
NC_015680	650942800	747347	747550
NC_015680	650942803	749016	750464
NC_015680	650942802	748219	749019
NC_015680	650942805	753094	754050
NC_015680	650942804	750510	753110
NC_015680	650942807	755521	756726
NC_015680	650942806	754567	755448
NC_015680	650942809	757387	759342
NC_015680	650942808	757037	757384
NC_015680	650943576	1443420	1444100
NC_015680	650943577	1444233	1444916
NC_015680	650943574	1440927	1442375
NC_015680	650943575	1442381	1443361
NC_015680	650943572	1440442	1440630
NC_015680	650943573	1440797	1440943
NC_015680	650943570	1437729	1438748
NC_015680	650943571	1438798	1439718
NC_015680	650943578	1444916	1445110
NC_015680	650943579	1445107	1446288
NC_015680	650943613	1475917	1477251
NC_015680	650943612	1475599	1475808
NC_015680	650943611	1474567	1475598
NC_015680	650943610	1474047	1474448
NC_015680	650943614	1477248	1478084
NC_015680	650943619	1488612	1489178
NC_015680	650943618	1487075	1488571
NC_015680	650942715	659170	661020
NC_015680	650942714	658607	659062
NC_015680	650942717	661531	661800
NC_015680	650942716	661156	661365
NC_015680	650942711	656669	658051
NC_015680	650942710	655672	656568
NC_015680	650942713	658258	658506
NC_015680	650942712	658058	658246
NC_015680	650942719	662440	663339
NC_015680	650942718	661764	662438
NC_015680	650942629	576454	577185
NC_015680	650943766	1627011	1628516
NC_015680	650943765	1626735	1626935
NC_015680	650943764	1625341	1626735
NC_015680	650943763	1624682	1625344
NC_015680	650943761	1624065	1624535
NC_015680	650943760	1623733	1624059
NC_015680	650942621	568087	568767
NC_015680	650942620	567597	568124
NC_015680	650942623	569389	573027
NC_015680	650942622	568764	569282
NC_015680	650942625	574065	575108
NC_015680	650942624	573204	573998
NC_015680	650942627	575931	576143
NC_015680	650943768	1629590	1630900
NC_015680	650942364	348426	349169
NC_015680	650942365	349254	350324
NC_015680	650942366	350416	351855
NC_015680	650942367	351892	352572
NC_015680	650942360	344088	344552
NC_015680	650942361	344553	345869
NC_015680	650942362	345918	346430
NC_015680	650942363	346559	348436
NC_015680	650942368	352565	352909
NC_015680	650942369	352977	353366
NC_015680	650942562	512443	513045
NC_015680	650942563	513029	513700
NC_015680	650942560	510427	511254
NC_015680	650942561	511251	512402
NC_015680	650942566	515281	516975
NC_015680	650942567	516988	518232
NC_015680	650942564	513785	514030
NC_015680	650942565	514080	515255
NC_015680	650942568	518229	520883
NC_015680	650942569	520880	522205
NC_015680	650943381	1254207	1254446
NC_015680	650943380	1253951	1254202
NC_015680	650943383	1255180	1255521
NC_015680	650943382	1254446	1254964
NC_015680	650943387	1256775	1258199
NC_015680	650943386	1255966	1256730
NC_015680	650943389	1259086	1260369
NC_015680	650943388	1258181	1259089
NC_015680	650942496	454100	454483
NC_015680	650942497	454708	456063
NC_015680	650942494	452777	453691
NC_015680	650942495	453738	453866
NC_015680	650942492	451656	451880
NC_015680	650942493	452227	452766
NC_015680	650943149	1055721	1056143
NC_015680	650943148	1054854	1055591
NC_015680	650943147	1053514	1054854
NC_015680	650943146	1053260	1053490
NC_015680	650943145	1052701	1053228
NC_015680	650943144	1051769	1052551
NC_015680	650943143	1051537	1051764
NC_015680	650943142	1050868	1051521
NC_015680	650942498	456361	456759
NC_015680	650942499	456784	457557
NC_015680	650942148	167023	168003
NC_015680	650942149	168340	168477
NC_015680	650942144	164455	165054
NC_015680	650942145	165032	165166
NC_015680	650942146	165221	165631
NC_015680	650942147	165661	166896
NC_015680	650942140	162891	163673
NC_015680	650942141	163751	164203
NC_015680	650942388	366029	367486
NC_015680	650942389	367573	368175
NC_015680	650942382	360578	361645
NC_015680	650942383	361673	362536
NC_015680	650942380	359161	359553
NC_015680	650942381	359641	360558
NC_015680	650942386	363155	364567
NC_015680	650942387	364564	365931
NC_015680	650942384	362571	362957
NC_015680	650943178	1080625	1081224
NC_015680	650942030	77012	77986
NC_015680	650942031	78066	79082
NC_015680	650942032	79070	79588
NC_015680	650942033	79585	80529
NC_015680	650942034	80510	81178
NC_015680	650942035	81184	81579
NC_015680	650942036	81950	83044
NC_015680	650942037	83068	84072
NC_015680	650942038	84193	84450
NC_015680	650942039	84474	85607
NC_015680	650942665	607225	608442
NC_015680	650941980	26798	28264
NC_015680	650941983	32347	32607
NC_015680	650942666	608521	609183
NC_015680	650941985	33162	33407
NC_015680	650941987	33561	33698
NC_015680	650941986	33416	33544
NC_015680	650943177	1080026	1080487
NC_015680	650942968	892245	892805
NC_015680	650942969	892836	893591
NC_015680	650942967	891032	892288
NC_015680	650942964	888934	890265
NC_015680	650942965	890299	890820
NC_015680	650942962	887157	888407
NC_015680	650942963	888412	888879
NC_015680	650942960	885194	885739
NC_015680	650942961	885787	887106
NC_015680	650943819	1674851	1675417
NC_015680	650943818	1674438	1674839
NC_015680	650943549	1413162	1413593
NC_015680	650943548	1411815	1413104
NC_015680	650942816	764428	764652
NC_015680	650942817	764723	765082
NC_015680	650942814	762737	763390
NC_015680	650942815	763390	764181
NC_015680	650943543	1404479	1406602
NC_015680	650943810	1666771	1667811
NC_015680	650942818	765370	766533
NC_015680	650942819	766530	767699
NC_015680	650943547	1410694	1411695
NC_015680	650943546	1409873	1410670
NC_015680	650943545	1409466	1409876
NC_015680	650943544	1406592	1409285
NC_015680	650943604	1466750	1467835
NC_015680	650943605	1467842	1468711
NC_015680	650943606	1468711	1469649
NC_015680	650943607	1469662	1471284
NC_015680	650943600	1462445	1463068
NC_015680	650943601	1463113	1464252
NC_015680	650943602	1464347	1465462
NC_015680	650943603	1465449	1466639
NC_015680	650943608	1471446	1472687
NC_015680	650943609	1473037	1474005
NC_015680	650942706	650241	652751
NC_015680	650942707	652804	653340
NC_015680	650942704	648210	649352
NC_015680	650942705	649449	650246
NC_015680	650942702	643363	643818
NC_015680	650942703	643873	648090
NC_015680	650942700	641182	642336
NC_015680	650942701	642436	643362
NC_015680	650942708	653337	654293
NC_015680	650942709	654293	655564
NC_015680	650943778	1639431	1640087
NC_015680	650943779	1640068	1640316
NC_015680	650943770	1632355	1633104
NC_015680	650943771	1633101	1634258
NC_015680	650943772	1634302	1635783
NC_015680	650943773	1635841	1637328
NC_015680	650943774	1637328	1638560
NC_015680	650943775	1638557	1638901
NC_015680	650943776	1638960	1639217
NC_015680	650943777	1639229	1639378
NC_015680	650942638	585007	585528
NC_015680	650942639	585535	586056
NC_015680	650942632	578580	579296
NC_015680	650942633	579289	580140
NC_015680	650942630	577201	578037
NC_015680	650942631	578018	578548
NC_015680	650942636	582884	583105
NC_015680	650942637	583131	585002
NC_015680	650942634	580169	582295
NC_015680	650942635	582385	582777
NC_015680	650941956	4899	5363
NC_015680	650941957	5360	5605
NC_015680	650941954	2879	3616
NC_015680	650941955	3613	4857
NC_015680	650941952	1016	2029
NC_015680	650941953	2016	2882
NC_015680	650941951	30	863
NC_015680	650941958	5602	6189
NC_015680	650941959	6235	7500
NC_015680	650942557	507409	507867
NC_015680	650942556	506943	507419
NC_015680	650942555	506533	506946
NC_015680	650942554	504731	506536
NC_015680	650942553	504032	504634
NC_015680	650942552	502775	503986
NC_015680	650942551	502024	502794
NC_015680	650942251	250178	252067
NC_015680	650942559	508697	510448
NC_015680	650942558	507926	508585
NC_015680	650942521	477908	478168
NC_015680	650942258	257060	258049
NC_015680	650942259	258033	259184
NC_015680	650943392	1261290	1262003
NC_015680	650943393	1262008	1264347
NC_015680	650943390	1260465	1260692
NC_015680	650943391	1260700	1261035
NC_015680	650943396	1265788	1266639
NC_015680	650943397	1266636	1267859
NC_015680	650943394	1264353	1264919
NC_015680	650943395	1264919	1265791
NC_015680	650943398	1267856	1269145
NC_015680	650943399	1269147	1270472
NC_015680	650942825	773191	773304
NC_015680	650943150	1056133	1056924
NC_015680	650943151	1056970	1057308
NC_015680	650943152	1057310	1058173
NC_015680	650943153	1058497	1059549
NC_015680	650943154	1059560	1059841
NC_015680	650943155	1059924	1061279
NC_015680	650943156	1061538	1062890
NC_015680	650943157	1063083	1063466
NC_015680	650943158	1063517	1065286
NC_015680	650942823	769844	770524
NC_015680	650942822	768973	769326
NC_015680	650943802	1659768	1660439
NC_015680	650943803	1660513	1660677
NC_015680	650943800	1656723	1658417
NC_015680	650943801	1658488	1659771
NC_015680	650943806	1662251	1662823
NC_015680	650943551	1414426	1415088
NC_015680	650942829	775451	776347
NC_015680	650942828	774301	775446
NC_015680	650942045	89723	90550
NC_015680	650942044	88531	89736
NC_015680	650942047	91274	92311
NC_015680	650942046	90553	91170
NC_015680	650942041	85820	86728
NC_015680	650942040	85604	85819
NC_015680	650942043	87555	88382
NC_015680	650942042	86725	87558
NC_015680	650942049	93339	94160
NC_015680	650942048	92317	92865
NC_015680	650942953	882473	882889
NC_015680	650942952	881030	882409
NC_015680	650942951	880291	880959
NC_015680	650942950	879667	880215
NC_015680	650942957	884296	884433
NC_015680	650942956	884058	884327
NC_015680	650942955	883615	884064
NC_015680	650942954	882896	883438
NC_015680	650942959	884787	885167
NC_015680	650942958	884571	884702
NC_015680	650942827	773724	774266
NC_015680	650942826	773352	773630
NC_015680	650943808	1663234	1666488
NC_015680	650942824	770580	772985
NC_015680	650943558	1422774	1423571
NC_015680	650943559	1423633	1424394
NC_015680	650942821	768604	768942
NC_015680	650942820	767903	768451
NC_015680	650943554	1417774	1419480
NC_015680	650943555	1419484	1420380
NC_015680	650943556	1420525	1421301
NC_015680	650943557	1421310	1422053
NC_015680	650943550	1413661	1414425
NC_015680	650943807	1662820	1663185
NC_015680	650943552	1415252	1416568
NC_015680	650943553	1416579	1417721
NC_015680	650943109	1020335	1021489
NC_015680	650942739	685448	687889
NC_015680	650943108	1019051	1020325
NC_015680	650942733	675938	676471
NC_015680	650942732	674910	675941
NC_015680	650942731	674185	674904
NC_015680	650942730	673986	674120
NC_015680	650942737	682893	683960
NC_015680	650942736	681366	682796
NC_015680	650942735	680432	680881
NC_015680	650942734	676477	680334
NC_015680	650942738	684025	685353
NC_015680	650943101	1012346	1012600
NC_015680	650942459	422625	422897
NC_015680	650943709	1580448	1581308
NC_015680	650943708	1579168	1580451
NC_015680	650943705	1576249	1576779
NC_015680	650943704	1575066	1575725
NC_015680	650943707	1577944	1579107
NC_015680	650943706	1576854	1577927
NC_015680	650943701	1571357	1572994
NC_015680	650943700	1569831	1571360
NC_015680	650943703	1573972	1575069
NC_015680	650943702	1572988	1573965
NC_015680	650941968	17007	17201
NC_015680	650942609	558368	559363
NC_015680	650942608	557211	557489
NC_015680	650941963	10334	11554
NC_015680	650941962	9001	10281
NC_015680	650941961	7865	9022
NC_015680	650942604	550104	554222
NC_015680	650941967	16233	16952
NC_015680	650941966	14995	16236
NC_015680	650941965	12424	14934
NC_015680	650942600	546650	548497
NC_015680	650942548	500624	500986
NC_015680	650942549	501095	501334
NC_015680	650942540	493967	495121
NC_015680	650942541	495220	496281
NC_015680	650942543	496426	496758
NC_015680	650942544	496742	498103
NC_015680	650942545	498081	499571
NC_015680	650942546	499616	500170
NC_015680	650942547	500324	500617
NC_015680	650943011	934735	935844
NC_015680	650943010	932632	934722
NC_015680	650943013	936471	937010
NC_015680	650943012	935822	936433
NC_015680	650943015	937478	937900
NC_015680	650943014	937012	937446
NC_015680	650943017	939399	941966
NC_015680	650943016	937912	939402
NC_015680	650943019	943076	943819
NC_015680	650943018	941968	943071
NC_015680	650943125	1035068	1035679
NC_015680	650943124	1034513	1035073
NC_015680	650943127	1036014	1036574
NC_015680	650943126	1035795	1035998
NC_015680	650943121	1029427	1030116
NC_015680	650943122	1030093	1034238
NC_015680	650943129	1037007	1037585
NC_015680	650943128	1036573	1036950
NC_015680	650943239	1136201	1136371
NC_015680	650943238	1135551	1136204
NC_015680	650943231	1130020	1130238
NC_015680	650943230	1128944	1129906
NC_015680	650943233	1130908	1131873
NC_015680	650943232	1130305	1130883
NC_015680	650943235	1133263	1134330
NC_015680	650943234	1131870	1132724
NC_015680	650943237	1134688	1135500
NC_015680	650943236	1134332	1134691
NC_015680	650942056	103344	103976
NC_015680	650942057	104306	104770
NC_015680	650942054	100473	100649
NC_015680	650942055	101733	103310
NC_015680	650942052	97286	98773
NC_015680	650942053	98820	100127
NC_015680	650942050	95476	96465
NC_015680	650942051	96438	97289
NC_015680	650942058	104817	104960
NC_015680	650942059	104929	105588
NC_015680	650942944	874288	875847
NC_015680	650942945	875997	876731
NC_015680	650942946	876728	877657
NC_015680	650942947	877654	878343
NC_015680	650943499	1361135	1362274
NC_015680	650943498	1359799	1361124
NC_015680	650942942	872473	872841
NC_015680	650942943	872856	874025
NC_015680	650943495	1355772	1357991
NC_015680	650943494	1355269	1355760
NC_015680	650943497	1358782	1359807
NC_015680	650943496	1358024	1358758
NC_015680	650943491	1351722	1354028
NC_015680	650943490	1350641	1351750
NC_015680	650943493	1354647	1355258
NC_015680	650943492	1354021	1354650
NC_015680	650943809	1666494	1666781
NC_015680	650942838	783470	784213
NC_015680	650942839	784191	785618
NC_015680	650942830	776349	777137
NC_015680	650942831	777277	778506
NC_015680	650942832	778608	778955
NC_015680	650942833	779025	779594
NC_015680	650942834	779605	780420
NC_015680	650942835	780464	781006
NC_015680	650942836	781259	782281
NC_015680	650942837	782283	783374
NC_015680	650943839	1690517	1691281
NC_015680	650943838	1689493	1690488
NC_015680	650943837	1688478	1689479
NC_015680	650943836	1687471	1688349
NC_015680	650943835	1686771	1687478
NC_015680	650943834	1685277	1686719
NC_015680	650943833	1683955	1685280
NC_015680	650943215	1118636	1119112
NC_015680	650943831	1683099	1683506
NC_015680	650943830	1681488	1683095
NC_015680	650942607	556903	557046
NC_015680	650942606	556526	556804
NC_015680	650943359	1239189	1239332
NC_015680	650942605	554416	556044
NC_015680	650941960	7547	7735
NC_015680	650942603	549654	549887
NC_015680	650942602	549198	549521
NC_015680	650942728	673541	673744
NC_015680	650942729	673744	673986
NC_015680	650942724	668152	669354
NC_015680	650942725	669360	672779
NC_015680	650942726	672922	673071
NC_015680	650941964	11661	12437
NC_015680	650942720	663341	664051
NC_015680	650942721	664146	665192
NC_015680	650942722	665164	665724
NC_015680	650942723	665803	667008
NC_015680	650943718	1585556	1585738
NC_015680	650943719	1585787	1586788
NC_015680	650943716	1584428	1584985
NC_015680	650943717	1584996	1585223
NC_015680	650943714	1583761	1584165
NC_015680	650943715	1584152	1584373
NC_015680	650943712	1583243	1583434
NC_015680	650943713	1583428	1583589
NC_015680	650943710	1581395	1582240
NC_015680	650943711	1582347	1583204
NC_015680	650942610	559374	560561
NC_015680	650942611	560573	560890
NC_015680	650942612	560952	561887
NC_015680	650942613	561893	563077
NC_015680	650942614	563088	563405
NC_015680	650942615	563435	563992
NC_015680	650942616	564169	565125
NC_015680	650942617	565103	566383
NC_015680	650941974	20548	21309
NC_015680	650942619	566764	567600
NC_015680	650941976	22759	24111
NC_015680	650941977	24200	24829
NC_015680	650941970	17451	18209
NC_015680	650941971	18249	18782
NC_015680	650941972	18755	19105
NC_015680	650941973	19102	20547
NC_015680	650942588	535289	536041
NC_015680	650942539	492933	493967
NC_015680	650942538	492424	492936
NC_015680	650942535	487558	487980
NC_015680	650942534	485840	487402
NC_015680	650942537	491862	492359
NC_015680	650942536	488031	491855
NC_015680	650942531	483838	485040
NC_015680	650942530	482776	483723
NC_015680	650942533	485477	485830
NC_015680	650942532	485046	485474
NC_015680	650943002	923849	924268
NC_015680	650943003	924272	924724
NC_015680	650943000	922556	923674
NC_015680	650943006	925667	927214
NC_015680	650943007	927218	927586
NC_015680	650943004	924800	925087
NC_015680	650943005	925088	925687
NC_015680	650943008	927649	930393
NC_015680	650943009	930483	932552
NC_015680	650943309	1192357	1193787
NC_015680	650942283	274776	275762
NC_015680	650942282	274320	274775
NC_015680	650942281	272837	274168
NC_015680	650942280	272272	272718
NC_015680	650942287	280076	280690
NC_015680	650942286	279819	280007
NC_015680	650942285	276595	279756
NC_015680	650942284	275768	276535
NC_015680	650942289	280897	281541
NC_015680	650942288	280695	280946
NC_015680	650942441	411263	411628
NC_015680	650942440	410450	411247
NC_015680	650942443	412030	412893
NC_015680	650942442	411668	412024
NC_015680	650942445	414202	414756
NC_015680	650942444	412968	414212
NC_015680	650942447	415120	415314
NC_015680	650942446	414867	415046
NC_015680	650942449	415607	416434
NC_015680	650942448	415315	415602
NC_015680	650943804	1660687	1661883
NC_015680	650943136	1042614	1043930
NC_015680	650943137	1044117	1044812
NC_015680	650943135	1041365	1042579
NC_015680	650943132	1039799	1040992
NC_015680	650943130	1037588	1038658
NC_015680	650943131	1038704	1039759
NC_015680	650943138	1044814	1045932
NC_015680	650943139	1045938	1046972
NC_015680	650943805	1661914	1662264
NC_015680	650942197	205232	205639
NC_015680	650942196	204792	205220
NC_015680	650942195	204423	204785
NC_015680	650942193	203484	204263
NC_015680	650942192	203039	203452
NC_015680	650942191	202494	203042
NC_015680	650942190	202037	202483
NC_015680	650942601	548586	548990
NC_015680	650942198	205695	205892
NC_015680	650943229	1128349	1128954
NC_015680	650943222	1123954	1124562
NC_015680	650943223	1124748	1125269
NC_015680	650943220	1122310	1123509
NC_015680	650943221	1123794	1123964
NC_015680	650943226	1126936	1127352
NC_015680	650943227	1127324	1128097
NC_015680	650943224	1125282	1126142
NC_015680	650943225	1126148	1126939
NC_015680	650942069	117324	117758
NC_015680	650942068	116683	117339
NC_015680	650942063	107966	109327
NC_015680	650942062	107017	107976
NC_015680	650942061	106432	106968
NC_015680	650942060	105600	106406
NC_015680	650942067	113144	116677
NC_015680	650942066	111613	112938
NC_015680	650942065	110231	111457
NC_015680	650942064	109474	110226
NC_015680	650942269	268156	268395
NC_015680	650942268	267765	268190
NC_015680	650942261	260272	262392
NC_015680	650942260	259195	260196
NC_015680	650942262	262615	263325
NC_015680	650942265	263816	265102
NC_015680	650942264	263471	263779
NC_015680	650942267	266119	266979
NC_015680	650942266	265377	266126
NC_015680	650943488	1349421	1350272
NC_015680	650943489	1350250	1350612
NC_015680	650943486	1347440	1347877
NC_015680	650943487	1347889	1349115
NC_015680	650943484	1345202	1346125
NC_015680	650943485	1346299	1347378
NC_015680	650943482	1344119	1344547
NC_015680	650943483	1344513	1345190
NC_015680	650943481	1343156	1344100
NC_015680	650942849	791747	792103
NC_015680	650942848	790727	791626
NC_015680	650942845	789712	790089
NC_015680	650942844	789325	789696
NC_015680	650942847	790392	790616
NC_015680	650942846	790185	790391
NC_015680	650942841	787015	787365
NC_015680	650942840	785618	786718
NC_015680	650942843	788403	789260
NC_015680	650942842	787567	788136
NC_015680	650943820	1675427	1675615
NC_015680	650943821	1675612	1676181
NC_015680	650943822	1676297	1677796
NC_015680	650943823	1678074	1678322
NC_015680	650943824	1678349	1678477
NC_015680	650943825	1678712	1678948
NC_015680	650943826	1678921	1679298
NC_015680	650943827	1679319	1679657
NC_015680	650943828	1679668	1680783
NC_015680	650943829	1680849	1681466
NC_015680	650942999	921367	922467
NC_015680	650942998	920531	921370
NC_015680	650942997	918254	920455
NC_015680	650942996	917865	918212
NC_015680	650942995	917094	917855
NC_015680	650942994	916757	917047
NC_015680	650942993	915330	916760
NC_015680	650942992	914987	915214
NC_015680	650942991	914295	914969
NC_015680	650942990	913073	914290
NC_015680	650943723	1589107	1590420
NC_015680	650943722	1588139	1588720
NC_015680	650943721	1587961	1588119
NC_015680	650943720	1586800	1587858
NC_015680	650943727	1593572	1595377
NC_015680	650943726	1592567	1593538
NC_015680	650943725	1590711	1590839
NC_015680	650943724	1590511	1590630
NC_015680	650943729	1596488	1597882
NC_015680	650943728	1595454	1596488
NC_015680	650941981	28362	29993
NC_015680	650942664	605743	607164
NC_015680	650942667	609173	609829
NC_015680	650941982	29980	31911
NC_015680	650942661	602328	603047
NC_015680	650941984	32797	32994
NC_015680	650942663	604410	605732
NC_015680	650942662	603044	604324
NC_015680	650941989	34492	34608
NC_015680	650941988	34205	34411
NC_015680	650942669	611144	611548
NC_015680	650942668	609861	611147
NC_015680	650942626	575197	575610
NC_015680	650942528	481976	482140
NC_015680	650942529	481992	482744
NC_015680	650942526	481559	481852
NC_015680	650942333	322222	324945
NC_015680	650942524	479394	480407
NC_015680	650942525	480414	481499
NC_015680	650942522	478227	478343
NC_015680	650942523	478564	479382
NC_015680	650942520	477516	477782
NC_015680	650942332	318860	322216
NC_015680	650943037	960926	961486
NC_015680	650943036	959822	960874
NC_015680	650943035	958960	959787
NC_015680	650943034	957051	958916
NC_015680	650943033	956207	957049
NC_015680	650943032	955263	956204
NC_015680	650943031	954489	955205
NC_015680	650943030	954065	954487
NC_015680	650943039	962014	963402
NC_015680	650943038	961453	961920
NC_015680	650943812	1669837	1670544
NC_015680	650942294	286141	286803
NC_015680	650942295	286787	287575
NC_015680	650942296	287582	287923
NC_015680	650942297	288017	289054
NC_015680	650942290	281652	282041
NC_015680	650942291	282047	283294
NC_015680	650942292	283301	284449
NC_015680	650942293	284439	286130
NC_015680	650942338	327366	328013
NC_015680	650942298	289060	289530
NC_015680	650942299	289532	290551
NC_015680	650942452	417590	418066
NC_015680	650942453	418060	418845
NC_015680	650942450	416553	417086
NC_015680	650942451	417067	417474
NC_015680	650942456	419637	420101
NC_015680	650942457	420102	420800
NC_015680	650942454	419237	419434
NC_015680	650942455	419440	419589
NC_015680	650943103	1013315	1015084
NC_015680	650943102	1012597	1013103
NC_015680	650942458	420852	422594
NC_015680	650943100	1011969	1012349
NC_015680	650943107	1018756	1018890
NC_015680	650943106	1016898	1018787
NC_015680	650943105	1015472	1016785
NC_015680	650943104	1015091	1015369
NC_015680	650942188	201309	201941
NC_015680	650942180	191943	192731
NC_015680	650942181	192728	193558
NC_015680	650942182	193555	194220
NC_015680	650942183	194195	195724
NC_015680	650942184	195706	196890
NC_015680	650942185	196931	198304
NC_015680	650942186	198418	199419
NC_015680	650942187	199605	200591
NC_015680	650943219	1122053	1122313
NC_015680	650943218	1120932	1121768
NC_015680	650943217	1119928	1120878
NC_015680	650943216	1119216	1119422
NC_015680	650943816	1673362	1674132
NC_015680	650943214	1118017	1118334
NC_015680	650943213	1116150	1117685
NC_015680	650943212	1114916	1116187
NC_015680	650943211	1113459	1114454
NC_015680	650943210	1112026	1113339
NC_015680	650942078	124624	124827
NC_015680	650942079	125040	125492
NC_015680	650942074	122006	122611
NC_015680	650942075	122608	123081
NC_015680	650942076	123148	123768
NC_015680	650942077	123740	124549
NC_015680	650942070	117765	119375
NC_015680	650942071	119537	120958
NC_015680	650942072	120955	121671
NC_015680	650942073	121695	122009
NC_015680	650942278	271170	271874
NC_015680	650942279	271840	272271
NC_015680	650943179	1081227	1081757
NC_015680	650942272	268669	269421
NC_015680	650942273	269420	269539
NC_015680	650942276	270093	270464
NC_015680	650942277	270573	271169
NC_015680	650942274	269629	269829
NC_015680	650942275	269835	270050
NC_015680	650943587	1451976	1453142
NC_015680	650942858	801163	802320
NC_015680	650942859	802317	803489
NC_015680	650942856	800151	800372
NC_015680	650942857	800435	801166
NC_015680	650942854	797334	797846
NC_015680	650942855	797917	799971
NC_015680	650942852	795348	795662
NC_015680	650942853	796910	797023
NC_015680	650942850	792103	794178
NC_015680	650942851	794153	794791
NC_015680	650943855	1701460	1702161
NC_015680	650943586	1451172	1451933
NC_015680	650943585	1450405	1451154
NC_015680	650943584	1449361	1450275
NC_015680	650943583	1448831	1449265
NC_015680	650943850	1697551	1697706
NC_015680	650943853	1699593	1700789
NC_015680	650943580	1446272	1447057
NC_015680	650943859	1705463	1706518
NC_015680	650943858	1704885	1705478
NC_015680	650943589	1454268	1454867
NC_015680	650943588	1453124	1454227
NC_015680	650943582	1448023	1448763
NC_015680	650942980	902477	905050
NC_015680	650943458	1321772	1322464
NC_015680	650942982	907632	907964
NC_015680	650942983	907921	908988
NC_015680	650942984	908994	910052
NC_015680	650942985	910093	910476
NC_015680	650942986	910481	911158
NC_015680	650942987	911169	911954
NC_015680	650943451	1314325	1315008
NC_015680	650942989	912354	912989
NC_015680	650943453	1316133	1317806
NC_015680	650943452	1315040	1316092
NC_015680	650943455	1318204	1318572
NC_015680	650943454	1317803	1318141
NC_015680	650943457	1319137	1321665
NC_015680	650943456	1318665	1319132
NC_015680	650943767	1628714	1629580
NC_015680	650942628	576140	576457
NC_015680	650943734	1602912	1604204
NC_015680	650943735	1604208	1605131
NC_015680	650943736	1605089	1606159
NC_015680	650943737	1606156	1607826
NC_015680	650943730	1597894	1599060
NC_015680	650943731	1599078	1599953
NC_015680	650943732	1600040	1602355
NC_015680	650943733	1602355	1602915
NC_015680	650943738	1607827	1608624
NC_015680	650943739	1608615	1608857
NC_015680	650941992	36687	37739
NC_015680	650941993	37750	38907
NC_015680	650941990	34904	36121
NC_015680	650941991	36202	36507
NC_015680	650942672	612936	613847
NC_015680	650942673	613904	615367
NC_015680	650941994	38910	39314
NC_015680	650942671	612785	612946
NC_015680	650941998	42705	44618
NC_015680	650941999	44594	48352
NC_015680	650943857	1703447	1704814
NC_015680	650942678	619814	620428
NC_015680	650942679	620507	621115
NC_015680	650943856	1702158	1703450
NC_015680	650942913	850327	851055
NC_015680	650943429	1298295	1299356
NC_015680	650943581	1447054	1448007
NC_015680	650943852	1698675	1699496
NC_015680	650943681	1550312	1550521
NC_015680	650942513	472498	472728
NC_015680	650942512	472157	472528
NC_015680	650942511	471662	472036
NC_015680	650942510	471328	471669
NC_015680	650942517	474709	475737
NC_015680	650943769	1630912	1632237
NC_015680	650942515	473371	473514
NC_015680	650942514	472907	473206
NC_015680	650943020	943771	944049
NC_015680	650943021	944241	944807
NC_015680	650943022	944817	945740
NC_015680	650943023	945763	946758
NC_015680	650943024	946925	947968
NC_015680	650943025	947955	948953
NC_015680	650943026	948947	950542
NC_015680	650943027	950565	951158
NC_015680	650943422	1289012	1289473
NC_015680	650943423	1289553	1291298
NC_015680	650942467	428825	431614
NC_015680	650942466	427630	428793
NC_015680	650942465	426855	427538
NC_015680	650942464	426580	426858
NC_015680	650943118	1028504	1028899
NC_015680	650942462	424517	425527
NC_015680	650942461	423873	424520
NC_015680	650942460	422899	423879
NC_015680	650943114	1024397	1024552
NC_015680	650943115	1024556	1024879
NC_015680	650943116	1026803	1027471
NC_015680	650943117	1027568	1028509
NC_015680	650943110	1021579	1022169
NC_015680	650943111	1022166	1023317
NC_015680	650943112	1023377	1024036
NC_015680	650942468	431668	432786
NC_015680	650943200	1099981	1101237
NC_015680	650943201	1101795	1102424
NC_015680	650943202	1102427	1103515
NC_015680	650943203	1104778	1105029
NC_015680	650943204	1105128	1105739
NC_015680	650943205	1107533	1108333
NC_015680	650943206	1108330	1108902
NC_015680	650943207	1108971	1110026
NC_015680	650943208	1110094	1111032
NC_015680	650943209	1111082	1112029
NC_015680	650942081	126863	127258
NC_015680	650942080	125549	126787
NC_015680	650942083	128282	129178
NC_015680	650942082	127382	128227
NC_015680	650942085	130271	131038
NC_015680	650942084	129180	130259
NC_015680	650942087	131326	132045
NC_015680	650942086	131045	131305
NC_015680	650942089	132465	132932
NC_015680	650942088	132056	132454
NC_015680	650942249	248694	249734
NC_015680	650942247	247641	248444
NC_015680	650942246	247271	247630
NC_015680	650942245	246678	247265
NC_015680	650942244	246104	246571
NC_015680	650942243	245319	246104
NC_015680	650942242	244589	245326
NC_015680	650942241	243481	244533
NC_015680	650942240	242760	243362
NC_015680	650942863	805838	806458
NC_015680	650943599	1462006	1462473
NC_015680	650942861	804426	804770
NC_015680	650942860	803662	804279
NC_015680	650942867	810014	810664
NC_015680	650942866	809324	809926
NC_015680	650942865	809018	809323
NC_015680	650942864	806578	808983
NC_015680	650943590	1454839	1455402
NC_015680	650943591	1455758	1455925
NC_015680	650942869	811858	812538
NC_015680	650942868	810830	811591
NC_015680	650943594	1457433	1458122
NC_015680	650943595	1458417	1458551
NC_015680	650943596	1458632	1459669
NC_015680	650943597	1459632	1460780
NC_015680	650943846	1695828	1696268
NC_015680	650943847	1696306	1696542
NC_015680	650943844	1693610	1694578
NC_015680	650943845	1694630	1695823
NC_015680	650943842	1692281	1692787
NC_015680	650943843	1692768	1693550
NC_015680	650943840	1691364	1691729
NC_015680	650943841	1691848	1692141
NC_015680	650943848	1696553	1697236
NC_015680	650943849	1697259	1697540
NC_015680	650943459	1322704	1323789
NC_015680	650942981	905067	906083
NC_015680	650943448	1311681	1312373
NC_015680	650943449	1312980	1313093
NC_015680	650943442	1307846	1308292
NC_015680	650943443	1308302	1308901
NC_015680	650943440	1307114	1307512
NC_015680	650943441	1307490	1307771
NC_015680	650943446	1310591	1311067
NC_015680	650943447	1311197	1311697
NC_015680	650943444	1308901	1309152
NC_015680	650943445	1309130	1310563
NC_015680	650942988	912220	912333
NC_015680	650943450	1313111	1314319
NC_015680	650942649	592763	594133
NC_015680	650942648	592369	592752
NC_015680	650942643	587553	588713
NC_015680	650942642	587238	587546
NC_015680	650942640	586094	586894
NC_015680	650942647	590984	592366
NC_015680	650942646	590256	590987
NC_015680	650942645	589075	590259
NC_015680	650942644	588710	589021
NC_015680	650942889	828230	828790
NC_015680	650942888	827764	828255
NC_015680	650942881	821347	821592
NC_015680	650942880	820265	821266
NC_015680	650942883	823579	823800
NC_015680	650942882	821592	823577
NC_015680	650942885	824722	826080
NC_015680	650942884	823903	824661
NC_015680	650942887	827231	827761
NC_015680	650942886	826114	827241
NC_015680	650942504	463455	465176
NC_015680	650942505	465289	465648
NC_015680	650942506	465803	469006
NC_015680	650942507	469214	470005
NC_015680	650943059	981477	981974
NC_015680	650943058	979748	981475
NC_015680	650942502	458874	459755
NC_015680	650942503	459845	463324
NC_015680	650943055	975543	976757
NC_015680	650943054	974097	975539
NC_015680	650943057	978825	979751
NC_015680	650943056	976760	978814
NC_015680	650942508	470050	471126
NC_015680	650942509	471026	471139
NC_015680	650943053	973844	974092
NC_015680	650943052	971451	973586
NC_015680	650943699	1569047	1569778
NC_015680	650943698	1568501	1569037
NC_015680	650943693	1562535	1564427
NC_015680	650943692	1560994	1562397
NC_015680	650943691	1559248	1560891
NC_015680	650943690	1558394	1559161
NC_015680	650943697	1566972	1568384
NC_015680	650943696	1566028	1566966
NC_015680	650943695	1564818	1565957
NC_015680	650943694	1564587	1564808
NC_015680	650943051	971289	971417
NC_015680	650942478	439901	440242
NC_015680	650942479	440229	440816
NC_015680	650942470	434083	435525
NC_015680	650942471	435525	436310
NC_015680	650942472	436426	437397
NC_015680	650942473	437420	437671
NC_015680	650942474	437672	438250
NC_015680	650942475	438262	438531
NC_015680	650942476	438642	438881
NC_015680	650942477	438878	439900
NC_015680	650942519	476684	477475
NC_015680	650943275	1164238	1164690
NC_015680	650943274	1163624	1164178
NC_015680	650943277	1165937	1166386
NC_015680	650943276	1164750	1165940
NC_015680	650943271	1161824	1162135
NC_015680	650943270	1161662	1161787
NC_015680	650943273	1163126	1163614
NC_015680	650943272	1162132	1163070
NC_015680	650943279	1167671	1168198
NC_015680	650943278	1166392	1167657
NC_015680	650942940	871395	872096
NC_015680	650942941	872093	872476
NC_015680	650942092	133775	134071
NC_015680	650942093	134068	134337
NC_015680	650942090	132937	133569
NC_015680	650942091	133556	133762
NC_015680	650942096	135120	135485
NC_015680	650942097	135485	136231
NC_015680	650942094	134334	134678
NC_015680	650942095	134684	135109
NC_015680	650942098	136242	136802
NC_015680	650942099	136806	136976
NC_015680	650942250	249751	250176
NC_015680	650943308	1190994	1192304
NC_015680	650942252	252078	253148
NC_015680	650942253	253153	253515
NC_015680	650942254	253648	254550
NC_015680	650942255	254555	255580
NC_015680	650942256	255586	255939
NC_015680	650942257	256068	257048
NC_015680	650943301	1185354	1186028
NC_015680	650943300	1184739	1185350
NC_015680	650943303	1186838	1187119
NC_015680	650943302	1186025	1186762
NC_015680	650943305	1188049	1188852
NC_015680	650943304	1187219	1187341
NC_015680	650943307	1189713	1190900
NC_015680	650943306	1188855	1189514
NC_015680	650942676	616521	617852
NC_015680	650942490	449610	449729
NC_015680	650942677	617857	619803
NC_015680	650942948	878347	878670
NC_015680	650942491	451159	451674
NC_015680	650942674	615503	616390
NC_015680	650942949	878714	879667
NC_015680	650941996	41506	41649
NC_015680	650941997	41713	41916
NC_015680	650942670	611547	611756
NC_015680	650941995	39424	41106
NC_015680	650943141	1049955	1050770
NC_015680	650943140	1046969	1047715
NC_015680	650942874	814371	814925
NC_015680	650942875	814937	816379
NC_015680	650942876	816465	817775
NC_015680	650942877	817747	818502
NC_015680	650942870	812535	812783
NC_015680	650942871	812755	813279
NC_015680	650942872	813325	813732
NC_015680	650942873	813733	814308
NC_015680	650942878	818621	818920
NC_015680	650942879	818896	819873
NC_015680	650943479	1342373	1342615
NC_015680	650943478	1341598	1342359
NC_015680	650943477	1340982	1341608
NC_015680	650943476	1340673	1340819
NC_015680	650943475	1340158	1340424
NC_015680	650943474	1339130	1340020
NC_015680	650943473	1337033	1338949
NC_015680	650943472	1335654	1336868
NC_015680	650943471	1334678	1335643
NC_015680	650943470	1334340	1334681
NC_015680	650942658	600963	601571
NC_015680	650942659	601612	602055
NC_015680	650942654	596584	596736
NC_015680	650942655	596828	597283
NC_015680	650942656	597613	598980
NC_015680	650942657	599032	600966
NC_015680	650942650	594249	595139
NC_015680	650942651	595338	595598
NC_015680	650942652	595610	596419
NC_015680	650942653	596424	596582
NC_015680	650943028	951188	952195
NC_015680	650942898	835553	836023
NC_015680	650942899	836020	837390
NC_015680	650943029	952263	954062
NC_015680	650942892	830997	831284
NC_015680	650942893	831383	833203
NC_015680	650942890	828861	829661
NC_015680	650942891	829664	830905
NC_015680	650942896	834651	834983
NC_015680	650942897	834990	835277
NC_015680	650942894	833234	833491
NC_015680	650942895	833492	834616
NC_015680	650942516	473513	474703
NC_015680	650943048	970232	970990
NC_015680	650943049	970962	971078
NC_015680	650943046	968694	969374
NC_015680	650943047	969374	970201
NC_015680	650943044	966285	967277
NC_015680	650943045	967513	968688
NC_015680	650943042	964291	964839
NC_015680	650943043	964824	966188
NC_015680	650943041	963545	964246
NC_015680	650942518	476311	476643
NC_015680	650943688	1555252	1555797
NC_015680	650943689	1556870	1558372
NC_015680	650943684	1552176	1552784
NC_015680	650943685	1552739	1553299
NC_015680	650943686	1553391	1554080
NC_015680	650943687	1554077	1555075
NC_015680	650943680	1549999	1550211
NC_015680	650942227	233631	234854
NC_015680	650943682	1550527	1551261
NC_015680	650943683	1551278	1551562
NC_015680	650943319	1204605	1205099
NC_015680	650942409	382444	382878
NC_015680	650942408	380831	382288
NC_015680	650942405	379213	380193
NC_015680	650942404	378690	379235
NC_015680	650942406	380183	380515
NC_015680	650942401	376357	377079
NC_015680	650942400	375653	376360
NC_015680	650942403	377786	378568
NC_015680	650942402	377132	377293
NC_015680	650942229	235278	236474
NC_015680	650943317	1202778	1203218
NC_015680	650942311	304158	305039
NC_015680	650942310	303629	304072
NC_015680	650942313	305816	306673
NC_015680	650942312	305023	305832
NC_015680	650942315	307254	308195
NC_015680	650942314	306816	307244
NC_015680	650942317	308494	309819
NC_015680	650942316	308201	308449
NC_015680	650942319	311470	312201
NC_015680	650942318	309830	311197
NC_015680	650943832	1683513	1683785
NC_015680	650943266	1158404	1158757
NC_015680	650943267	1158868	1159128
NC_015680	650943264	1156861	1157700
NC_015680	650943265	1157712	1158407
NC_015680	650943262	1154882	1156141
NC_015680	650943263	1156138	1156812
NC_015680	650943260	1152428	1153837
NC_015680	650943261	1153821	1154885
NC_015680	650943268	1159209	1160282
NC_015680	650943269	1160487	1161641
NC_015680	650942225	232272	232682
NC_015680	650942224	231449	232285
NC_015680	650943318	1203221	1204612
NC_015680	650942226	232672	233625
NC_015680	650942223	229746	231299
NC_015680	650942222	228328	229698
NC_015680	650943312	1194847	1195122
NC_015680	650943313	1195173	1197911
NC_015680	650943310	1193980	1194099
NC_015680	650943311	1194454	1194594
NC_015680	650943316	1200517	1202781
NC_015680	650942228	234851	235264
NC_015680	650943314	1197908	1198384
NC_015680	650943315	1198481	1200427
NC_015680	650942139	162572	162685
NC_015680	650942138	162234	162428
NC_015680	650942131	157536	158177
NC_015680	650942130	156888	157013
NC_015680	650942133	160128	160568
NC_015680	650942132	158619	159023
NC_015680	650942135	161085	161297
NC_015680	650942134	160579	161088
NC_015680	650942137	161763	162224
NC_015680	650942136	161281	161676
NC_015680	650943864	1714131	1714760
NC_015680	650943865	1714757	1715347
NC_015680	650943860	1706599	1708023
NC_015680	650943861	1708181	1709989
NC_015680	650943862	1710000	1712918
NC_015680	650943863	1713854	1714141
NC_015680	650942799	746024	747280
NC_015680	650942798	745564	746061
NC_015680	650942795	743203	743685
NC_015680	650942794	742866	743249
NC_015680	650942797	743962	745440
NC_015680	650942796	743831	743956
NC_015680	650942791	739836	740624
NC_015680	650942790	738219	739322
NC_015680	650942793	741756	742808
NC_015680	650942792	740614	741753
NC_015680	650942463	425615	426583
NC_015680	650942589	536082	536918
NC_015680	650943460	1324081	1324203
NC_015680	650943461	1324489	1324800
NC_015680	650943462	1324945	1325340
NC_015680	650943463	1325742	1327148
NC_015680	650943464	1329472	1330104
NC_015680	650943465	1330070	1330315
NC_015680	650943466	1330326	1331174
NC_015680	650943467	1331171	1333240
NC_015680	650943468	1333253	1333405
NC_015680	650943469	1333402	1334337
NC_015680	650943851	1697859	1698587
NC_015680	650943299	1183543	1184742
NC_015680	650943298	1182898	1183542
NC_015680	650942727	673241	673363
NC_015680	650943073	990915	991169
NC_015680	650943072	990415	990918
NC_015680	650943071	990108	990263
NC_015680	650943070	988696	989751
NC_015680	650943077	992083	992526
NC_015680	650943076	991791	992090
NC_015680	650943075	991528	991794
NC_015680	650943074	991166	991531
NC_015680	650943079	992873	994402
NC_015680	650943078	992523	992876
NC_015680	650943671	1543096	1543422
NC_015680	650943670	1542572	1543099
NC_015680	650943673	1544103	1544696
NC_015680	650943672	1543514	1544065
NC_015680	650943675	1545348	1546175
NC_015680	650943674	1544770	1545351
NC_015680	650943677	1547672	1548127
NC_015680	650943676	1546227	1547612
NC_015680	650943679	1549021	1550007
NC_015680	650943678	1548248	1548934
NC_015680	650942810	759330	760064
NC_015680	650942811	760112	760354
NC_015680	650942418	390081	393551
NC_015680	650942419	393556	394341
NC_015680	650942416	386973	388046
NC_015680	650942417	388072	390084
NC_015680	650942414	385309	385725
NC_015680	650942415	385823	387001
NC_015680	650942412	384090	385097
NC_015680	650942410	383185	383862
NC_015680	650942411	383825	384052
NC_015680	650943785	1643541	1644230
NC_015680	650943784	1642439	1643560
NC_015680	650943781	1640762	1641076
NC_015680	650943780	1640389	1640739
NC_015680	650943783	1642107	1642442
NC_015680	650943782	1641073	1642065
NC_015680	650943789	1645161	1646429
NC_015680	650943788	1644481	1645065
NC_015680	650942302	294124	295383
NC_015680	650942303	295550	296242
NC_015680	650942300	290511	291488
NC_015680	650942301	292333	294036
NC_015680	650942306	298913	300007
NC_015680	650942307	300881	301312
NC_015680	650942304	296253	297386
NC_015680	650942305	297383	298639
NC_015680	650943253	1148624	1149421
NC_015680	650943252	1148445	1148627
NC_015680	650943251	1147804	1148448
NC_015680	650942309	301780	303546
NC_015680	650943257	1150909	1151490
NC_015680	650943255	1150079	1150561
NC_015680	650943254	1149405	1150019
NC_015680	650943099	1011688	1011972
NC_015680	650943098	1010987	1011694
NC_015680	650943091	1004080	1005255
NC_015680	650943090	1003481	1004074
NC_015680	650943093	1005787	1006365
NC_015680	650943092	1005266	1005790
NC_015680	650943095	1007309	1009165
NC_015680	650943094	1006376	1007305
NC_015680	650943097	1010646	1010990
NC_015680	650943096	1009162	1010649
NC_015680	650942236	240867	241199
NC_015680	650942237	241200	241616
NC_015680	650942234	238834	240060
NC_015680	650942235	240110	240883
NC_015680	650942232	238006	238434
NC_015680	650942233	238621	238812
NC_015680	650942230	236487	236750
NC_015680	650942231	236762	237934
NC_015680	650943327	1211114	1211704
NC_015680	650943326	1210843	1211130
NC_015680	650943325	1209560	1210714
NC_015680	650943324	1208625	1209554
NC_015680	650943323	1207988	1208632
NC_015680	650943322	1207589	1207909
NC_015680	650942238	241625	242143
NC_015680	650942239	242128	242763
NC_015680	650942128	155163	155570
NC_015680	650942129	155874	156062
NC_015680	650942122	151134	152087
NC_015680	650942123	152101	152799
NC_015680	650942120	150139	150414
NC_015680	650942121	150395	151060
NC_015680	650942126	153352	153507
NC_015680	650942127	153936	155084
NC_015680	650942124	152902	153243
NC_015680	650942125	153240	153380
NC_015680	650942759	710385	711494
NC_015680	650942758	709588	710331
NC_015680	650941978	24907	25722
NC_015680	650941979	25682	26650
NC_015680	650942618	566422	566703
NC_015680	650941975	21632	22756
NC_015680	650942788	736542	737333
NC_015680	650942789	737344	738222
NC_015680	650942786	734626	735075
NC_015680	650942787	735256	736545
NC_015680	650942784	733060	734205
NC_015680	650942785	734198	734629
NC_015680	650942782	730058	730927
NC_015680	650942783	730928	732346
NC_015680	650942780	728132	728599
NC_015680	650942781	728633	729919
NC_015680	650942757	708603	709574
NC_015680	650942756	707734	708600
NC_015680	650943415	1281878	1282540
NC_015680	650943414	1281109	1281927
NC_015680	650943417	1284144	1284698
NC_015680	650943416	1282587	1283933
NC_015680	650943411	1278257	1278667
NC_015680	650943410	1277545	1278186
NC_015680	650943413	1280186	1281052
NC_015680	650943412	1278674	1280185
NC_015680	650943419	1285256	1285477
NC_015680	650943418	1284764	1285072
NC_015680	650943529	1391990	1392724
NC_015680	650943528	1391005	1391916
NC_015680	650943521	1384656	1386050
NC_015680	650943520	1382887	1384650
NC_015680	650943523	1386782	1387546
NC_015680	650943522	1386072	1386713
NC_015680	650943525	1388315	1389529
NC_015680	650943524	1387557	1388318
NC_015680	650943527	1390405	1391004
NC_015680	650943526	1389506	1390360
NC_015680	650943064	984373	984732
NC_015680	650943065	984725	984979
NC_015680	650943066	984980	985720
NC_015680	650943067	985717	986118
NC_015680	650943060	981971	982786
NC_015680	650943061	982755	983021
NC_015680	650943062	983025	984056
NC_015680	650943063	984095	984376
NC_015680	650943068	986239	986604
NC_015680	650943069	986615	988180
NC_015680	650943662	1533766	1534416
NC_015680	650943663	1534409	1535368
NC_015680	650943660	1532389	1533015
NC_015680	650943661	1533005	1533769
NC_015680	650943666	1537120	1539474
NC_015680	650943667	1539471	1540541
NC_015680	650943664	1535322	1535780
NC_015680	650943665	1535981	1536982
NC_015680	650943668	1540538	1541623
NC_015680	650943669	1541620	1542606
NC_015680	650942423	397206	398690
NC_015680	650942422	395390	396703
NC_015680	650942421	394501	395310
NC_015680	650942427	399590	400369
NC_015680	650942426	399345	399590
NC_015680	650942425	399095	399340
NC_015680	650942424	398687	399055
NC_015680	650942429	401017	401961
NC_015680	650942428	400483	400896
NC_015680	650943796	1651378	1653495
NC_015680	650943797	1653542	1654918
NC_015680	650943794	1650090	1650266
NC_015680	650943795	1650507	1651280
NC_015680	650943792	1647925	1648947
NC_015680	650943793	1649011	1650030
NC_015680	650943790	1646453	1646851
NC_015680	650943791	1646863	1647885
NC_015680	650943798	1655082	1655837
NC_015680	650943799	1655845	1656699
NC_015680	650942337	326916	327359
NC_015680	650942336	326462	326899
NC_015680	650942335	326150	326449
NC_015680	650942334	324956	326146
NC_015680	650943248	1145318	1145767
NC_015680	650943249	1145838	1147058
NC_015680	650942330	317723	318343
NC_015680	650943244	1142802	1144094
NC_015680	650943245	1144137	1144694
NC_015680	650943246	1144831	1145115
NC_015680	650943247	1145119	1145316
NC_015680	650943240	1136526	1138781
NC_015680	650943241	1138812	1139573
NC_015680	650943242	1139576	1140376
NC_015680	650943243	1140433	1142631
NC_015680	650943088	1001812	1002159
NC_015680	650943089	1002256	1003479
NC_015680	650943082	995265	995834
NC_015680	650943083	995831	997120
NC_015680	650943080	994402	994749
NC_015680	650943081	994754	995272
NC_015680	650943086	998602	999888
NC_015680	650943087	999872	1001761
NC_015680	650943084	997117	998076
NC_015680	650943085	998073	998489
NC_015680	650942812	761121	761966
NC_015680	650942209	214285	215118
NC_015680	650942208	213221	214246
NC_015680	650943541	1404005	1404169
NC_015680	650942813	762107	762256
NC_015680	650942203	207898	208776
NC_015680	650942202	207225	207833
NC_015680	650942201	206186	207211
NC_015680	650942200	206007	206180
NC_015680	650942207	211890	213209
NC_015680	650942206	210697	211830
NC_015680	650942205	209812	210588
NC_015680	650942204	208781	209782
NC_015680	650943330	1213695	1214915
NC_015680	650943331	1214916	1215308
NC_015680	650943332	1215301	1216527
NC_015680	650943333	1216595	1217314
NC_015680	650943334	1217298	1218179
NC_015680	650943335	1218176	1218703
NC_015680	650943336	1218706	1219017
NC_015680	650943337	1219078	1219638
NC_015680	650943338	1219652	1220311
NC_015680	650943339	1220308	1220928
NC_015680	650943811	1667853	1669823
NC_015680	650943542	1404270	1404431
NC_015680	650943813	1670621	1671184
NC_015680	650943540	1402944	1403594
NC_015680	650943815	1671719	1673308
NC_015680	650943814	1671156	1671713
NC_015680	650943817	1674185	1674454
NC_015680	650942119	149456	150067
NC_015680	650942118	149146	149424
NC_015680	650942117	148607	149101
NC_015680	650942116	148005	148610
NC_015680	650942115	147091	147651
NC_015680	650942114	145559	146986
NC_015680	650942113	145059	145562
NC_015680	650942112	144802	145035
NC_015680	650942111	143669	144805
NC_015680	650942110	143145	143672
NC_015680	650942931	860871	862142
NC_015680	650942930	860225	860740
NC_015680	650942933	862886	864802
NC_015680	650942932	862148	862846
NC_015680	650942935	865371	866858
NC_015680	650942934	864812	865102
NC_015680	650942937	868434	868700
NC_015680	650942936	866864	868024
NC_015680	650942939	871060	871389
NC_015680	650942938	869141	869296
NC_015680	650943406	1274506	1274763
NC_015680	650943407	1274760	1275248
NC_015680	650943404	1273280	1273417
NC_015680	650943405	1273553	1274506
NC_015680	650943402	1272324	1272494
NC_015680	650943403	1273043	1273195
NC_015680	650943400	1270469	1271452
NC_015680	650943401	1271454	1272137
NC_015680	650943408	1275252	1277330
NC_015680	650943409	1277385	1277519
NC_015680	650942687	628332	629378
NC_015680	650942686	627524	628330
NC_015680	650942685	625275	627338
NC_015680	650942684	624543	625229
NC_015680	650942683	623532	624572
NC_015680	650942682	622628	623437
NC_015680	650942681	621708	622604
NC_015680	650942680	621115	621702
NC_015680	650943431	1300326	1300991
NC_015680	650942689	630381	631025
NC_015680	650942688	629426	630409
NC_015680	650943538	1401962	1402531
NC_015680	650943539	1402681	1402923
NC_015680	650943532	1394312	1396780
NC_015680	650943533	1396963	1398012
NC_015680	650943530	1392717	1393943
NC_015680	650943531	1393936	1394097
NC_015680	650943536	1400434	1401441
NC_015680	650943537	1401453	1401956
NC_015680	650943534	1398023	1399453
NC_015680	650943535	1399464	1400423
NC_015680	650943657	1529975	1530718
NC_015680	650943656	1529207	1529962
NC_015680	650943655	1528040	1529167
NC_015680	650943654	1524715	1528011
NC_015680	650943653	1523463	1524704
NC_015680	650943652	1522525	1523466
NC_015680	650943651	1521407	1522528
NC_015680	650943650	1521197	1521427
NC_015680	650942751	703839	704150
NC_015680	650942750	702709	703779
NC_015680	650942753	705029	705499
NC_015680	650942752	704143	705048
NC_015680	650942755	706647	707660
NC_015680	650942754	705502	706536
NC_015680	650943659	1531631	1532329
NC_015680	650943658	1530878	1531300
NC_015680	650942434	405040	406338
NC_015680	650942435	406635	407897
NC_015680	650942436	408024	408449
NC_015680	650942437	408569	409093
NC_015680	650942430	402022	403533
NC_015680	650942431	403578	404198
NC_015680	650942432	404272	404499
NC_015680	650942433	404549	405082
NC_015680	650942438	409097	409891
NC_015680	650942439	409892	410437
NC_015680	650942320	312212	312622
NC_015680	650942321	312648	312995
NC_015680	650942322	313013	313513
NC_015680	650942323	313630	314463
NC_015680	650942324	314474	315184
NC_015680	650942325	315181	315954
NC_015680	650942326	315951	316700
NC_015680	650942327	316702	317508
