NC_014804	650728173	1470989	1471837
NC_014804	650728172	1469670	1470992
NC_014804	650728171	1468424	1469380
NC_014804	650728170	1467982	1468389
NC_014804	650728177	1474162	1475121
NC_014804	650728176	1473144	1474151
NC_014804	650728175	1472617	1472775
NC_014804	650728174	1471847	1472611
NC_014804	650728179	1476585	1477646
NC_014804	650728178	1475132	1476574
NC_014804	650726919	370117	370869
NC_014804	650726918	369265	370062
NC_014804	650726917	368434	369258
NC_014804	650726916	367610	368419
NC_014804	650726915	366534	367505
NC_014804	650726914	365737	366531
NC_014804	650726913	365549	365662
NC_014804	650726912	364583	365473
NC_014804	650726911	363969	364586
NC_014804	650726910	362846	363979
NC_014804	650728547	1833478	1833672
NC_014804	650728515	1799211	1799753
NC_014804	650728514	1799023	1799208
NC_014804	650728517	1800039	1800194
NC_014804	650728516	1799743	1800042
NC_014804	650728511	1797385	1797795
NC_014804	650728510	1796120	1797352
NC_014804	650728513	1798466	1799026
NC_014804	650728512	1797879	1798415
NC_014804	650728519	1800807	1800938
NC_014804	650728518	1800227	1800829
NC_014804	650728685	1976366	1976779
NC_014804	650728684	1975401	1976342
NC_014804	650728687	1977151	1978311
NC_014804	650728686	1976827	1977129
NC_014804	650728681	1967109	1968149
NC_014804	650728680	1966018	1967043
NC_014804	650728683	1969579	1975266
NC_014804	650728682	1968182	1969339
NC_014804	650728689	1979483	1980808
NC_014804	650728688	1978362	1979429
NC_014804	650726540	76535	76996
NC_014804	650727018	461179	462000
NC_014804	650728429	1725488	1726876
NC_014804	650728428	1724243	1725454
NC_014804	650728359	1651658	1654255
NC_014804	650728358	1650498	1651640
NC_015471	650829889	33616	34521
NC_015471	650829888	33204	33473
NC_014804	650728353	1645781	1646305
NC_014804	650728352	1645486	1645791
NC_014804	650728423	1719076	1720017
NC_014804	650728350	1641550	1644723
NC_014804	650728425	1721154	1721759
NC_014804	650728356	1648232	1649830
NC_015471	650829883	28541	29572
NC_014804	650728354	1646400	1646831
NC_014804	650728199	1499084	1499500
NC_014804	650728198	1498005	1498931
NC_014804	650728191	1491107	1492219
NC_014804	650728190	1490802	1491110
NC_014804	650728193	1492869	1493354
NC_014804	650728192	1492226	1492837
NC_014804	650728195	1495354	1495665
NC_014804	650728194	1493373	1495352
NC_014804	650728197	1496485	1498008
NC_014804	650728196	1495797	1496480
NC_014804	650727011	455469	456572
NC_014804	650726549	83116	84156
NC_014804	650728229	1526214	1526867
NC_014804	650728228	1526052	1526165
NC_014804	650728227	1524156	1526024
NC_014804	650728226	1523305	1524099
NC_014804	650728225	1522471	1523286
NC_014804	650728224	1522113	1522484
NC_014804	650728223	1521026	1522123
NC_014804	650728222	1519893	1520969
NC_014804	650728221	1519511	1519888
NC_014804	650728220	1518882	1519508
NC_014804	650727415	810494	811192
NC_014804	650727414	810135	810497
NC_014804	650727416	811205	812059
NC_014804	650727411	807231	808646
NC_014804	650727410	806507	807265
NC_014804	650727413	809364	809999
NC_014804	650727412	808687	809352
NC_014804	650727327	732313	733410
NC_014804	650727326	732001	732312
NC_014804	650727325	730661	731998
NC_014804	650727324	729483	730664
NC_014804	650727323	728885	729370
NC_014804	650727322	727515	728882
NC_014804	650727321	726772	727161
NC_014804	650727320	725559	726707
NC_014804	650727639	1013225	1013860
NC_014804	650727638	1011313	1013214
NC_014804	650727329	734094	734909
NC_014804	650727328	733475	734041
NC_014804	650727521	907627	908403
NC_014804	650727252	679923	680570
NC_014804	650727523	908615	908992
NC_014804	650727250	677862	678674
NC_014804	650727525	909671	910666
NC_014804	650727524	908997	909674
NC_014804	650727527	911134	912174
NC_014804	650727526	910676	911104
NC_014804	650727529	913080	913835
NC_014804	650727528	912271	913077
NC_014804	650727259	683109	683258
NC_014804	650727258	682728	683024
NC_014804	650726690	186309	186674
NC_014804	650726691	186705	187535
NC_014804	650726692	187532	188335
NC_014804	650726693	188332	189102
NC_014804	650726694	189166	189399
NC_014804	650726695	189368	190090
NC_014804	650726696	190124	190804
NC_014804	650726697	190905	191183
NC_014804	650726698	191184	191858
NC_014804	650726699	191976	193331
NC_014804	650727743	1097648	1098391
NC_014804	650727742	1096978	1097541
NC_014804	650727745	1099197	1099862
NC_014804	650727744	1098511	1099200
NC_014804	650727747	1100746	1100979
NC_014804	650727746	1099947	1100741
NC_014804	650728426	1722214	1723023
NC_015471	650829903	48331	49146
NC_014804	650727310	720237	720488
NC_014804	650728164	1461557	1462306
NC_014804	650728165	1462590	1463786
NC_014804	650728166	1463779	1464816
NC_014804	650728167	1464819	1465679
NC_014804	650728160	1458042	1458350
NC_014804	650728161	1458353	1459510
NC_014804	650728162	1459480	1460685
NC_014804	650728163	1460764	1461528
NC_014804	650728553	1837937	1838377
NC_014804	650728169	1467710	1467976
NC_014804	650727311	720608	721090
NC_014804	650726900	355176	356213
NC_014804	650726901	356198	356983
NC_014804	650726902	357069	357659
NC_014804	650726903	357695	358423
NC_014804	650726904	358459	359472
NC_014804	650726905	359469	360095
NC_014804	650726906	360101	360874
NC_014804	650726907	360858	361547
NC_014804	650726908	361549	362139
NC_014804	650726909	362319	362849
NC_014804	650727590	964122	965393
NC_014804	650727591	965528	966451
NC_014804	650728555	1839006	1840964
NC_014804	650727592	966413	966883
NC_014804	650728506	1794007	1794579
NC_014804	650728507	1794676	1795338
NC_014804	650728504	1792887	1793198
NC_014804	650728505	1793571	1794035
NC_014804	650728502	1790873	1791943
NC_014804	650728503	1792033	1792824
NC_014804	650728500	1789602	1789982
NC_014804	650728501	1789979	1790824
NC_014804	650727226	655039	655740
NC_014804	650728508	1795335	1795505
NC_014804	650727227	655751	657019
NC_014804	650728696	1985582	1986280
NC_014804	650728697	1986280	1987731
NC_014804	650728694	1984021	1984416
NC_014804	650728695	1984511	1985461
NC_014804	650728692	1982869	1983009
NC_014804	650728693	1983147	1983641
NC_014804	650728554	1838372	1838962
NC_014804	650728691	1981649	1982770
NC_014804	650728698	1987736	1988863
NC_014804	650728699	1988935	1989837
NC_014804	650727314	722313	722435
NC_014804	650727315	722551	723075
NC_014804	650728438	1734937	1735557
NC_014804	650728439	1735586	1738186
NC_014804	650728348	1640473	1641075
NC_014804	650728349	1641130	1641495
NC_015471	650829898	43398	45635
NC_015471	650829899	46002	46775
NC_014804	650728432	1729144	1730187
NC_014804	650728345	1635861	1639250
NC_014804	650728430	1726892	1728037
NC_014804	650728431	1728106	1729188
NC_014804	650728436	1733942	1734295
NC_014804	650728437	1734276	1734965
NC_014804	650728434	1731561	1732721
NC_014804	650728343	1632567	1635425
NC_014804	650728188	1487645	1489033
NC_014804	650728189	1489039	1490796
NC_014804	650728182	1482231	1482971
NC_014804	650728183	1483031	1484173
NC_014804	650728180	1477875	1480667
NC_014804	650728181	1481018	1482241
NC_014804	650728186	1485686	1486912
NC_014804	650728187	1486970	1487617
NC_014804	650728184	1484186	1484839
NC_014804	650728185	1484885	1485709
NC_014804	650728230	1526924	1527256
NC_014804	650728231	1527253	1528935
NC_014804	650728232	1528993	1530057
NC_014804	650728234	1532052	1532198
NC_014804	650728235	1532269	1532385
NC_014804	650728236	1532554	1533621
NC_014804	650728237	1533709	1534623
NC_014804	650728238	1534666	1535193
NC_014804	650728239	1535144	1535701
NC_014804	650727408	804492	805406
NC_014804	650727409	805462	806385
NC_014804	650727406	803158	803523
NC_014804	650727407	803510	804520
NC_014804	650727404	800619	801599
NC_014804	650727405	801613	803124
NC_014804	650727402	798812	799999
NC_014804	650727403	800061	800549
NC_014804	650727400	797356	797871
NC_014804	650727401	797873	798688
NC_014804	650727626	1002474	1002887
NC_014804	650727627	1002880	1003650
NC_014804	650727624	1000418	1001980
NC_014804	650727625	1001992	1002477
NC_014804	650727622	998973	999257
NC_014804	650727623	999247	1000293
NC_014804	650727620	995813	996964
NC_014804	650727621	996973	998901
NC_014804	650727628	1003651	1003905
NC_014804	650727629	1003898	1004257
NC_014804	650728421	1717355	1717888
NC_014804	650728420	1716624	1717358
NC_014804	650728351	1644800	1645423
NC_014804	650728422	1717893	1719020
NC_014804	650728357	1649862	1650494
NC_014804	650728424	1720040	1721143
NC_014804	650727244	672637	673191
NC_014804	650727245	673305	673538
NC_014804	650727246	673535	674842
NC_014804	650727247	674984	675682
NC_014804	650727536	917041	917406
NC_014804	650727241	667522	668316
NC_014804	650727242	668569	672219
NC_014804	650727535	916401	917057
NC_014804	650727538	917706	918008
NC_014804	650727539	917968	921231
NC_014804	650727248	675723	677150
NC_014804	650727249	677202	677669
NC_014804	650727758	1107859	1108227
NC_014804	650727759	1108407	1108553
NC_014804	650727752	1104022	1104378
NC_014804	650727753	1104766	1105224
NC_014804	650727750	1102321	1103076
NC_014804	650727751	1103241	1103987
NC_014804	650727756	1106926	1107138
NC_014804	650727757	1107144	1107872
NC_014804	650727754	1105221	1105967
NC_014804	650727755	1106038	1106862
NC_014804	650726593	105431	105838
NC_014804	650726592	104992	105420
NC_014804	650726591	104623	104985
NC_014804	650726597	106390	107415
NC_014804	650726596	106210	106383
NC_014804	650726594	105892	106089
NC_014804	650726599	108110	108988
NC_014804	650726598	107421	108026
NC_014804	650726751	233618	234559
NC_014804	650726750	232242	233606
NC_014804	650726753	235404	236477
NC_014804	650726752	234556	235404
NC_014804	650726755	237527	238189
NC_014804	650726754	236516	237517
NC_014804	650726757	238475	239467
NC_014804	650726756	238192	238485
NC_014804	650726759	239808	241508
NC_014804	650726758	239477	239755
NC_014804	650727332	736353	736994
NC_014804	650727333	737000	738175
NC_014804	650727334	738186	738707
NC_014804	650727335	738704	739276
NC_014804	650727336	739287	740216
NC_014804	650727337	740220	742082
NC_014804	650726579	98760	99464
NC_014804	650726578	98454	98726
NC_014804	650727047	487287	488555
NC_014804	650726571	93980	94447
NC_014804	650726570	93261	93968
NC_014804	650726573	94935	96323
NC_014804	650726572	94458	94901
NC_014804	650726575	97005	97526
NC_014804	650726574	96422	97012
NC_014804	650726577	97889	98440
NC_014804	650726576	97573	97842
NC_014804	650727985	1293802	1294104
NC_014804	650727768	1115476	1115802
NC_014804	650727826	1160365	1161174
NC_014804	650727827	1161219	1161872
NC_014804	650727251	678887	679879
NC_014804	650727300	712681	713601
NC_014804	650726975	416957	417859
NC_014804	650726974	416477	416821
NC_014804	650726977	419708	420985
NC_014804	650726976	417945	419543
NC_014804	650726971	413331	415043
NC_014804	650726970	412199	413344
NC_014804	650726973	415700	416470
NC_014804	650726972	415030	415698
NC_014804	650726979	421777	422406
NC_014804	650726978	420987	421787
NC_014804	650728539	1823247	1823672
NC_014804	650728538	1821961	1823250
NC_014804	650728533	1816312	1817313
NC_014804	650728532	1815318	1816241
NC_014804	650728531	1814741	1815307
NC_014804	650728530	1813670	1814437
NC_014804	650728537	1820735	1821832
NC_014804	650728536	1819578	1820582
NC_014804	650728535	1818879	1819568
NC_014804	650728534	1817396	1818724
NC_014804	650726809	284143	285420
NC_014804	650726808	283251	284069
NC_014804	650727305	716951	717412
NC_014804	650726801	275959	276483
NC_014804	650726800	275261	275953
NC_014804	650726803	278803	280221
NC_014804	650726802	276635	278698
NC_014804	650726805	281567	282139
NC_014804	650726804	280226	281551
NC_014804	650726807	282859	283254
NC_014804	650726806	282096	282824
NC_014804	650727304	716472	716942
NC_014804	650728409	1706585	1707892
NC_014804	650728408	1706043	1706393
NC_014804	650728407	1704578	1706077
NC_014804	650728406	1703597	1704427
NC_014804	650728405	1703181	1703600
NC_014804	650728404	1701946	1703184
NC_014804	650728403	1700981	1701934
NC_014804	650728402	1700569	1701003
NC_014804	650728401	1699785	1700579
NC_014804	650728400	1699169	1699666
NC_014804	650727307	718270	718812
NC_014804	650726740	223190	223489
NC_014804	650726741	223649	223975
NC_014804	650726746	226046	227989
NC_014804	650727306	717456	718178
NC_014804	650726747	228078	230324
NC_014804	650727345	746304	746804
NC_014804	650727344	745526	746032
NC_014804	650727347	748215	749348
NC_014804	650728245	1542904	1543365
NC_014804	650728244	1541808	1542845
NC_014804	650728247	1543804	1545234
NC_014804	650727346	746948	748222
NC_014804	650728241	1538372	1540279
NC_014804	650728240	1535775	1538228
NC_014804	650728243	1541452	1541613
NC_014804	650728242	1540272	1541465
NC_014804	650727341	744614	744898
NC_014804	650728249	1545951	1546562
NC_014804	650728248	1545349	1545954
NC_014804	650727340	743907	744620
NC_014804	650727343	745275	745529
NC_014804	650727614	988812	989489
NC_014804	650727433	829266	830462
NC_014804	650727432	828167	829279
NC_014804	650727431	827141	828106
NC_014804	650727430	826585	827112
NC_014804	650727437	833656	834021
NC_014804	650727436	832327	833649
NC_014804	650727435	831366	832271
NC_014804	650727434	830660	831409
NC_014804	650727439	834614	835393
NC_014804	650727438	834018	834563
NC_014804	650727189	617110	618345
NC_014804	650727183	612113	613714
NC_014804	650727182	611322	612110
NC_014804	650727181	610281	611216
NC_014804	650727180	609771	610166
NC_014804	650727187	615962	616927
NC_014804	650727186	615596	615883
NC_014804	650727185	615189	615578
NC_014804	650727184	613889	615181
NC_014804	650727507	895808	896059
NC_014804	650727506	894160	895704
NC_014804	650727505	893748	894146
NC_014804	650727504	893243	893686
NC_014804	650727503	892485	893246
NC_014804	650727502	891585	892427
NC_014804	650727501	891349	891588
NC_014804	650727500	888504	890816
NC_014804	650727509	896425	897207
NC_014804	650727508	896183	896428
NC_014804	650727983	1293007	1293369
NC_014804	650727982	1291475	1293004
NC_014804	650727981	1291124	1291471
NC_014804	650727980	1290618	1291073
NC_014804	650727987	1294364	1294747
NC_014804	650727986	1294101	1294367
NC_014804	650727769	1115799	1116992
NC_014804	650727984	1293366	1293812
NC_014804	650727767	1114076	1115407
NC_014804	650727766	1113320	1114066
NC_014804	650727989	1295004	1295504
NC_014804	650727988	1294744	1295007
NC_014804	650727763	1112467	1112970
NC_014804	650727762	1109997	1112387
NC_014804	650727761	1109486	1109947
NC_014804	650727760	1108587	1109294
NC_014804	650727299	712104	712622
NC_014804	650727298	711863	712066
NC_014804	650727297	710009	711343
NC_014804	650727296	709283	709861
NC_014804	650727295	708512	709126
NC_014804	650727294	708312	708515
NC_014804	650727293	707720	708154
NC_014804	650727292	706973	707641
NC_014804	650727291	705341	706726
NC_014804	650727290	703942	705291
NC_014804	650726584	101375	101509
NC_014804	650726586	102258	102704
NC_014804	650726587	102715	103260
NC_014804	650726580	99511	99735
NC_014804	650726581	99707	99946
NC_014804	650726582	99956	100960
NC_014804	650726583	101185	101307
NC_014804	650726588	103257	103667
NC_014804	650726589	103701	104477
NC_014804	650726742	223972	224130
NC_014804	650727619	993794	995419
NC_014804	650727618	992834	993781
NC_014804	650727349	750932	752011
NC_014804	650727348	749345	750631
NC_014804	650726744	224404	224607
NC_014804	650726745	224620	225864
NC_014804	650727613	988044	988754
NC_014804	650727612	986932	987942
NC_014804	650727611	985623	986840
NC_014804	650727610	984318	985580
NC_014804	650727617	991965	992834
NC_014804	650727616	990872	991954
NC_014804	650727615	989589	990875
NC_014804	650727342	744895	745278
NC_014804	650726568	92201	92653
NC_014804	650726569	92659	93264
NC_014804	650726562	89361	90107
NC_014804	650726563	90119	90670
NC_014804	650726560	88551	88985
NC_014804	650726561	88996	89358
NC_014804	650726566	91259	91813
NC_014804	650726567	91824	92204
NC_014804	650726564	90674	90844
NC_014804	650726565	90856	91248
NC_014804	650727969	1284456	1284827
NC_014804	650727968	1282906	1284459
NC_014804	650727961	1278425	1278925
NC_014804	650727960	1277772	1278296
NC_014804	650727963	1279381	1280349
NC_014804	650727962	1278922	1279380
NC_014804	650727965	1281568	1282122
NC_014804	650727964	1280346	1281575
NC_014804	650727967	1282568	1282909
NC_014804	650727966	1282119	1282565
NC_014804	650727555	934627	935814
NC_014804	650726966	409730	410368
NC_014804	650726967	410361	410498
NC_014804	650726964	408104	408778
NC_014804	650726965	408874	409686
NC_014804	650726962	405357	407234
NC_014804	650726963	407199	407969
NC_014804	650726960	403991	404620
NC_014804	650726961	404630	405232
NC_014804	650727553	933137	933448
NC_014804	650726968	410557	410946
NC_014804	650726969	410952	412202
NC_014804	650728528	1809102	1811198
NC_014804	650728529	1811198	1813663
NC_014804	650728524	1806215	1806826
NC_014804	650728525	1806829	1807260
NC_014804	650728526	1807412	1807711
NC_014804	650728527	1807708	1809105
NC_014804	650728520	1801108	1802088
NC_014804	650728521	1802182	1804437
NC_014804	650728522	1804445	1805539
NC_014804	650727559	937927	939192
NC_014804	650726529	63700	64377
NC_014804	650726818	291129	291653
NC_014804	650726819	291908	293620
NC_014804	650726812	286452	286781
NC_014804	650726813	286781	286954
NC_014804	650726810	285548	286024
NC_014804	650727351	752544	752828
NC_014804	650726816	288335	290227
NC_014804	650726817	290389	291066
NC_014804	650726814	286957	287709
NC_014804	650726815	287741	288313
NC_014804	650728410	1707994	1708161
NC_014804	650728411	1708145	1708297
NC_014804	650728412	1708381	1709496
NC_014804	650728413	1709560	1710159
NC_014804	650728414	1710246	1712231
NC_014804	650728415	1712233	1713474
NC_014804	650728416	1713467	1713766
NC_014804	650728417	1713768	1714370
NC_014804	650728418	1714469	1715488
NC_014804	650728419	1715521	1716486
NC_014804	650727635	1008115	1010022
NC_014804	650727634	1007237	1008118
NC_014804	650727637	1010433	1011239
NC_014804	650727636	1010238	1010432
NC_014804	650727631	1004528	1005106
NC_014804	650727630	1004254	1004538
NC_014804	650728256	1551690	1552718
NC_014804	650728257	1552719	1552994
NC_014804	650728254	1550397	1550771
NC_014804	650728255	1550888	1551682
NC_014804	650728252	1548937	1549692
NC_014804	650727633	1005621	1007234
NC_014804	650728250	1546789	1548054
NC_014804	650728251	1548143	1548937
NC_014804	650727632	1005099	1005617
NC_014804	650728258	1553006	1553821
NC_014804	650728259	1554139	1555689
NC_014804	650727424	820095	821675
NC_014804	650727425	821806	822390
NC_014804	650727426	822537	823451
NC_014804	650727427	823514	824434
NC_014804	650727420	817365	817838
NC_014804	650727421	817838	818404
NC_014804	650727422	818405	819004
NC_014804	650727423	819074	819967
NC_014804	650727428	824437	825642
NC_014804	650727429	825642	826598
NC_015471	650829858	6600	6752
NC_015471	650829859	6781	7995
NC_015471	650829856	765	4364
NC_015471	650829857	5175	6557
NC_015471	650829855	1	768
NC_014804	650727198	627805	628014
NC_014804	650727199	628160	628522
NC_014804	650727194	623948	625084
NC_014804	650727195	625210	625962
NC_014804	650727196	626066	626575
NC_014804	650727197	626618	627808
NC_014804	650727190	618656	618781
NC_014804	650727191	618919	620073
NC_014804	650727192	620104	621267
NC_014804	650727193	621280	623943
NC_014804	650727518	905294	905758
NC_014804	650727519	905772	907283
NC_014804	650727510	897504	898328
NC_014804	650727511	898332	899681
NC_014804	650727512	899826	900113
NC_014804	650727513	900110	900931
NC_014804	650727514	900937	901263
NC_014804	650727515	901241	901636
NC_014804	650727516	901731	904754
NC_014804	650727517	904741	905229
NC_014804	650727770	1117005	1117268
NC_014804	650727995	1298338	1298535
NC_014804	650727772	1118618	1119040
NC_014804	650727773	1119255	1119446
NC_014804	650727774	1119494	1120726
NC_014804	650727775	1120775	1121551
NC_014804	650727992	1296209	1297483
NC_014804	650727777	1121908	1122360
NC_014804	650727778	1122357	1122875
NC_014804	650727779	1122862	1123491
NC_014804	650727998	1299425	1300714
NC_014804	650727999	1300728	1301147
NC_014804	650727280	696921	697376
NC_014804	650727281	697429	698178
NC_014804	650727282	698230	698547
NC_014804	650727283	698552	699817
NC_014804	650727284	699917	701011
NC_014804	650727285	701014	701448
NC_014804	650727286	701543	701986
NC_014804	650727287	701949	702344
NC_014804	650727288	702354	703118
NC_014804	650727289	703161	703958
NC_014804	650726777	256242	257336
NC_014804	650726776	255949	256245
NC_014804	650726775	255633	255857
NC_014804	650726774	254222	255586
NC_014804	650726773	253171	254175
NC_014804	650726772	252908	253096
NC_014804	650726771	252666	252896
NC_014804	650726770	250771	252483
NC_014804	650727604	977327	977536
NC_014804	650727605	977542	977751
NC_014804	650727354	755400	756284
NC_014804	650727355	756264	757511
NC_014804	650727352	752900	754843
NC_014804	650727353	754844	755281
NC_014804	650726779	258566	258823
NC_014804	650726778	257378	258517
NC_014804	650726559	88210	88545
NC_014804	650726558	87992	88213
NC_014804	650726557	87654	87950
NC_014804	650726556	87447	87647
NC_014804	650726555	86827	87450
NC_014804	650726554	86352	86822
NC_014804	650726553	85943	86341
NC_014804	650726552	85213	85932
NC_014804	650726551	84941	85201
NC_014804	650726550	84167	84934
NC_014804	650727253	680642	681085
NC_014804	650726489	26854	27645
NC_014804	650726488	25918	26817
NC_014804	650727520	907283	907408
NC_014804	650726485	24768	24884
NC_014804	650726484	23321	24721
NC_014804	650726487	25411	25881
NC_014804	650726486	24857	25378
NC_014804	650726481	20285	21064
NC_014804	650726480	19154	20233
NC_014804	650726483	21938	23320
NC_014804	650726482	21204	21941
NC_014804	650727522	908437	908628
NC_014804	650727257	682524	682724
NC_014804	650727256	681437	682483
NC_014804	650727255	681273	681413
NC_014804	650727254	681082	681276
NC_014804	650727978	1288820	1290106
NC_014804	650727979	1290103	1290621
NC_014804	650727972	1285556	1285819
NC_014804	650727973	1285816	1286166
NC_014804	650727970	1284817	1285287
NC_014804	650727971	1285284	1285559
NC_014804	650727976	1287265	1287837
NC_014804	650727977	1287834	1288823
NC_014804	650727974	1286163	1286438
NC_014804	650727975	1286435	1286938
NC_015471	650829904	49181	49510
NC_015471	650829905	49536	49895
NC_015471	650829906	50205	50654
NC_014804	650727749	1101876	1102331
NC_015471	650829907	51074	51568
NC_014804	650727748	1101046	1101768
NC_015471	650829900	46769	47596
NC_015471	650829901	47593	47772
NC_014804	650726959	403714	404001
NC_014804	650726958	403228	403623
NC_015471	650829902	47949	48296
NC_014804	650726953	398841	399833
NC_014804	650726952	398264	398425
NC_014804	650726951	397538	397795
NC_014804	650726950	396573	397541
NC_014804	650726957	402425	403231
NC_014804	650726956	401313	402329
NC_014804	650726955	400835	401308
NC_014804	650726954	399793	400833
NC_014804	650727741	1095760	1096806
NC_014804	650727740	1095080	1095754
NC_014804	650728083	1382616	1383083
NC_014804	650728082	1379657	1382596
NC_014804	650728081	1378998	1379666
NC_014804	650728080	1378530	1378961
NC_014804	650728087	1385175	1386230
NC_014804	650728086	1383948	1385174
NC_014804	650728085	1383411	1383932
NC_014804	650728084	1383070	1383267
NC_014804	650728089	1387891	1388100
NC_014804	650728088	1386243	1387790
NC_014804	650728641	1923088	1924446
NC_014804	650728640	1921654	1922943
NC_014804	650728643	1926243	1926656
NC_014804	650728642	1924443	1926233
NC_014804	650728645	1927464	1927748
NC_014804	650728644	1926660	1927376
NC_014804	650728647	1927950	1928279
NC_014804	650728646	1927745	1927966
NC_014804	650728649	1930218	1930751
NC_014804	650728648	1928338	1930212
NC_014804	650726829	300000	300347
NC_014804	650726828	299643	299996
NC_014804	650726827	299219	299566
NC_014804	650726826	299047	299208
NC_014804	650726825	298449	298964
NC_014804	650726824	297265	298362
NC_014804	650726823	296713	297255
NC_014804	650726822	295339	296571
NC_014804	650726821	294790	295293
NC_014804	650726820	293617	294492
NC_014804	650728397	1697362	1698270
NC_014804	650728396	1696295	1697356
NC_014804	650728395	1694424	1696283
NC_014804	650728466	1764441	1765283
NC_014804	650728393	1691990	1693405
NC_014804	650728460	1757545	1759296
NC_014804	650728391	1690529	1691563
NC_014804	650728390	1689422	1690450
NC_014804	650728469	1767579	1769057
NC_014804	650728468	1766549	1767568
NC_014804	650728399	1698876	1699172
NC_014804	650728398	1698267	1698746
NC_014804	650728269	1567028	1567702
NC_014804	650728268	1565803	1567026
NC_014804	650728263	1562072	1562566
NC_014804	650728262	1559562	1562066
NC_014804	650728261	1557607	1559457
NC_014804	650728260	1555704	1557416
NC_014804	650728267	1565524	1565688
NC_014804	650728266	1563796	1565451
NC_014804	650728265	1563356	1563727
NC_014804	650728264	1562602	1563279
NC_014804	650728069	1366656	1367270
NC_014804	650728068	1366504	1366653
NC_014804	650728061	1354970	1355617
NC_014804	650728060	1354516	1354935
NC_015471	650829911	53185	53658
NC_014804	650728062	1355619	1356542
NC_014804	650728065	1357992	1358855
NC_014804	650728064	1356820	1357923
NC_014804	650728067	1361267	1366450
NC_014804	650728066	1358839	1361106
NC_015471	650829869	13148	13735
NC_015471	650829868	12275	12766
NC_015471	650829867	11617	11940
NC_014804	650727738	1093840	1094553
NC_015471	650829865	10989	11177
NC_015471	650829864	10728	10886
NC_015471	650829863	10314	10649
NC_015471	650829862	9716	10309
NC_015471	650829861	9594	9707
NC_014804	650727739	1094672	1094980
NC_014804	650727161	591723	592247
NC_014804	650727160	590916	591716
NC_014804	650727163	592735	594279
NC_014804	650727162	592338	592742
NC_014804	650727165	595511	596068
NC_014804	650727164	594367	595404
NC_014804	650727167	596603	597409
NC_014804	650727166	596065	596619
NC_014804	650727169	598241	599725
NC_014804	650727168	597396	598238
NC_014804	650726600	109014	109466
NC_014804	650728523	1805532	1806164
NC_014804	650727569	946773	948401
NC_014804	650727568	945673	946692
NC_014804	650727565	943145	943915
NC_014804	650727564	941633	943015
NC_014804	650727567	944882	945676
NC_014804	650727566	943950	944882
NC_014804	650727561	939529	939915
NC_014804	650727560	939222	939482
NC_014804	650727563	941410	941640
NC_014804	650727562	940170	941036
NC_014804	650727732	1090396	1090794
NC_014804	650726608	115892	116512
NC_014804	650727038	480042	480566
NC_014804	650727705	1073013	1073651
NC_014804	650727704	1072286	1073011
NC_014804	650727707	1074930	1075094
NC_014804	650727706	1073793	1074920
NC_014804	650727701	1068875	1070767
NC_014804	650727700	1066878	1068815
NC_014804	650727703	1071700	1072305
NC_014804	650727702	1070719	1071651
NC_014804	650727709	1075452	1075805
NC_014804	650727708	1075130	1075315
NC_014804	650726768	249808	250086
NC_014804	650726769	250083	250637
NC_014804	650726760	241688	243469
NC_014804	650726761	243649	244494
NC_014804	650726762	244589	245338
NC_014804	650726763	245465	246751
NC_014804	650726764	246867	248303
NC_014804	650726765	248382	249026
NC_014804	650726766	249129	249359
NC_014804	650726767	249343	249807
NC_014804	650727363	763351	764598
NC_014804	650727362	761057	763354
NC_014804	650727361	760525	760989
NC_014804	650727360	759129	760433
NC_014804	650727367	767347	768816
NC_014804	650727366	766425	767354
NC_014804	650727365	765316	766416
NC_014804	650727364	764595	765311
NC_014804	650727369	769148	769714
NC_014804	650727368	768849	769034
NC_014804	650727019	462069	463469
NC_014804	650726541	77003	78127
NC_014804	650726542	78248	79096
NC_014804	650726543	79093	80094
NC_014804	650726544	80139	80666
NC_014804	650726545	80659	81288
NC_014804	650726546	81355	81756
NC_014804	650726547	81891	82031
NC_014804	650726548	82338	83114
NC_014804	650727010	454597	455472
NC_014804	650727013	457352	458407
NC_014804	650727012	456962	457339
NC_014804	650727015	458891	459868
NC_014804	650727014	458413	458919
NC_014804	650727017	460199	461077
NC_014804	650727016	459884	460183
NC_014804	650727389	783457	785376
NC_014804	650727388	782541	783335
NC_014804	650727381	778636	779085
NC_014804	650727380	777820	778533
NC_014804	650727383	779634	780011
NC_014804	650727382	779307	779606
NC_014804	650727385	781007	781375
NC_014804	650727384	780167	781006
NC_014804	650727387	782017	782409
NC_014804	650727386	781359	781967
NC_014804	650728340	1631242	1631454
NC_014804	650726498	34456	35772
NC_014804	650726499	35835	36494
NC_014804	650726496	33042	33899
NC_014804	650726497	33980	34390
NC_014804	650726494	29965	31695
NC_014804	650726495	31713	33053
NC_014804	650726492	28546	29160
NC_014804	650726493	29429	29962
NC_014804	650726490	27642	28298
NC_014804	650726491	28301	28549
NC_014804	650728341	1631692	1632087
NC_014804	650726811	286069	286314
NC_014804	650728342	1632308	1632457
NC_014804	650727949	1268196	1268828
NC_014804	650727948	1266757	1268061
NC_014804	650727947	1266020	1266691
NC_014804	650727946	1263828	1265960
NC_014804	650727945	1263735	1263854
NC_014804	650727944	1262803	1263546
NC_014804	650727943	1262206	1262781
NC_014804	650727942	1259145	1262162
NC_014804	650727941	1258017	1258802
NC_014804	650727940	1255726	1257777
NC_014804	650726948	395286	395960
NC_014804	650726949	396051	396563
NC_014804	650726944	390763	393039
NC_014804	650726945	393017	394033
NC_014804	650726946	394017	394346
NC_014804	650726947	394339	395289
NC_014804	650726940	387562	388416
NC_014804	650726941	388593	389345
NC_014804	650726942	389338	389910
NC_014804	650726943	390042	390770
NC_014804	650728094	1392977	1393669
NC_014804	650728095	1393737	1395071
NC_014804	650728096	1395279	1395527
NC_014804	650728097	1395529	1396884
NC_014804	650728090	1388325	1389626
NC_014804	650728091	1389735	1390559
NC_014804	650728092	1390556	1391182
NC_014804	650728093	1391449	1392768
NC_014804	650728098	1396885	1397979
NC_014804	650728099	1398065	1399687
NC_014804	650728652	1932424	1933485
NC_014804	650728653	1933605	1934798
NC_014804	650728650	1930868	1931701
NC_014804	650728651	1931698	1932315
NC_014804	650728656	1935902	1939099
NC_014804	650728657	1939235	1940287
NC_014804	650728654	1934930	1935307
NC_014804	650728655	1935680	1935802
NC_014804	650728658	1940342	1940836
NC_014804	650728659	1940974	1942056
NC_014804	650726830	300351	300875
NC_014804	650726831	300923	301225
NC_014804	650726832	301268	301819
NC_014804	650726833	301924	302301
NC_014804	650726834	302298	302780
NC_014804	650726835	302835	303365
NC_014804	650726836	303556	304251
NC_014804	650726837	304263	304865
NC_014804	650726838	304858	305475
NC_014804	650726839	305475	306029
NC_015471	650829895	40134	41132
NC_014804	650728388	1687959	1688678
NC_014804	650728389	1688675	1689382
NC_014804	650728380	1681221	1681778
NC_014804	650728381	1681787	1682092
NC_014804	650728382	1682121	1682699
NC_014804	650728383	1682943	1684334
NC_014804	650728384	1684485	1685639
NC_014804	650728385	1685723	1686400
NC_014804	650728386	1686392	1686778
NC_014804	650728387	1686819	1687916
NC_014804	650728476	1772421	1773062
NC_014804	650728477	1773040	1773978
NC_014804	650728474	1770577	1771353
NC_014804	650728475	1771358	1771993
NC_014804	650728472	1769433	1770107
NC_014804	650728473	1770051	1770515
NC_014804	650728470	1769061	1769192
NC_014804	650728471	1769191	1769436
NC_014804	650728479	1774506	1775564
NC_014804	650727575	951679	952056
NC_014804	650728003	1304896	1305465
NC_014804	650728278	1573571	1574650
NC_014804	650728279	1574734	1575276
NC_014804	650728550	1834597	1835604
NC_014804	650728274	1571022	1571873
NC_014804	650728275	1571875	1572354
NC_014804	650728276	1572345	1572545
NC_014804	650728277	1572594	1573529
NC_014804	650728270	1567715	1567942
NC_014804	650728271	1568104	1568754
NC_014804	650728272	1568734	1569048
NC_014804	650728273	1569120	1571018
NC_014804	650728078	1377247	1377864
NC_014804	650728552	1837740	1837940
NC_015471	650829908	51598	51828
NC_015471	650829909	51825	52196
NC_014804	650728072	1369616	1370458
NC_014804	650728073	1370802	1371497
NC_014804	650728070	1367276	1368895
NC_014804	650728071	1369009	1369533
NC_014804	650728076	1374555	1375913
NC_014804	650728077	1376004	1377197
NC_014804	650728074	1371494	1373332
NC_014804	650728075	1373322	1374545
NC_014804	650728556	1841079	1842185
NC_015471	650829870	13846	14568
NC_015471	650829871	14732	15103
NC_015471	650829872	15451	16050
NC_015471	650829873	16135	17061
NC_015471	650829874	17186	20062
NC_015471	650829875	20077	21741
NC_015471	650829876	21780	23204
NC_015471	650829877	23197	23355
NC_015471	650829878	23352	24293
NC_015471	650829879	24296	24637
NC_014804	650727173	602239	603417
NC_014804	650727170	599784	601067
NC_014804	650727171	601064	601954
NC_014804	650727176	605782	606594
NC_014804	650727177	606692	607513
NC_014804	650727174	603419	604525
NC_014804	650727175	604532	605785
NC_014804	650727178	607560	608624
NC_014804	650727179	608691	609731
NC_014804	650727303	715471	716469
NC_014804	650726785	262657	263466
NC_014804	650726782	260318	260539
NC_014804	650727876	1200528	1201685
NC_014804	650726780	258877	259974
NC_014804	650727578	953011	953427
NC_014804	650727579	953430	953882
NC_014804	650727576	952063	952218
NC_014804	650727577	952322	952927
NC_014804	650727574	950958	951644
NC_014804	650727658	1029777	1030484
NC_014804	650727572	950188	950634
NC_014804	650727573	950715	950951
NC_014804	650727570	948501	949427
NC_014804	650727571	949482	950198
NC_014804	650727657	1026940	1029741
NC_014804	650727656	1026659	1026928
NC_014804	650727655	1025703	1026659
NC_014804	650727716	1079077	1080675
NC_014804	650727717	1080681	1081112
NC_014804	650727714	1077991	1078515
NC_014804	650727715	1078541	1079062
NC_014804	650727712	1076742	1076981
NC_014804	650727713	1077231	1077929
NC_014804	650727710	1075802	1076374
NC_014804	650727711	1076371	1076655
NC_014804	650727994	1297866	1298336
NC_014804	650727718	1081172	1081939
NC_014804	650727719	1081944	1082507
NC_014804	650727651	1023350	1023466
NC_014804	650727650	1022677	1023273
NC_014804	650726719	209294	210124
NC_014804	650726718	208177	209223
NC_014804	650726715	206524	207756
NC_014804	650726714	205306	206427
NC_014804	650726711	203689	204126
NC_014804	650726710	203384	203689
NC_014804	650726713	204586	205233
NC_014804	650726712	204137	204580
NC_014804	650727374	773187	773789
NC_014804	650727375	773869	774324
NC_014804	650727376	774356	775774
NC_014804	650727377	775764	776009
NC_014804	650727370	769700	770929
NC_014804	650727371	770965	771369
NC_014804	650727372	771380	772540
NC_014804	650727378	776028	776630
NC_014804	650727379	776714	777760
NC_014804	650726535	68511	69005
NC_014804	650726534	67876	68388
NC_014804	650726537	73921	74367
NC_014804	650726536	69002	73876
NC_014804	650726531	64747	65592
NC_014804	650726530	64380	64700
NC_014804	650726533	66637	67824
NC_014804	650726532	65598	66650
NC_014804	650727002	446527	447708
NC_014804	650727003	447743	447862
NC_014804	650727000	443223	445082
NC_014804	650727001	445192	446523
NC_014804	650726539	76152	76532
NC_014804	650727007	452030	452479
NC_014804	650727004	447866	449044
NC_014804	650727005	449090	451681
NC_014804	650727398	796655	796774
NC_014804	650727399	796850	797359
NC_014804	650727392	786837	787766
NC_014804	650727393	787888	789624
NC_014804	650727390	785355	785633
NC_014804	650727391	785695	786744
NC_014804	650727396	793604	794935
NC_014804	650727397	794925	796658
NC_014804	650727394	789625	790947
NC_014804	650727395	790948	793599
NC_014804	650727997	1298700	1299428
NC_014804	650726621	128882	129592
NC_014804	650726620	128089	128871
NC_014804	650726623	130343	131083
NC_014804	650726622	129589	130356
NC_014804	650726625	132045	132299
NC_014804	650726624	131085	131897
NC_014804	650726627	132547	133185
NC_014804	650726626	132330	132479
NC_014804	650726629	133489	133839
NC_014804	650726628	133182	133424
NC_014804	650726657	155271	156032
NC_014804	650727789	1132325	1132489
NC_014804	650727788	1130974	1132221
NC_014804	650727950	1268825	1270192
NC_014804	650727951	1270314	1270832
NC_014804	650727952	1270825	1271085
NC_014804	650727953	1271082	1271531
NC_014804	650727954	1271534	1272811
NC_014804	650727955	1272822	1273367
NC_014804	650727956	1273499	1275427
NC_014804	650727957	1275424	1276695
NC_014804	650727958	1276887	1277549
NC_014804	650727959	1277549	1277731
NC_014804	650728713	2007035	2008294
NC_014804	650728712	2005686	2007038
NC_014804	650728711	2004697	2005689
NC_014804	650728710	2003625	2004584
NC_014804	650728715	2009227	2009892
NC_014804	650728714	2008326	2009249
NC_014804	650727781	1124185	1125873
NC_014804	650728355	1646956	1648266
NC_014804	650728168	1466043	1467668
NC_014804	650728667	1949492	1951078
NC_014804	650728666	1949371	1949490
NC_014804	650728665	1948602	1949330
NC_014804	650728664	1948288	1948605
NC_014804	650728663	1946186	1948186
NC_014804	650728662	1944606	1946063
NC_014804	650728661	1942506	1944458
NC_014804	650728660	1942066	1942509
NC_014804	650728669	1951679	1952941
NC_014804	650728253	1549684	1550328
NC_014804	650726845	308543	308827
NC_014804	650726844	307815	308378
NC_014804	650726847	309024	309143
NC_014804	650726846	308830	309027
NC_014804	650726841	306316	306897
NC_014804	650726840	306107	306319
NC_014804	650726843	307138	307722
NC_014804	650726842	306958	307137
NC_014804	650728318	1609960	1610394
NC_014804	650726849	309939	310121
NC_014804	650726848	309115	309942
NC_014804	650727864	1189701	1190165
NC_014804	650728449	1747906	1748115
NC_014804	650728448	1746544	1747797
NC_014804	650728443	1742854	1743393
NC_014804	650728442	1741297	1742784
NC_014804	650728441	1740316	1741239
NC_014804	650728440	1738299	1740269
NC_014804	650728447	1746051	1746476
NC_014804	650727008	452514	453794
NC_014804	650728445	1744549	1745676
NC_014804	650728444	1743405	1744547
NC_014804	650727009	453794	454585
NC_014804	650727865	1190327	1192774
NC_014804	650727006	451774	452070
NC_014804	650726538	74573	76141
NC_014804	650728281	1576209	1576958
NC_014804	650728280	1575261	1575734
NC_014804	650728283	1577811	1578443
NC_014804	650728282	1576972	1577799
NC_014804	650728285	1578830	1580107
NC_014804	650728284	1578440	1578733
NC_014804	650728287	1581849	1582790
NC_014804	650728286	1580136	1581845
NC_014804	650728289	1584064	1585323
NC_014804	650728288	1582992	1583942
NC_014804	650728049	1345921	1347099
NC_014804	650728048	1344980	1345915
NC_014804	650728047	1344586	1344903
NC_014804	650728046	1343391	1344575
NC_014804	650728045	1342433	1343380
NC_014804	650728044	1341418	1342296
NC_014804	650728043	1340344	1341291
NC_014804	650728042	1339626	1340357
NC_014804	650728041	1339071	1339586
NC_014804	650728040	1338633	1338914
NC_014804	650727860	1186424	1186537
NC_014804	650727495	885957	886379
NC_014804	650727494	885445	885900
NC_014804	650727145	577084	577767
NC_014804	650727496	886395	886904
NC_014804	650727491	884439	884660
NC_014804	650727490	883340	884437
NC_014804	650727141	573235	573441
NC_014804	650727140	571157	572965
NC_014804	650727499	887832	888422
NC_014804	650727498	887583	887801
NC_014804	650727149	580528	582300
NC_014804	650727148	580248	580364
NC_014804	650727543	923378	923809
NC_014804	650727542	922373	923332
NC_014804	650727541	921975	922376
NC_014804	650727540	921307	921762
NC_014804	650727547	925660	927468
NC_014804	650727546	925367	925483
NC_014804	650727545	924711	925271
NC_014804	650727544	924060	924725
NC_014804	650727549	928311	929054
NC_014804	650727548	927574	928311
NC_014804	650726708	199456	202176
NC_014804	650726709	202187	203371
NC_014804	650726706	195828	196076
NC_014804	650726707	196094	199450
NC_014804	650726700	193342	194847
NC_014804	650726526	60762	61631
NC_014804	650726527	61632	62369
NC_014804	650726524	58783	59619
NC_014804	650726525	59761	60765
NC_014804	650726522	56769	57329
NC_014804	650726523	57370	58782
NC_014804	650727039	480563	481198
NC_014804	650726521	55676	56590
NC_014804	650727037	479798	480007
NC_014804	650727036	478329	479792
NC_014804	650727035	476405	478204
NC_014804	650727034	475380	476165
NC_014804	650727033	474576	475136
NC_014804	650727032	473905	474492
NC_014804	650726528	62363	63613
NC_014804	650727030	472430	473431
NC_014804	650727811	1149891	1150691
NC_014804	650727813	1151009	1152022
NC_014804	650727815	1154218	1154799
NC_014804	650727814	1152250	1154067
NC_014804	650727817	1155182	1155304
NC_014804	650727816	1154759	1154989
NC_014804	650727819	1156193	1156702
NC_014804	650727818	1155301	1156203
NC_014804	650726632	134495	134902
NC_014804	650726633	134880	135857
NC_014804	650726630	133884	134204
NC_014804	650727728	1088310	1089044
NC_014804	650726636	137244	137969
NC_014804	650726637	137966	138802
NC_014804	650726634	135858	136184
NC_014804	650726635	136190	137260
NC_014804	650727723	1084935	1085459
NC_014804	650727722	1084072	1084899
NC_014804	650727721	1083317	1084072
NC_014804	650726639	140138	140731
NC_014804	650727727	1087878	1088168
NC_014804	650727726	1087588	1087881
NC_014804	650727725	1086209	1087516
NC_014804	650727724	1085726	1086097
NC_014804	650726459	94	273
NC_015471	650829897	42863	43198
NC_014804	650727925	1243542	1244474
NC_014804	650727924	1242530	1243435
NC_014804	650727927	1245005	1246540
NC_014804	650727926	1244471	1244926
NC_014804	650727921	1240522	1241670
NC_014804	650727920	1238727	1240529
NC_014804	650727923	1242207	1242533
NC_014804	650727922	1241843	1242250
NC_015471	650829894	39475	40071
NC_014804	650727929	1247632	1248216
NC_014804	650727928	1246549	1247652
NC_014804	650728509	1795651	1796028
NC_014804	650728704	1994644	1995414
NC_014804	650728705	1995417	1996361
NC_014804	650728706	1996358	2000116
NC_014804	650728707	2000092	2002005
NC_014804	650728700	1989894	1991006
NC_014804	650728701	1991009	1991233
NC_014804	650728702	1991467	1993602
NC_014804	650728703	1993605	1994651
NC_014804	650728708	2002093	2002668
NC_014804	650728709	2002675	2003595
NC_014804	650728690	1980926	1981675
NC_014804	650728678	1961005	1963371
NC_014804	650728679	1963520	1965961
NC_014804	650728670	1953020	1954183
NC_014804	650728671	1954407	1954952
NC_014804	650728672	1954970	1956916
NC_014804	650728673	1956947	1958275
NC_014804	650728674	1958323	1958646
NC_014804	650728675	1958650	1959339
NC_014804	650728677	1959498	1960898
NC_014804	650726856	314800	315057
NC_014804	650726857	315059	315280
NC_014804	650726854	313956	314369
NC_014804	650726855	314338	314736
NC_014804	650726852	312208	312813
NC_014804	650726853	312964	313899
NC_014804	650726850	310118	310912
NC_014804	650726851	310940	312205
NC_014804	650726858	315343	316389
NC_014804	650726859	316392	317219
NC_014804	650727875	1199359	1200531
NC_015471	650829891	36634	37563
NC_014804	650728458	1756471	1757055
NC_014804	650728459	1757042	1757410
NC_014804	650728454	1752338	1753039
NC_014804	650728455	1753227	1754165
NC_014804	650728456	1754162	1754434
NC_014804	650728457	1754557	1756149
NC_014804	650728450	1748282	1749082
NC_014804	650728451	1749079	1749627
NC_014804	650728452	1749695	1751380
NC_014804	650728453	1751422	1752333
NC_014804	650728594	1867007	1868536
NC_014804	650727873	1198079	1198423
NC_014804	650728592	1864790	1865641
NC_014804	650727872	1197694	1198041
NC_014804	650728292	1586977	1588308
NC_014804	650728293	1588344	1588859
NC_014804	650728290	1585328	1585795
NC_014804	650728291	1585866	1586972
NC_014804	650728296	1590779	1591615
NC_014804	650728297	1591738	1592763
NC_014804	650728294	1589055	1590029
NC_014804	650728295	1590023	1590772
NC_014804	650728298	1592760	1593914
NC_014804	650728299	1593924	1594436
NC_014804	650728050	1347109	1347426
NC_014804	650728051	1347462	1348022
NC_014804	650728052	1348318	1349280
NC_014804	650728053	1349287	1350573
NC_014804	650728054	1350640	1350981
NC_014804	650728055	1351060	1352076
NC_014804	650728056	1352064	1352591
NC_014804	650728057	1352578	1353315
NC_014804	650727871	1197542	1197697
NC_014804	650728059	1354041	1354526
NC_014804	650727870	1197098	1197334
NC_014804	650727486	878746	880143
NC_014804	650727487	880201	880533
NC_014804	650727484	876618	876893
NC_014804	650727485	877068	878429
NC_014804	650727482	875241	875780
NC_014804	650727483	875838	876491
NC_014804	650727480	872873	874498
NC_014804	650727481	874517	875116
NC_014804	650727488	881502	882362
NC_014804	650727489	882368	883255
NC_015471	650829896	41139	42053
NC_014804	650728433	1730700	1731560
NC_014804	650728346	1639303	1639533
NC_014804	650727554	933509	934534
NC_014804	650727451	847926	849209
NC_014804	650727556	936090	936509
NC_014804	650727557	936601	937308
NC_014804	650727550	929184	930626
NC_014804	650727551	930774	932060
NC_014804	650727552	932122	933156
NC_014804	650727102	538955	539107
NC_015471	650829892	37629	38486
NC_014804	650727558	937305	937871
NC_014804	650727453	850363	851418
NC_015471	650829893	38507	39349
NC_014804	650727452	849256	850353
NC_015471	650829890	34703	36637
NC_014804	650727107	544164	544442
NC_014804	650728435	1732756	1733940
NC_014804	650727457	853214	853720
NC_014804	650727456	852924	853217
NC_014804	650726733	218633	219817
NC_014804	650726732	217923	218636
NC_014804	650726731	217334	217834
NC_014804	650726730	217086	217322
NC_014804	650726737	221124	221879
NC_014804	650726735	220161	220604
NC_014804	650726734	219839	220168
NC_014804	650726739	222842	223081
NC_014804	650726738	221851	222861
NC_014804	650727159	590747	590926
NC_014804	650727150	582776	585454
NC_014804	650727151	585468	586085
NC_014804	650727152	586089	586541
NC_014804	650727153	586631	587056
NC_014804	650727154	587029	587412
NC_014804	650727155	587417	587947
NC_014804	650727156	587905	589971
NC_014804	650727157	590085	590504
NC_014804	650727020	463491	464234
NC_014804	650727021	464310	465437
NC_014804	650727022	465514	465762
NC_014804	650727023	465759	466400
NC_014804	650727024	466397	466855
NC_014804	650727025	467041	467736
NC_014804	650727026	467733	468290
NC_014804	650727027	468263	469714
NC_014804	650727028	469696	470262
NC_014804	650727029	470475	472334
NC_014804	650727996	1298537	1298719
NC_014804	650727802	1142047	1143051
NC_014804	650727803	1143065	1143676
NC_014804	650727800	1140780	1141184
NC_014804	650727801	1141445	1142017
NC_014804	650727806	1147276	1147953
NC_014804	650727807	1148000	1149013
NC_014804	650727804	1143678	1145615
NC_014804	650727805	1145626	1146990
NC_014804	650727990	1295560	1295793
NC_014804	650727808	1149112	1149255
NC_014804	650727809	1149542	1149673
NC_014804	650727991	1295872	1296099
NC_014804	650727776	1121532	1121870
NC_014804	650727993	1297535	1297765
NC_014804	650726607	114864	115892
NC_014804	650726606	113534	114859
NC_014804	650726605	112329	113450
NC_014804	650726604	111493	112293
NC_014804	650726603	110495	111496
NC_014804	650726602	109864	110523
NC_014804	650726601	109490	109867
NC_014804	650727854	1181264	1182022
NC_014804	650727734	1091895	1092128
NC_014804	650727735	1092132	1092272
NC_014804	650727736	1092411	1092623
NC_014804	650727737	1092805	1093827
NC_014804	650727730	1089940	1090239
NC_014804	650727857	1183269	1183736
NC_014804	650726609	116484	117860
NC_014804	650727733	1090771	1091589
NC_014804	650727856	1182517	1183242
NC_014804	650728344	1635418	1635855
NC_014804	650726469	8553	8690
NC_014804	650726468	6982	8103
NC_014804	650726467	6121	6969
NC_014804	650726466	5029	6051
NC_014804	650726465	4829	5035
NC_014804	650726464	4384	4824
NC_014804	650726463	3093	4277
NC_014804	650726462	1561	2961
NC_014804	650726461	939	1508
NC_014804	650726460	276	860
NC_015471	650829881	25618	26892
NC_014804	650727853	1180980	1181114
NC_015471	650829885	30707	31078
NC_014804	650727852	1179330	1180937
NC_014804	650727936	1253036	1254385
NC_014804	650727937	1254445	1254828
NC_014804	650727934	1251831	1252286
NC_014804	650727935	1252618	1253034
NC_014804	650727932	1249886	1250686
NC_014804	650727933	1250701	1251834
NC_014804	650727930	1248348	1249538
NC_014804	650727931	1249611	1249886
NC_014804	650727938	1254833	1254955
NC_014804	650727939	1254957	1255733
NC_014804	650726519	53379	54581
NC_014804	650726518	52700	53164
NC_014804	650726513	47002	48165
NC_014804	650726512	46338	46880
NC_014804	650726511	44967	46199
NC_014804	650726510	44861	44995
NC_014804	650726517	51688	52674
NC_014804	650726516	50169	51674
NC_014804	650726515	49440	50033
NC_014804	650726514	48292	49443
NC_014804	650726997	439906	440493
NC_014804	650726996	439004	439909
NC_014804	650726995	437840	438886
NC_014804	650726994	436358	437782
NC_014804	650726993	435072	436304
NC_014804	650726992	434722	435069
NC_014804	650726991	434471	434719
NC_014804	650726990	433057	434373
NC_014804	650726999	441213	443117
NC_014804	650726998	440486	441163
NC_015471	650829886	31102	31494
NC_014804	650728609	1881095	1881346
NC_014804	650728608	1880628	1881059
NC_014804	650728605	1879237	1879746
NC_014804	650728604	1878638	1879204
NC_014804	650728607	1879939	1880052
NC_014804	650728606	1879727	1879912
NC_014804	650728601	1875232	1876413
NC_014804	650728600	1874161	1875231
NC_014804	650728603	1877565	1878455
NC_014804	650728602	1876413	1877561
NC_014804	650726869	325605	326924
NC_014804	650726868	325310	325600
NC_014804	650726863	321669	322511
NC_014804	650726862	319871	321616
NC_014804	650726861	319213	319878
NC_014804	650726860	317451	319169
NC_014804	650726867	324028	325197
NC_014804	650726866	323600	323893
NC_014804	650726865	323231	323593
NC_014804	650726864	322514	323137
NC_015471	650829880	24640	25542
NC_014804	650728111	1407995	1409119
NC_014804	650728110	1406956	1408020
NC_014804	650728113	1409534	1410157
NC_014804	650728112	1409137	1409439
NC_014804	650728115	1411425	1412780
NC_014804	650728114	1410185	1411402
NC_014804	650728117	1416486	1417178
NC_014804	650728116	1412863	1416279
NC_014804	650728119	1418180	1418680
NC_014804	650728118	1417175	1418179
NC_015471	650829882	26870	28411
NC_014804	650728599	1872946	1874148
NC_014804	650728598	1871378	1872949
NC_014804	650728595	1868533	1869966
NC_014804	650727608	979474	982908
NC_014804	650728597	1870236	1871372
NC_014804	650728596	1869993	1870175
NC_014804	650728591	1864305	1864793
NC_014804	650728590	1864127	1864324
NC_014804	650728593	1865877	1866935
NC_014804	650727609	982912	984291
NC_014804	650727358	758569	758859
NC_014804	650727359	758977	759132
NC_014804	650727356	757595	757831
NC_014804	650727357	757837	758403
NC_015471	650829884	29579	30127
NC_014804	650727606	977915	978739
NC_014804	650728025	1323076	1323570
NC_014804	650728024	1322351	1323079
NC_014804	650728027	1324841	1325371
NC_014804	650728026	1323636	1324844
NC_014804	650728021	1320029	1320616
NC_014804	650728020	1319718	1320032
NC_014804	650728023	1321449	1322348
NC_014804	650728022	1320588	1320911
NC_014804	650727600	974613	974996
NC_014804	650728029	1326538	1327875
NC_014804	650728028	1325444	1326433
NC_014804	650727601	975006	976520
NC_014804	650727350	751991	752551
NC_014804	650727603	976833	977234
NC_014804	650728339	1629449	1630534
NC_014804	650728338	1628234	1629325
NC_014804	650728331	1620648	1621754
NC_014804	650728330	1619614	1620639
NC_014804	650728333	1622594	1623439
NC_014804	650728332	1621764	1622597
NC_014804	650728335	1624914	1625918
NC_014804	650728334	1623449	1624786
NC_014804	650728337	1627034	1628176
NC_014804	650728336	1625915	1626943
NC_014804	650728668	1951500	1951655
NC_015471	650829887	31643	33133
NC_014804	650727231	660890	661402
NC_014804	650727230	659549	660865
NC_014804	650727233	662421	663236
NC_014804	650727232	661784	662398
NC_014804	650727235	663409	664053
NC_014804	650727234	663233	663412
NC_014804	650727237	664825	666132
NC_014804	650727236	664034	664816
NC_014804	650727239	666980	667300
NC_014804	650727238	666249	666977
NC_014804	650727585	958485	958904
NC_014804	650727584	957457	958485
NC_014804	650727583	956474	957373
NC_014804	650727582	956144	956422
NC_014804	650727581	955722	956060
NC_014804	650727580	953929	955617
NC_014804	650726724	212767	212976
NC_014804	650726725	213063	213884
NC_014804	650726726	214081	215364
NC_014804	650726727	215356	215472
NC_014804	650726722	210524	211327
NC_014804	650726723	211372	212670
NC_014804	650727849	1177514	1178251
NC_014804	650726729	215740	217086
NC_014804	650727129	563063	563260
NC_014804	650727128	561868	563061
NC_014804	650727125	558934	559254
NC_014804	650727124	558236	558739
NC_014804	650727127	561507	561755
NC_014804	650727126	559351	561510
NC_014804	650727121	556248	557123
NC_014804	650727120	555303	556151
NC_014804	650727123	557977	558225
NC_014804	650727122	557220	557987
NC_014804	650727055	496414	498072
NC_014804	650727054	494969	496066
NC_014804	650727057	499244	500941
NC_014804	650727056	498280	499251
NC_014804	650727051	491554	492399
NC_014804	650727050	490126	491376
NC_014804	650727053	493914	494975
NC_014804	650727052	492498	493787
NC_014804	650727059	501555	502025
NC_014804	650727058	501028	501552
NC_014804	650727837	1168404	1169540
NC_014804	650727836	1167705	1168178
NC_014804	650727835	1167285	1167659
NC_014804	650727834	1166797	1167288
NC_014804	650727833	1165851	1166687
NC_014804	650727832	1165531	1165854
NC_014804	650727831	1164645	1165439
NC_014804	650727830	1163738	1164364
NC_014804	650727839	1170080	1171597
NC_014804	650727838	1169690	1170097
NC_014804	650726618	127220	127366
NC_014804	650726619	127582	127941
NC_014804	650726610	117859	118884
NC_014804	650726611	118923	121799
NC_014804	650726612	122114	122698
NC_014804	650726613	123016	123729
NC_014804	650726614	123745	124512
NC_014804	650726615	124739	125194
NC_014804	650726616	125191	125826
NC_014804	650726617	125823	127163
NC_014804	650726470	8709	11414
NC_014804	650726471	11453	11905
NC_014804	650726472	11922	12167
NC_014804	650726473	12410	13606
NC_014804	650726474	13661	14755
NC_014804	650726475	14792	15814
NC_014804	650726476	15831	16100
NC_014804	650726477	16097	17281
NC_014804	650726478	17293	18252
NC_014804	650726479	18258	19142
NC_014804	650727909	1229115	1230542
NC_014804	650727908	1228015	1229115
NC_014804	650727903	1223753	1224316
NC_014804	650727902	1222981	1223550
NC_014804	650727901	1221853	1222707
NC_014804	650727900	1221411	1221776
NC_014804	650727907	1227408	1227941
NC_014804	650727906	1225274	1227271
NC_014804	650727905	1224616	1225239
NC_014804	650727904	1224409	1224606
NC_014804	650726508	43840	44370
NC_014804	650726509	44346	44864
NC_014804	650726504	39850	40497
NC_014804	650726505	40682	41614
NC_014804	650726506	41671	42618
NC_014804	650726507	42814	43548
NC_014804	650726500	36497	37561
NC_014804	650726501	37610	38215
NC_014804	650726502	38215	39213
NC_014804	650726503	39176	39853
NC_014804	650726988	432000	432326
NC_014804	650726989	432339	433019
NC_014804	650727842	1172299	1172544
NC_014804	650726980	422408	423757
NC_014804	650726981	423752	424168
NC_014804	650726982	424339	425658
NC_014804	650726983	425690	427219
NC_014804	650726984	427209	428243
NC_014804	650726985	428240	429145
NC_014804	650726986	429159	430139
NC_014804	650726987	430234	432021
NC_014804	650727843	1172541	1172789
NC_014804	650728618	1886275	1888215
NC_014804	650728619	1888258	1889043
NC_014804	650728616	1884337	1885266
NC_014804	650728617	1885268	1886278
NC_014804	650728614	1882426	1882830
NC_014804	650728615	1883054	1884340
NC_014804	650728612	1881837	1882118
NC_014804	650728613	1882253	1882444
NC_014804	650728610	1881425	1881544
NC_014804	650728611	1881541	1881873
NC_014804	650726878	335580	337259
NC_014804	650726879	337280	337690
NC_014804	650726874	331496	332248
NC_014804	650726875	332394	332636
NC_014804	650726876	332931	333983
NC_014804	650726877	334058	335569
NC_014804	650726870	326930	328813
NC_014804	650726871	328872	329495
NC_014804	650726872	329600	330241
NC_014804	650726873	330248	331474
NC_014804	650728102	1402154	1402618
NC_014804	650728103	1402716	1403306
NC_014804	650728100	1399684	1400682
NC_014804	650728101	1400822	1402186
NC_014804	650728106	1404233	1404766
NC_014804	650728107	1404861	1405946
NC_014804	650728104	1403303	1403866
NC_014804	650728105	1403883	1404143
NC_014804	650728108	1405943	1406068
NC_014804	650728109	1406065	1406913
NC_014804	650727771	1117308	1118483
NC_014804	650728588	1863460	1863681
NC_014804	650728589	1863668	1864048
NC_014804	650728586	1862701	1862844
NC_014804	650728587	1862855	1863412
NC_014804	650728584	1862177	1862368
NC_014804	650728585	1862349	1862549
NC_014804	650728582	1858972	1860030
NC_014804	650728583	1860040	1862130
NC_014804	650728580	1856388	1856540
NC_014804	650728581	1856622	1858928
NC_014804	650728036	1334902	1335891
NC_014804	650728037	1335888	1336709
NC_014804	650728034	1331045	1332253
NC_014804	650728035	1332373	1333665
NC_014804	650728032	1328860	1329522
NC_014804	650727589	962165	964120
NC_014804	650728030	1327983	1328585
NC_014804	650728031	1328582	1328863
NC_014804	650727588	961703	962140
NC_014804	650728038	1336696	1337499
NC_014804	650728039	1337501	1338475
NC_014804	650727587	960659	961699
NC_014804	650727586	959134	960522
NC_014804	650728427	1723020	1724243
NC_014804	650728328	1616896	1618854
NC_014804	650728329	1618898	1619575
NC_014804	650728322	1612869	1613759
NC_014804	650728323	1613820	1614374
NC_014804	650728320	1611429	1612331
NC_014804	650728321	1612391	1612879
NC_014804	650728326	1615254	1615487
NC_014804	650728327	1615648	1616772
NC_014804	650728324	1614438	1614890
NC_014804	650728347	1639644	1640486
NC_014804	650727222	653116	653790
NC_014804	650727223	653888	654619
NC_014804	650727220	651181	652551
NC_014804	650727221	652694	653035
NC_014804	650727594	967451	968149
NC_014804	650727595	968162	968467
NC_014804	650727596	968582	971086
NC_014804	650727597	971064	971849
NC_014804	650727598	971964	973166
NC_014804	650727599	973249	974616
NC_014804	650727228	657029	657385
NC_014804	650727229	657438	659486
NC_014804	650727138	567887	568306
NC_014804	650727139	568303	571146
NC_014804	650727136	566930	567211
NC_014804	650727137	567213	567890
NC_014804	650727134	565943	566617
NC_014804	650727135	566667	566930
NC_014804	650727132	564825	565430
NC_014804	650727133	565427	565885
NC_014804	650727130	563276	563965
NC_014804	650727131	564112	564786
NC_014804	650727046	486007	487149
NC_014804	650727829	1162605	1163741
NC_014804	650727044	484332	484874
NC_014804	650727045	484876	485754
NC_014804	650727042	482717	483934
NC_014804	650727043	483974	484195
NC_014804	650727040	481195	481767
NC_014804	650727041	481764	482381
NC_014804	650727820	1156758	1157930
NC_014804	650727821	1157977	1158159
NC_014804	650727822	1158531	1158737
NC_014804	650727823	1158841	1159047
NC_014804	650727824	1159228	1159551
NC_014804	650727825	1159622	1160362
NC_014804	650727048	488580	489128
NC_014804	650727049	489174	490133
NC_014804	650727532	914613	914993
NC_014804	650726669	163539	165425
NC_014804	650726668	162294	163379
NC_014804	650727533	914997	915926
NC_014804	650726665	159381	160682
NC_014804	650726664	158996	159280
NC_014804	650726667	161579	162283
NC_014804	650726666	160842	161471
NC_014804	650726661	157268	157471
NC_014804	650726660	156699	156842
NC_014804	650726663	157551	158825
NC_014804	650726662	157461	157589
NC_014804	650727531	914311	914616
NC_014804	650727240	667297	667509
NC_014804	650727537	917403	917693
NC_014804	650727534	915958	916449
NC_014804	650727243	672297	672671
NC_014804	650727918	1236754	1237509
NC_014804	650727919	1237557	1238690
NC_014804	650727914	1234133	1234969
NC_014804	650727915	1235040	1235579
NC_014804	650727916	1235661	1236014
NC_014804	650727917	1236155	1236751
NC_014804	650727910	1230520	1231263
NC_014804	650727911	1231373	1232470
NC_014804	650727912	1232473	1233432
NC_014804	650727913	1233522	1234046
NC_014804	650726786	263503	263871
NC_014804	650728246	1543434	1543757
NC_014804	650727851	1178722	1179195
NC_014804	650728623	1891752	1892750
NC_014804	650728622	1890284	1891750
NC_014804	650728621	1889273	1890268
NC_014804	650728620	1889034	1889276
NC_014804	650728627	1897086	1898132
NC_014804	650728626	1895962	1897077
NC_014804	650728625	1894848	1895972
NC_014804	650728624	1892861	1894837
NC_014804	650728629	1904618	1909462
NC_014804	650728628	1898419	1904511
NC_014804	650727850	1178381	1178704
NC_014804	650726881	338102	338902
NC_014804	650726880	337695	337814
NC_014804	650726883	340373	341641
NC_014804	650726882	338897	340261
NC_014804	650726885	342442	343428
NC_014804	650726884	341663	342445
NC_014804	650726887	344588	345475
NC_014804	650726886	343428	344603
NC_014804	650726889	346870	347091
NC_014804	650726888	345426	346523
NC_014804	650728487	1782738	1783235
NC_014804	650728486	1781680	1782741
NC_014804	650728485	1780757	1781641
NC_014804	650728484	1779686	1780717
NC_014804	650728483	1779024	1779689
NC_014804	650728482	1778254	1779024
NC_014804	650728481	1776241	1778094
NC_014804	650728480	1775567	1776205
NC_014804	650728489	1783877	1784488
NC_014804	650728488	1783323	1783877
NC_014804	650728137	1431963	1432646
NC_014804	650728136	1431497	1431892
NC_014804	650728135	1431019	1431258
NC_014804	650728134	1430706	1431026
NC_014804	650728133	1429612	1430595
NC_014804	650728132	1429086	1429622
NC_014804	650728131	1428684	1429082
NC_014804	650728130	1428006	1428638
NC_014804	650728139	1434608	1434865
NC_014804	650728138	1432656	1434506
NC_014804	650727440	835399	835764
NC_014804	650728058	1353368	1354036
NC_014804	650726781	259971	260345
NC_014804	650728559	1842486	1843481
NC_014804	650728009	1312171	1312413
NC_014804	650728008	1309654	1311831
NC_014804	650728551	1835887	1837530
NC_014804	650728002	1302630	1304897
NC_014804	650728001	1302025	1302585
NC_014804	650728000	1301230	1302039
NC_014804	650728007	1308580	1309581
NC_014804	650728006	1307412	1308569
NC_014804	650728005	1306439	1307419
NC_014804	650728004	1305455	1306429
NC_014804	650727593	966873	967403
NC_014804	650727338	742079	743569
NC_014804	650728319	1610508	1611440
NC_014804	650727339	743566	743910
NC_014804	650728317	1609838	1609957
NC_014804	650728316	1608988	1609707
NC_014804	650728315	1608609	1609004
NC_014804	650728314	1607133	1608602
NC_014804	650728313	1605970	1607136
NC_014804	650728312	1605525	1605704
NC_014804	650728311	1604352	1605503
NC_014804	650728310	1603417	1604355
NC_014804	650727828	1161883	1162593
NC_014804	650727330	735182	735820
NC_014804	650727331	735990	736211
NC_014804	650727217	647597	648814
NC_014804	650727216	647253	647600
NC_014804	650727215	644889	647084
NC_014804	650727214	643951	644892
NC_014804	650727213	642564	643874
NC_014804	650727212	641579	642409
NC_014804	650727211	640365	641555
NC_014804	650727210	639691	640164
NC_014804	650727219	649850	651175
NC_014804	650727218	648972	649832
NC_014804	650727693	1060555	1061046
NC_014804	650727692	1059837	1060493
NC_014804	650727691	1058713	1059678
NC_014804	650727690	1058537	1058701
NC_014804	650727697	1062841	1063536
NC_014804	650727696	1062374	1062835
NC_014804	650727695	1061856	1062371
NC_014804	650727694	1061046	1061846
NC_014804	650727699	1065172	1066881
NC_014804	650727698	1063537	1065162
NC_014804	650727103	539100	539465
NC_014804	650727450	847115	847936
NC_014804	650727101	538693	538944
NC_014804	650727100	537566	538702
NC_014804	650727455	851765	852934
NC_014804	650727106	543446	544015
NC_014804	650727105	542377	543465
NC_014804	650727104	539517	542294
NC_014804	650727459	855327	856466
NC_014804	650727458	853717	855153
NC_014804	650727109	545968	547020
NC_014804	650727108	544455	545837
NC_014804	650727679	1050094	1050468
NC_014804	650727678	1048827	1049954
NC_014804	650727859	1184954	1186288
NC_014804	650727858	1183780	1184886
NC_014804	650727855	1182104	1182520
NC_014804	650727670	1038297	1039547
NC_014804	650727673	1042428	1043039
NC_014804	650727672	1040356	1042332
NC_014804	650727675	1044145	1045986
NC_014804	650727674	1043073	1044134
NC_014804	650727677	1047477	1048604
NC_014804	650727676	1045983	1047386
NC_014804	650726678	174360	175220
NC_014804	650726679	175232	176095
NC_014804	650726676	172042	172545
NC_014804	650726677	172561	174276
NC_014804	650726674	170705	171508
NC_014804	650726675	171791	172087
NC_014804	650726672	166813	169314
NC_014804	650726673	169411	170700
NC_014804	650726670	165506	166123
NC_014804	650726671	166110	166703
NC_014804	650727147	578587	579375
NC_014804	650727146	577769	578590
NC_014804	650727497	887084	887518
NC_014804	650727144	575442	577136
NC_014804	650727143	574288	575418
NC_014804	650727142	573580	574284
NC_014804	650727493	885230	885382
NC_014804	650727492	884911	885261
NC_014804	650727079	517522	519720
NC_014804	650727078	516797	517231
NC_014804	650727073	512524	513399
NC_014804	650727072	512032	512466
NC_014804	650727071	510542	511981
NC_014804	650727070	509570	510517
NC_014804	650727077	514834	516120
NC_014804	650727076	514469	514777
NC_014804	650727074	513396	514235
NC_014804	650726631	134179	134502
NC_014804	650728634	1915369	1916166
NC_014804	650728635	1916212	1916751
NC_014804	650728636	1916781	1917221
NC_014804	650728637	1917408	1920536
NC_014804	650728630	1909557	1910285
NC_014804	650728631	1910285	1912495
NC_014804	650728632	1912497	1914407
NC_014804	650728633	1914729	1915328
NC_014804	650728638	1920642	1921103
NC_014804	650728639	1921100	1921657
NC_014804	650726892	348691	349476
NC_014804	650726893	349464	350462
NC_014804	650726890	347088	347753
NC_014804	650726891	347760	348686
NC_014804	650726896	351885	352700
NC_014804	650726897	352705	353916
NC_014804	650726894	350443	351093
NC_014804	650726895	351086	351904
NC_014804	650726898	353913	354995
NC_014804	650726899	354962	355192
NC_014804	650728128	1427129	1427437
NC_014804	650728129	1427514	1427900
NC_014804	650728120	1418779	1420242
NC_014804	650728121	1420226	1420636
NC_014804	650728122	1420635	1420841
NC_014804	650728123	1421008	1422180
NC_014804	650728124	1422245	1423438
NC_014804	650728125	1423464	1425692
NC_014804	650728126	1425734	1425952
NC_014804	650728127	1425949	1427136
NC_014804	650728465	1763708	1764439
NC_014804	650728464	1762267	1763550
NC_014804	650728467	1765296	1766537
NC_014804	650728394	1693412	1694452
NC_014804	650728461	1759307	1759603
NC_014804	650728392	1691547	1691888
NC_014804	650728463	1760548	1762023
NC_014804	650728462	1759578	1760537
NC_014804	650728542	1826432	1828105
NC_014804	650728548	1834097	1834273
NC_014804	650728549	1834287	1834562
NC_014804	650728018	1318778	1319371
NC_014804	650728019	1319368	1319577
NC_014804	650728015	1316959	1317303
NC_014804	650728014	1315262	1316704
NC_014804	650728543	1828317	1828562
NC_014804	650728016	1317351	1317755
NC_014804	650728017	1317801	1318685
NC_014804	650728010	1312414	1312725
NC_014804	650728540	1823787	1825085
NC_014804	650728012	1313414	1314175
NC_014804	650728013	1314396	1315262
NC_014804	650728541	1825087	1826226
NC_014804	650728546	1831392	1832849
NC_014804	650728011	1312782	1313417
NC_014804	650728498	1788395	1788757
NC_014804	650728499	1788754	1789557
NC_014804	650728544	1828564	1829235
NC_014804	650727654	1024642	1025496
NC_014804	650728490	1784579	1785025
NC_014804	650727731	1090275	1090397
NC_014804	650728492	1785876	1786037
NC_014804	650728545	1829241	1831382
NC_014804	650728496	1786629	1787204
NC_014804	650728497	1787328	1788395
NC_014804	650728300	1594480	1595373
NC_014804	650728301	1595443	1598193
NC_014804	650728302	1598190	1600448
NC_014804	650728303	1600523	1600750
NC_014804	650728304	1600756	1601283
NC_014804	650728305	1601317	1601823
NC_014804	650728306	1601875	1602138
NC_014804	650728307	1602140	1602328
NC_014804	650728308	1602316	1602744
NC_014804	650728309	1602722	1603420
NC_014804	650727312	721150	721875
NC_014804	650727313	721865	722104
NC_014804	650727642	1015647	1016417
NC_014804	650727643	1016491	1017354
NC_014804	650727316	723039	724295
NC_014804	650727645	1018233	1019615
NC_014804	650727646	1019727	1020440
NC_014804	650727863	1188099	1189655
NC_014804	650727684	1052435	1053577
NC_014804	650727685	1053698	1053820
NC_014804	650727687	1054266	1055381
NC_014804	650727680	1050458	1050736
NC_014804	650727683	1051259	1052428
NC_014804	650727688	1055478	1056770
NC_014804	650727689	1057030	1058259
NC_014804	650727114	549364	550884
NC_014804	650727115	550970	551731
NC_014804	650727116	551741	553222
NC_014804	650727117	553228	554304
NC_014804	650727110	547191	547880
NC_014804	650727111	547877	548140
NC_014804	650727112	548213	548974
NC_014804	650727445	839906	841189
NC_014804	650727448	844561	845811
NC_014804	650727449	845808	847115
NC_014804	650727118	554379	554732
NC_014804	650727119	554729	555253
NC_014804	650726795	270509	270943
NC_014804	650726794	269946	270467
NC_014804	650726797	271883	273076
NC_014804	650726796	270955	271896
NC_014804	650726791	267961	268767
NC_014804	650726790	266699	267940
NC_014804	650727848	1176547	1177557
NC_014804	650726792	268927	269460
NC_014804	650727662	1032839	1034014
NC_014804	650727663	1034091	1034801
NC_014804	650727660	1032078	1032560
NC_014804	650727661	1032562	1032837
NC_014804	650726799	274296	275264
NC_014804	650726798	273126	274178
NC_014804	650727840	1171594	1171887
NC_014804	650727841	1171880	1172302
NC_014804	650726643	143094	143234
NC_014804	650726642	141538	142746
NC_014804	650726641	141068	141541
NC_014804	650726640	140815	141084
NC_014804	650726647	146191	147225
NC_014804	650726646	145725	145892
NC_014804	650726645	143431	145722
NC_014804	650726644	143246	143422
NC_014804	650726649	149715	150533
NC_014804	650726648	147366	149309
NC_014804	650727208	637385	638440
NC_014804	650727209	638443	639705
NC_014804	650727607	978858	979364
NC_014804	650727200	628609	629253
NC_014804	650727201	629245	630414
NC_014804	650727202	630500	632098
NC_014804	650727203	632132	633574
NC_014804	650727204	633677	634678
NC_014804	650727205	634688	635689
NC_014804	650727206	635706	636470
NC_014804	650727207	636502	637257
NC_014804	650727068	506488	507402
NC_014804	650727069	507408	509600
NC_014804	650727064	503815	504105
NC_014804	650727065	504281	505252
NC_014804	650727066	505257	505451
NC_014804	650727067	505566	506483
NC_014804	650727060	502112	502441
NC_014804	650727061	502683	502919
NC_014804	650727062	502925	503206
NC_014804	650727063	503493	503663
NC_014804	650726748	230321	231031
NC_014804	650727668	1037178	1037993
NC_014804	650726749	231048	232112
NC_014804	650727269	690079	690888
NC_014804	650727263	685989	686210
NC_015471	650829912	53685	54116
NC_015471	650829910	52197	53201
NC_014804	650728159	1456779	1457969
NC_014804	650728158	1455313	1456773
NC_014804	650728155	1452887	1454128
NC_014804	650728154	1451938	1452750
NC_014804	650728157	1454495	1455220
NC_014804	650728156	1454143	1454325
NC_014804	650728151	1448994	1450121
NC_014804	650728150	1444822	1448880
NC_014804	650728153	1450593	1451951
NC_014804	650728152	1450155	1450562
NC_014804	650726939	386848	387552
NC_014804	650726938	386544	386864
NC_014804	650726520	54621	55532
NC_014804	650726931	381694	382908
NC_014804	650726930	380936	381616
NC_014804	650726933	385031	385411
NC_014804	650726932	383052	385034
NC_014804	650726935	385785	386021
NC_014804	650726934	385417	385773
NC_014804	650726937	386153	386566
NC_014804	650726936	385987	386151
NC_014804	650726686	181165	181845
NC_014804	650727031	473505	473798
NC_014804	650728579	1855958	1856374
NC_014804	650728578	1855741	1855971
NC_014804	650728577	1854425	1855486
NC_014804	650728576	1853691	1854146
NC_014804	650728575	1853402	1853632
NC_014804	650726680	176092	177396
NC_014804	650728573	1851748	1853079
NC_014804	650728572	1851457	1851591
NC_014804	650728571	1851128	1851445
NC_014804	650728570	1850637	1851125
NC_014804	650728375	1675972	1676694
NC_014804	650728374	1675581	1675961
NC_014804	650728377	1677667	1678944
NC_014804	650728376	1676813	1677586
NC_014804	650728371	1672005	1672619
NC_014804	650728370	1670448	1671713
NC_014804	650728373	1674836	1675591
NC_014804	650728372	1673708	1674775
NC_014804	650728379	1679771	1681213
NC_014804	650728378	1678949	1679530
NC_014804	650728209	1510544	1510804
NC_014804	650728208	1507734	1510469
NC_014804	650728201	1500469	1501212
NC_014804	650728200	1499505	1500455
NC_014804	650728203	1501867	1502451
NC_014804	650728202	1501315	1501827
NC_014804	650728205	1503054	1504721
NC_014804	650728204	1502480	1502989
NC_014804	650728207	1506588	1507346
NC_014804	650728206	1504723	1506492
NC_014804	650727729	1089053	1089877
NC_014804	650727477	869772	870524
NC_014804	650727476	869302	869757
NC_014804	650727475	867737	869089
NC_014804	650727474	866795	867646
NC_014804	650727473	865987	866829
NC_014804	650727472	865530	865925
NC_014804	650727471	865182	865466
NC_014804	650727470	864302	865192
NC_014804	650727479	871693	872811
NC_014804	650727478	870543	871700
NC_014804	650727301	713606	713908
NC_014804	650726787	264144	264377
NC_014804	650726784	261699	262685
NC_014804	650727302	714145	715470
NC_014804	650727877	1201682	1202413
NC_014804	650726783	260628	261698
NC_014804	650727659	1030489	1031910
NC_014804	650727874	1198577	1199185
NC_014804	650727309	719595	720236
NC_014804	650727308	718901	719593
NC_014804	650727879	1202876	1205050
NC_014804	650727878	1202475	1202765
NC_014804	650727653	1024256	1024555
NC_014804	650727652	1023438	1024259
NC_014804	650726788	264374	266371
NC_014804	650726789	266378	266650
NC_014804	650726638	138967	140109
NC_014804	650726654	153137	153790
NC_014804	650726655	153790	154809
NC_014804	650726656	154858	155172
NC_014804	650727720	1082520	1083311
NC_014804	650726650	150666	151787
NC_014804	650726651	151873	152064
NC_014804	650726652	152084	152542
NC_014804	650726653	152556	153050
NC_014804	650727785	1128711	1129010
NC_014804	650727784	1127360	1128718
NC_014804	650727787	1129771	1130742
NC_014804	650727786	1129013	1129723
NC_014804	650726658	156009	156482
NC_014804	650727780	1123488	1124141
NC_014804	650727783	1127008	1127313
NC_014804	650727782	1126001	1126873
NC_014804	650727279	696316	696900
NC_014804	650727278	696077	696316
NC_014804	650727275	694591	695139
NC_014804	650727274	693683	694555
NC_014804	650727277	695514	696080
NC_014804	650727276	695142	695456
NC_014804	650727271	691936	692256
NC_014804	650727270	690906	691751
NC_014804	650727273	693034	693678
NC_014804	650727272	692420	693046
NC_014804	650727091	528545	529213
NC_014804	650727090	528156	528539
NC_014804	650727092	529246	530238
NC_014804	650727095	532612	533610
NC_014804	650727094	530465	532513
NC_014804	650727097	534316	534831
NC_014804	650727096	533603	534319
NC_014804	650727099	536446	537507
NC_014804	650727098	534894	536147
NC_015471	650829866	11180	11620
NC_014804	650727899	1221024	1221401
NC_014804	650727898	1220723	1220929
NC_014804	650727891	1214660	1215235
NC_014804	650727890	1213896	1214483
NC_014804	650727893	1217379	1217726
NC_014804	650727892	1215301	1217376
NC_014804	650727895	1218909	1219433
NC_014804	650727894	1217801	1218847
NC_014804	650727897	1220501	1220722
NC_014804	650727896	1219487	1220389
NC_015471	650829860	8537	9466
NC_014804	650728574	1853214	1853399
NC_014804	650728148	1442662	1443555
NC_014804	650728149	1443552	1444811
NC_014804	650728146	1439064	1441043
NC_014804	650728147	1441270	1442619
NC_014804	650728144	1436562	1437932
NC_014804	650728145	1437943	1438965
NC_014804	650728142	1435251	1436000
NC_014804	650728143	1436009	1436458
NC_014804	650728140	1434864	1434977
NC_014804	650728141	1434974	1435261
NC_014804	650726928	379516	380343
NC_014804	650726929	380444	380839
NC_014804	650726922	373257	373664
NC_014804	650726923	373782	374681
NC_014804	650726920	370862	371731
NC_014804	650726921	371728	373251
NC_014804	650726926	377490	378494
NC_014804	650726927	378753	379511
NC_014804	650726924	374678	375979
NC_014804	650726925	376218	377321
NC_014804	650728560	1843900	1844130
NC_014804	650728561	1844161	1845300
NC_014804	650728562	1845306	1846232
NC_014804	650728563	1846238	1847641
NC_014804	650728564	1847695	1847910
NC_014804	650728565	1847920	1848348
NC_014804	650728566	1848553	1848675
NC_014804	650728567	1848859	1849473
NC_014804	650728568	1849484	1850224
NC_014804	650728569	1850380	1850640
NC_014804	650727671	1039651	1040265
NC_014804	650728367	1662425	1663108
NC_014804	650728364	1660291	1660926
NC_014804	650728365	1660916	1661932
NC_014804	650728362	1656341	1658752
NC_014804	650728363	1659406	1660173
NC_014804	650728360	1654336	1654584
NC_014804	650728361	1654756	1656012
NC_014804	650728368	1663148	1668418
NC_014804	650728369	1668415	1670448
NC_014804	650727442	836645	837964
NC_014804	650728218	1517674	1517835
NC_014804	650728219	1517796	1518857
NC_014804	650727443	837961	838608
NC_014804	650728212	1514183	1514302
NC_014804	650728213	1514325	1514621
NC_014804	650728210	1511130	1512677
NC_014804	650728211	1512738	1514120
NC_014804	650728216	1516698	1517099
NC_014804	650728217	1517083	1517325
NC_014804	650728214	1514678	1515991
NC_014804	650728215	1516044	1516655
NC_014804	650727441	835921	836604
NC_014804	650727446	841179	842165
NC_014804	650727447	842228	844414
NC_014804	650727444	838612	839844
NC_014804	650727113	548979	549266
NC_014804	650728033	1330027	1330965
NC_014804	650727468	862961	863422
NC_014804	650727469	863427	864296
NC_014804	650727317	724282	724632
NC_014804	650727460	856456	856752
NC_014804	650727461	856749	857963
NC_014804	650727462	858073	859680
NC_014804	650727463	859677	859853
NC_014804	650727464	860034	860489
NC_014804	650727465	860495	861658
NC_014804	650727466	861797	862252
NC_014804	650727467	862349	862849
NC_014804	650727640	1013965	1014987
NC_014804	650727641	1015083	1015634
NC_014804	650727866	1192933	1193523
NC_014804	650727867	1193524	1193829
NC_014804	650727644	1017382	1018212
NC_014804	650727861	1186579	1187310
NC_014804	650727862	1187312	1188106
NC_014804	650727647	1020537	1021142
NC_014804	650727648	1021187	1021507
NC_014804	650727649	1021513	1022658
NC_014804	650727318	724690	725340
NC_014804	650727319	725341	725562
NC_014804	650727868	1193864	1196269
NC_014804	650727869	1196392	1197009
NC_014804	650727669	1038003	1038311
NC_014804	650726793	269463	269945
NC_014804	650727798	1139646	1140146
NC_014804	650727799	1140201	1140770
NC_014804	650727796	1137981	1139141
NC_014804	650727797	1139144	1139551
NC_014804	650727794	1136094	1136762
NC_014804	650727795	1136918	1137970
NC_014804	650727792	1134228	1135469
NC_014804	650727793	1135636	1136052
NC_014804	650727790	1132511	1133479
NC_014804	650727791	1133542	1134222
NC_014804	650727846	1173337	1173942
NC_014804	650727268	689696	689926
NC_014804	650727847	1174148	1176460
NC_014804	650727266	687018	687482
NC_014804	650727267	687774	689636
NC_014804	650727264	686211	686855
NC_014804	650727265	686861	686983
NC_014804	650727262	684591	685727
NC_014804	650727844	1172770	1173084
NC_014804	650727260	683269	683574
NC_014804	650727261	683631	684362
NC_014804	650727845	1173077	1173361
NC_014804	650726689	185059	186312
NC_014804	650726688	183572	185062
NC_014804	650726687	181949	183430
NC_014804	650727666	1035779	1036183
NC_014804	650726685	180711	181067
NC_014804	650726684	180580	180714
NC_014804	650726683	179677	180432
NC_014804	650726682	178885	179628
NC_014804	650726681	177489	178817
NC_014804	650727667	1036189	1037181
NC_014804	650727664	1034764	1035198
NC_014804	650727665	1035322	1035786
NC_014804	650727082	521442	522410
NC_014804	650727083	522631	522888
NC_014804	650727080	519901	520686
NC_014804	650727081	520741	521325
NC_014804	650727086	524933	525445
NC_014804	650727087	525442	526605
NC_014804	650727084	522891	524078
NC_014804	650727085	524080	524943
NC_014804	650727088	526596	527441
NC_014804	650727089	527438	528004
NC_014804	650727888	1212528	1213046
NC_014804	650727889	1213195	1213755
NC_014804	650727882	1206463	1207644
NC_014804	650727883	1207647	1209125
NC_014804	650727880	1205160	1205726
NC_014804	650727881	1205732	1206298
NC_014804	650727886	1210088	1210684
NC_014804	650727887	1210695	1212518
NC_014804	650727884	1209124	1209447
NC_014804	650727885	1209483	1210088
NC_014804	650726728	215469	215621
