NC_012804	644808106	761816	761995
NC_012804	644808107	761992	762792
NC_012804	644808104	760677	760892
NC_012804	644808105	760992	761813
NC_012804	644808102	759622	760017
NC_012804	644808103	760014	760604
NC_012804	644808100	759090	759350
NC_012804	644808101	759474	759686
NC_012804	644808108	762860	764641
NC_012804	644808109	764638	766026
NC_012804	644808296	950235	951458
NC_012804	644808297	951706	952044
NC_012804	644808294	948646	949353
NC_012804	644808295	949456	950088
NC_012804	644808292	946480	948186
NC_012804	644808293	948190	948636
NC_012804	644808290	945302	945826
NC_012804	644808291	946151	946483
NC_012804	644808298	952041	952610
NC_012804	644808299	952607	953275
NC_012804	644807672	370262	371473
NC_012804	644809219	1830891	1831619
NC_012804	644808565	1188236	1188949
NC_012804	644808566	1189048	1189635
NC_012804	644808567	1189632	1189859
NC_012804	644808560	1182960	1183769
NC_012804	644808561	1183784	1185121
NC_012804	644808562	1185118	1186473
NC_012804	644808563	1186467	1187627
NC_012804	644809211	1824937	1825152
NC_012804	644809210	1823560	1824825
NC_012804	644809213	1825805	1826608
NC_012804	644809212	1825162	1825731
NC_012804	644808568	1189795	1190565
NC_012804	644809214	1826612	1827976
NC_012804	644809217	1828944	1829909
NC_012804	644809216	1828354	1828908
NC_012804	644807921	600813	601406
NC_012804	644807920	599775	600782
NC_012804	644808038	703439	704200
NC_012804	644807922	601482	603470
NC_012804	644808748	1355923	1356768
NC_012804	644807924	603890	604534
NC_012804	644807927	606724	606888
NC_012804	644807926	606045	606752
NC_012804	644807929	608052	609344
NC_012804	644807928	606921	607925
NC_012804	644808030	695495	696892
NC_012804	644808031	696900	697355
NC_012804	644808036	701129	701902
NC_012804	644808037	701990	703414
NC_012804	644808034	698710	699903
NC_012804	644808035	699948	701132
NC_012804	644808588	1208944	1210263
NC_012804	644808589	1210434	1211132
NC_012804	644808582	1203825	1204496
NC_012804	644808583	1204517	1205428
NC_012804	644808580	1200644	1202548
NC_012804	644808581	1202549	1203769
NC_012804	644808586	1207142	1207567
NC_012804	644808587	1207590	1208825
NC_012804	644808584	1205425	1206195
NC_012804	644808135	788476	788817
NC_012804	644807819	503913	504173
NC_012804	644807818	502139	503911
NC_012804	644807815	499832	500182
NC_012804	644807814	499096	499827
NC_012804	644807817	500981	502006
NC_012804	644807816	500268	500882
NC_012804	644807811	497197	497874
NC_012804	644807810	496799	497200
NC_012804	644807813	498730	499089
NC_012804	644807812	497924	498733
NC_012804	644808630	1253245	1253706
NC_012804	644808631	1253715	1254179
NC_012804	644808632	1254163	1255146
NC_012804	644808633	1255235	1256404
NC_012804	644808634	1256401	1256796
NC_012804	644808635	1256809	1258554
NC_012804	644808636	1258593	1259528
NC_012804	644808637	1259525	1260025
NC_012804	644808638	1260015	1260524
NC_012804	644808639	1260586	1263021
NC_012804	644809419	1983556	1983747
NC_012804	644809418	1982947	1983522
NC_012804	644808564	1187614	1188114
NC_012804	644809218	1829906	1830823
NC_012804	644809215	1828068	1828415
NC_012804	644808569	1190562	1191221
NC_012804	644807923	603592	603921
NC_012804	644808039	704340	705338
NC_012804	644807925	604541	605899
NC_012804	644808749	1356804	1357862
NC_012804	644809412	1978794	1979045
NC_012804	644807896	575962	576360
NC_012804	644808032	697430	698008
NC_012804	644808793	1400543	1401145
NC_012804	644808745	1353196	1354401
NC_012804	644808746	1354394	1354693
NC_012804	644808747	1354883	1355926
NC_012804	644808740	1349766	1350095
NC_012804	644809411	1978306	1978677
NC_012804	644808741	1350097	1351287
NC_012804	644808919	1519463	1520239
NC_012804	644808742	1351292	1351807
NC_012804	644808915	1516341	1517099
NC_012804	644808914	1515661	1516341
NC_012804	644808917	1517735	1518757
NC_012804	644808916	1517109	1517738
NC_012804	644808911	1513409	1514536
NC_012804	644808910	1512802	1513419
NC_012804	644808913	1515066	1515659
NC_012804	644808912	1514533	1515069
NC_012804	644809174	1793555	1794121
NC_012804	644808425	1069384	1069875
NC_012804	644809176	1794563	1795126
NC_012804	644809177	1795110	1795574
NC_012804	644809170	1790357	1791118
NC_012804	644809171	1791118	1792569
NC_012804	644809172	1792559	1792915
NC_012804	644808424	1069184	1069381
NC_012804	644809178	1795600	1796439
NC_012804	644809179	1796445	1797449
NC_012804	644809372	1945021	1945497
NC_012804	644809370	1943815	1944456
NC_012804	644809371	1944450	1945016
NC_012804	644809376	1950759	1951598
NC_012804	644809377	1951654	1952355
NC_012804	644808421	1066804	1068075
NC_012804	644809378	1952345	1952707
NC_012804	644809379	1952713	1953315
NC_012804	644808357	1015042	1015884
NC_012804	644808356	1014281	1015045
NC_012804	644808355	1012973	1014223
NC_012804	644809199	1812990	1813796
NC_012804	644808353	1012315	1012623
NC_012804	644808352	1010978	1012264
NC_012804	644808351	1009159	1010766
NC_012804	644808350	1007780	1009162
NC_012804	644809192	1808006	1809322
NC_012804	644809193	1809380	1809892
NC_012804	644809190	1805402	1805770
NC_012804	644809191	1805804	1807945
NC_012804	644809196	1811321	1811674
NC_012804	644809197	1811680	1812171
NC_012804	644808359	1016394	1017035
NC_012804	644808358	1015943	1016353
NC_012804	644808821	1424767	1425678
NC_012804	644808820	1423539	1424786
NC_012804	644808823	1426948	1427514
NC_012804	644808822	1425629	1426894
NC_012804	644808824	1427509	1428519
NC_012804	644808827	1430355	1430726
NC_012804	644808826	1428832	1430358
NC_012804	644808829	1431465	1432760
NC_012804	644808828	1430723	1431487
NC_012804	644808428	1070620	1070874
NC_012804	644807756	459680	460471
NC_012804	644807757	460468	460911
NC_012804	644807754	456967	457422
NC_012804	644807755	457681	459594
NC_012804	644807752	455018	456085
NC_012804	644807753	456139	456864
NC_012804	644807750	452965	453645
NC_012804	644807751	453651	454919
NC_012804	644808585	1206526	1207194
NC_012804	644807758	460936	461310
NC_012804	644807759	461361	461786
NC_012804	644809208	1822053	1823030
NC_012804	644809209	1823073	1823498
NC_012804	644809202	1814595	1815383
NC_012804	644809203	1815411	1816631
NC_012804	644809200	1813793	1813972
NC_012804	644809201	1813973	1814617
NC_012804	644809206	1818370	1820667
NC_012804	644809207	1820723	1821931
NC_012804	644809204	1816929	1817915
NC_012804	644809205	1817922	1818368
NC_012804	644807932	610305	611444
NC_012804	644807933	611444	612706
NC_012804	644807930	609347	609517
NC_012804	644807931	609636	610304
NC_012804	644807936	613820	614893
NC_012804	644807937	615061	615453
NC_012804	644808009	675234	675785
NC_012804	644808008	674614	675198
NC_012804	644808007	673710	674603
NC_012804	644808006	671856	673709
NC_012804	644807938	615626	618262
NC_012804	644807939	618150	618947
NC_012804	644808003	669309	670022
NC_012804	644808002	669028	669312
NC_012804	644808001	668636	669031
NC_012804	644808000	668385	668639
NC_012804	644807955	632270	633571
NC_012804	644808139	790675	791679
NC_012804	644808138	790225	790611
NC_012804	644807808	495252	496019
NC_012804	644807809	496105	496824
NC_012804	644808133	786443	787369
NC_012804	644807807	494682	495266
NC_012804	644807804	492503	493816
NC_012804	644807805	493850	494473
NC_012804	644808137	789796	790134
NC_012804	644808136	788830	789669
NC_012804	644807800	487597	488034
NC_012804	644808134	787446	788453
NC_012804	644807953	630511	630996
NC_012804	644808940	1544751	1545401
NC_012804	644808645	1265594	1267165
NC_012804	644808644	1264736	1265569
NC_012804	644808647	1267558	1267845
NC_012804	644808646	1267162	1267548
NC_012804	644808641	1263488	1263727
NC_012804	644808640	1263106	1263447
NC_012804	644808643	1264045	1264749
NC_012804	644808642	1263733	1263954
NC_012804	644809149	1770084	1770347
NC_012804	644808649	1268660	1269208
NC_012804	644808648	1267942	1268670
NC_012804	644809148	1769730	1770074
NC_012804	644807959	635602	636390
NC_012804	644809413	1979163	1979573
NC_012804	644807652	346652	347887
NC_012804	644807651	346129	346668
NC_012804	644809410	1977836	1978096
NC_012804	644809141	1762540	1763097
NC_012804	644809416	1981652	1982107
NC_012804	644807655	351972	352691
NC_012804	644809457	2015887	2016801
NC_012804	644809414	1979570	1980469
NC_012804	644809022	1622990	1623214
NC_012804	644807551	254496	255791
NC_012804	644807552	255880	256824
NC_012804	644807553	256839	257816
NC_012804	644807554	257807	258580
NC_012804	644809027	1628370	1630886
NC_012804	644809024	1624926	1625720
NC_012804	644809025	1625722	1627677
NC_012804	644809383	1955742	1956248
NC_012804	644809382	1955242	1955742
NC_012804	644807493	202070	203005
NC_012804	644807492	201114	202067
NC_012804	644809387	1958426	1959613
NC_012804	644809386	1957418	1958260
NC_012804	644809385	1956928	1957431
NC_012804	644809384	1956233	1956781
NC_012804	644809456	2015272	2015787
NC_012804	644807583	285692	285895
NC_012804	644807582	283033	285522
NC_012804	644807581	282072	282620
NC_012804	644807580	281456	282022
NC_012804	644807587	288925	289539
NC_012804	644807586	287698	288822
NC_012804	644807585	286545	287687
NC_012804	644807584	285955	286515
NC_012804	644807589	290954	292336
NC_012804	644807588	289604	290911
NC_012804	644807661	358690	359121
NC_012804	644807341	56058	57509
NC_012804	644807340	54841	56061
NC_012804	644807343	58017	60167
NC_012804	644807342	57511	58011
NC_012804	644807345	61245	61934
NC_012804	644807344	60418	61248
NC_012804	644807347	63279	63782
NC_012804	644807346	61931	63112
NC_012804	644807349	64846	65274
NC_012804	644807348	63779	64849
NC_012804	644807827	511175	511714
NC_012804	644807559	263126	263689
NC_012804	644808908	1511010	1511681
NC_012804	644808909	1511915	1512805
NC_012804	644808906	1509080	1509616
NC_012804	644808907	1509736	1510935
NC_012804	644808904	1507609	1507899
NC_012804	644808905	1508059	1509045
NC_012804	644808902	1506043	1506960
NC_012804	644808903	1506957	1507616
NC_012804	644808900	1504283	1505257
NC_012804	644808901	1505254	1506042
NC_012804	644807697	398193	405296
NC_012804	644807696	396753	398027
NC_012804	644807695	395725	396885
NC_012804	644807694	394913	395728
NC_012804	644807693	392485	394830
NC_012804	644807692	391346	392488
NC_012804	644807699	407496	407684
NC_012804	644807698	405323	407446
NC_012804	644809347	1922646	1923140
NC_012804	644809346	1922006	1922518
NC_012804	644809345	1921127	1921996
NC_012804	644809344	1920032	1921066
NC_012804	644809343	1919797	1919985
NC_012804	644809342	1919411	1919800
NC_012804	644809341	1918536	1919381
NC_012804	644809340	1918212	1918526
NC_012804	644809349	1926704	1927132
NC_012804	644809348	1923137	1926652
NC_012804	644808832	1434202	1436433
NC_012804	644808833	1436516	1436884
NC_012804	644808830	1432757	1433620
NC_012804	644808831	1433610	1434215
NC_012804	644808836	1438692	1439357
NC_012804	644808837	1439373	1440032
NC_012804	644808834	1437032	1438015
NC_012804	644808835	1438017	1438352
NC_012804	644807763	464613	465104
NC_012804	644807762	463690	464601
NC_012804	644807761	463384	463683
NC_012804	644808839	1440758	1441408
NC_012804	644807766	465778	466401
NC_012804	644807765	465521	465703
NC_012804	644807764	465125	465328
NC_012804	644807569	271459	272466
NC_012804	644807568	269849	271462
NC_012804	644807561	264215	264718
NC_012804	644807560	263695	264222
NC_012804	644807563	265572	266117
NC_012804	644807562	264802	265548
NC_012804	644807565	266874	267821
NC_012804	644807564	266119	266550
NC_012804	644807567	269441	270127
NC_012804	644807566	267821	269398
NC_012804	644809246	1854363	1854764
NC_012804	644809247	1854769	1855734
NC_012804	644808348	1004866	1006191
NC_012804	644808349	1006266	1007717
NC_012804	644809245	1853702	1854193
NC_012804	644809239	1845519	1845827
NC_012804	644809238	1845082	1845519
NC_012804	644809237	1844628	1845071
NC_012804	644808317	969618	970718
NC_012804	644808342	998645	1002586
NC_012804	644809234	1843275	1843640
NC_012804	644808344	1003252	1004001
NC_012804	644808345	1004004	1004207
NC_012804	644809231	1840702	1841820
NC_012804	644808316	968702	969481
NC_012804	644808010	675796	676980
NC_012804	644808011	676977	677693
NC_012804	644807905	584649	585764
NC_012804	644808013	679350	679766
NC_012804	644808014	679863	680387
NC_012804	644808015	680393	681187
NC_012804	644808016	681184	682128
NC_012804	644808017	682224	683018
NC_012804	644808018	683064	683474
NC_012804	644808019	683471	684982
NC_012804	644808314	967195	968268
NC_012804	644807909	588850	590832
NC_012804	644807908	587742	588488
NC_012804	644807619	320600	321115
NC_012804	644807833	514736	515377
NC_012804	644807832	514468	514716
NC_012804	644807831	514036	514467
NC_012804	644807830	513629	514039
NC_012804	644808128	783156	783854
NC_012804	644807836	517035	517985
NC_012804	644807835	516154	517038
NC_012804	644807834	515402	516166
NC_012804	644808124	780183	780653
NC_012804	644808125	780783	781331
NC_012804	644807839	519739	520266
NC_012804	644807838	518996	519736
NC_012804	644808120	776097	778067
NC_012804	644808121	778102	778581
NC_012804	644808122	778578	779630
NC_012804	644808123	779630	780154
NC_012804	644808160	807696	807956
NC_012804	644808161	807946	809376
NC_012804	644807875	548764	549639
NC_012804	644808656	1274888	1275157
NC_012804	644808657	1275161	1275454
NC_012804	644808654	1273190	1274608
NC_012804	644807874	547886	548767
NC_012804	644808652	1270336	1271553
NC_012804	644808653	1271857	1273179
NC_012804	644808650	1269246	1269863
NC_012804	644808651	1269860	1270321
NC_012804	644807873	547312	547812
NC_012804	644808658	1275494	1276174
NC_012804	644808165	811206	811778
NC_012804	644808166	811858	812217
NC_012804	644807870	543952	545601
NC_012804	644807634	333558	334379
NC_012804	644809175	1794089	1794514
NC_012804	644809421	1983886	1984461
NC_012804	644807611	309775	311292
NC_012804	644807688	389363	390175
NC_012804	644808932	1536594	1538603
NC_012804	644807594	297664	298281
NC_012804	644807595	298241	298921
NC_012804	644807596	298973	299767
NC_012804	644807590	292376	293935
NC_012804	644807591	294188	294484
NC_012804	644807592	294528	297269
NC_012804	644807593	297304	297693
NC_012804	644807598	299819	299917
NC_012804	644807682	382481	383749
NC_012804	644807352	67421	67648
NC_012804	644807353	67744	68010
NC_012804	644807350	65424	66497
NC_012804	644807351	66535	67299
NC_012804	644807356	70647	71288
NC_012804	644807357	71310	71792
NC_012804	644807354	68011	69327
NC_012804	644807355	69342	70634
NC_012804	644807358	71925	76046
NC_012804	644807359	76393	77232
NC_012804	644808933	1538600	1540255
NC_012804	644807689	390172	390903
NC_012804	644808931	1536139	1536597
NC_012804	644808930	1533229	1535877
NC_012804	644808937	1542536	1543504
NC_012804	644808936	1541676	1542527
NC_012804	644808935	1540801	1541667
NC_012804	644807680	377966	379216
NC_012804	644807681	379240	381969
NC_012804	644808939	1544047	1544688
NC_012804	644807683	383780	385018
NC_012804	644807684	385008	386315
NC_012804	644807685	386460	386924
NC_012804	644807686	386932	388347
NC_012804	644807687	388348	389199
NC_012804	644809358	1934528	1934941
NC_012804	644809359	1935032	1935853
NC_012804	644809350	1927256	1928824
NC_012804	644809351	1928834	1929202
NC_012804	644809352	1929205	1929663
NC_012804	644809353	1929670	1930809
NC_012804	644809354	1930880	1931725
NC_012804	644809355	1931762	1932763
NC_012804	644809356	1933224	1933748
NC_012804	644809357	1933745	1934473
NC_012804	644808485	1124417	1124560
NC_012804	644808807	1411437	1412876
NC_012804	644808806	1408625	1411246
NC_012804	644808805	1408055	1408510
NC_012804	644808804	1407124	1408062
NC_012804	644807778	474787	475107
NC_012804	644807779	475124	475597
NC_012804	644808801	1404798	1405466
NC_012804	644808800	1404001	1404636
NC_012804	644807774	471934	472392
NC_012804	644807775	472421	472918
NC_012804	644807776	473031	473681
NC_012804	644807777	473687	474709
NC_012804	644807770	468632	469546
NC_012804	644807771	469594	470415
NC_012804	644807772	470544	471665
NC_012804	644807773	471728	471922
NC_012804	644807578	279662	280342
NC_012804	644807579	280349	281350
NC_012804	644807572	274374	275543
NC_012804	644807573	275512	276030
NC_012804	644807570	272530	273366
NC_012804	644807571	273363	274370
NC_012804	644807576	278590	278937
NC_012804	644807577	278924	279448
NC_012804	644807574	276077	276991
NC_012804	644807575	277045	278508
NC_012804	644808241	879520	879801
NC_012804	644808240	877746	879479
NC_012804	644808243	880103	881113
NC_012804	644808242	879811	880092
NC_012804	644808245	881412	882065
NC_012804	644808244	881091	881393
NC_012804	644808247	882402	882809
NC_012804	644808246	882100	882405
NC_012804	644808249	883612	884556
NC_012804	644808248	882760	883599
NC_012804	644809220	1831789	1832934
NC_012804	644809221	1832931	1833791
NC_012804	644809224	1834446	1835657
NC_012804	644808338	993689	995101
NC_012804	644809227	1835888	1837033
NC_012804	644809228	1837035	1837286
NC_012804	644809229	1837354	1839171
NC_012804	644808337	992206	993645
NC_012804	644808336	990357	992204
NC_012804	644808331	984528	986255
NC_012804	644808330	983189	984496
NC_012804	644808333	987705	988115
NC_012804	644808332	986245	987639
NC_012804	644808797	1402789	1403142
NC_012804	644808796	1402442	1402774
NC_012804	644808795	1401481	1402464
NC_012804	644808794	1401149	1401475
NC_012804	644808061	723917	724672
NC_012804	644808792	1400106	1400390
NC_012804	644808791	1399906	1400103
NC_012804	644808790	1399157	1399861
NC_012804	644808069	732390	733487
NC_012804	644808068	731774	732400
NC_012804	644808799	1403780	1404052
NC_012804	644808798	1403239	1403640
NC_012804	644808483	1122746	1123792
NC_012804	644808482	1121968	1122711
NC_012804	644808481	1121151	1121993
NC_012804	644808480	1119953	1121158
NC_012804	644808487	1125383	1125886
NC_012804	644808486	1124557	1125588
NC_012804	644807822	505929	506549
NC_012804	644808484	1123734	1124432
NC_012804	644808489	1126986	1127519
NC_012804	644808488	1125877	1126857
NC_012804	644807828	511747	512940
NC_012804	644807829	512925	513626
NC_012804	644808669	1289477	1290493
NC_012804	644808668	1287965	1289425
NC_012804	644808663	1280086	1280496
NC_012804	644808662	1278806	1280089
NC_012804	644808661	1278145	1278801
NC_012804	644808660	1276829	1278082
NC_012804	644808667	1285216	1287939
NC_012804	644808666	1284111	1284641
NC_012804	644808665	1281686	1284145
NC_012804	644808664	1280624	1281511
NC_012804	644808469	1110194	1110550
NC_012804	644808468	1107727	1110132
NC_012804	644808461	1101670	1102977
NC_012804	644808460	1101293	1101550
NC_012804	644808463	1104273	1104836
NC_012804	644809435	1998351	1998806
NC_012804	644808465	1105672	1106208
NC_012804	644808464	1104837	1105616
NC_012804	644808467	1106841	1107458
NC_012804	644808466	1106214	1106783
NC_012804	644807918	598476	598877
NC_012804	644807919	598870	599622
NC_012804	644807910	590964	591257
NC_012804	644807911	591498	592895
NC_012804	644807912	592956	593864
NC_012804	644807913	593995	594552
NC_012804	644807914	594555	595796
NC_012804	644807915	595904	596737
NC_012804	644807916	596807	597703
NC_012804	644807917	597700	598479
NC_012804	644809437	2000104	2000664
NC_012804	644808043	707853	708284
NC_012804	644809431	1992673	1994730
NC_012804	644808042	706747	707745
NC_012804	644808803	1406686	1407114
NC_012804	644808802	1405467	1406321
NC_012804	644807972	643351	643692
NC_012804	644808046	709902	711218
NC_012804	644809430	1992146	1992676
NC_012804	644807708	414500	414964
NC_012804	644808809	1413220	1414158
NC_012804	644808808	1412925	1413185
NC_012804	644807675	373329	373865
NC_012804	644809434	1997038	1998354
NC_012804	644807677	375025	375765
NC_012804	644809436	1998809	2000089
NC_012804	644807671	369089	370105
NC_012804	644809122	1746802	1747263
NC_012804	644809433	1995680	1997041
NC_012804	644807624	324294	325985
NC_012804	644809432	1994943	1995593
NC_012804	644807367	83671	83811
NC_012804	644807366	83053	83637
NC_012804	644807364	81847	82899
NC_012804	644807363	80493	81659
NC_012804	644807362	79543	80496
NC_012804	644807361	78519	79496
NC_012804	644807360	77511	78509
NC_012804	644809439	2002682	2003944
NC_012804	644807369	84398	84649
NC_012804	644807368	83824	84393
NC_012804	644808308	960161	960772
NC_012804	644808924	1523862	1524686
NC_012804	644808925	1524676	1524963
NC_012804	644808926	1525056	1528358
NC_012804	644808927	1528371	1531133
NC_012804	644808920	1520320	1521156
NC_012804	644808921	1521541	1521786
NC_012804	644808922	1521868	1522860
NC_012804	644808923	1522857	1523804
NC_012804	644808928	1531138	1531869
NC_012804	644808929	1532023	1533111
NC_012804	644809329	1906599	1907741
NC_012804	644809328	1905041	1905808
NC_012804	644809325	1902954	1903214
NC_012804	644809324	1902223	1902942
NC_012804	644809327	1903999	1905039
NC_012804	644809326	1903221	1903988
NC_012804	644809321	1900703	1901332
NC_012804	644809320	1900516	1900716
NC_012804	644809323	1901819	1902220
NC_012804	644809322	1901338	1901808
NC_012804	644807701	408592	408957
NC_012804	644808818	1420815	1422743
NC_012804	644808819	1422730	1423542
NC_012804	644808810	1414055	1414663
NC_012804	644808811	1414708	1415412
NC_012804	644808812	1415534	1415758
NC_012804	644808813	1415806	1418025
NC_012804	644808814	1418130	1418387
NC_012804	644808815	1418401	1419084
NC_012804	644808816	1419081	1419737
NC_012804	644808817	1419869	1420825
NC_012804	644809438	2000763	2002685
NC_012804	644807783	477088	477582
NC_012804	644807782	476864	477091
NC_012804	644807785	478402	478938
NC_012804	644807784	477792	478388
NC_012804	644807787	480047	480976
NC_012804	644807786	478986	480044
NC_012804	644807789	482028	482561
NC_012804	644807788	480981	481952
NC_012804	644809031	1634093	1634968
NC_012804	644809030	1633004	1633870
NC_012804	644809033	1635412	1636416
NC_012804	644809032	1635000	1635374
NC_012804	644809035	1637188	1637988
NC_012804	644809034	1636413	1637198
NC_012804	644807549	252776	253333
NC_012804	644807548	252422	252739
NC_012804	644807547	251233	252420
NC_012804	644807546	250292	251227
NC_012804	644807545	249925	250242
NC_012804	644807544	248729	249913
NC_012804	644807543	247723	248727
NC_012804	644807542	246643	247659
NC_012804	644807541	246248	246640
NC_012804	644807540	245925	246251
NC_012804	644808252	886638	888077
NC_012804	644808253	888152	888739
NC_012804	644808250	884549	885568
NC_012804	644808251	885702	886634
NC_012804	644808256	890228	890350
NC_012804	644808257	890677	891468
NC_012804	644808254	888763	889194
NC_012804	644808255	889548	890204
NC_012804	644808258	891456	892226
NC_012804	644808259	892265	893425
NC_012804	644807893	569269	570612
NC_012804	644809255	1862843	1864282
NC_012804	644809254	1861995	1862744
NC_012804	644809257	1865512	1866543
NC_012804	644809256	1864270	1865487
NC_012804	644809251	1858925	1859293
NC_012804	644809250	1858268	1858825
NC_012804	644809253	1861248	1861985
NC_012804	644808329	982643	983119
NC_012804	644808326	980557	980706
NC_012804	644808327	980770	982197
NC_012804	644808324	977795	979291
NC_012804	644808325	979401	980564
NC_012804	644809259	1867039	1867743
NC_012804	644808323	977430	977798
NC_012804	644808320	973309	974445
NC_012804	644808321	974607	976205
NC_012804	644808076	738667	739473
NC_012804	644808077	739436	740152
NC_012804	644808074	737545	737946
NC_012804	644808075	738043	738666
NC_012804	644808072	736895	737191
NC_012804	644808073	737232	737603
NC_012804	644808070	733497	735758
NC_012804	644808071	735836	736846
NC_012804	644808078	740131	740541
NC_012804	644808079	740498	740932
NC_012804	644808494	1130364	1130984
NC_012804	644808495	1131076	1131495
NC_012804	644808496	1131499	1131951
NC_012804	644808497	1132024	1132362
NC_012804	644808490	1127577	1128656
NC_012804	644808491	1128799	1129197
NC_012804	644808492	1129194	1129613
NC_012804	644808493	1129541	1130377
NC_012804	644808744	1352123	1353109
NC_012804	644808498	1132356	1132658
NC_012804	644808499	1132712	1133614
NC_012804	644808678	1295460	1296305
NC_012804	644808679	1296305	1297453
NC_012804	644808674	1293596	1294057
NC_012804	644808675	1294132	1294593
NC_012804	644808676	1294590	1294922
NC_012804	644808677	1294912	1295463
NC_012804	644808670	1290499	1290846
NC_012804	644808671	1290843	1291451
NC_012804	644808672	1291436	1292482
NC_012804	644808673	1292494	1293522
NC_012804	644808478	1119062	1119499
NC_012804	644808479	1119553	1119951
NC_012804	644808472	1111522	1112196
NC_012804	644808473	1112199	1115777
NC_012804	644808470	1110587	1111162
NC_012804	644808471	1111110	1111592
NC_012804	644808476	1118056	1118814
NC_012804	644808477	1118863	1119060
NC_012804	644808474	1115938	1117626
NC_012804	644808475	1117802	1118044
NC_012804	644807709	415130	417865
NC_012804	644808235	872422	875403
NC_012804	644808236	875400	876071
NC_012804	644808788	1396924	1398219
NC_012804	644808789	1398216	1399160
NC_012804	644808237	876072	876353
NC_012804	644807969	641798	642154
NC_012804	644807968	641475	641939
NC_012804	644807965	639455	639979
NC_012804	644808781	1391814	1392527
NC_012804	644807967	640511	640999
NC_012804	644808783	1392945	1394087
NC_012804	644807961	637432	638376
NC_012804	644808785	1394119	1394847
NC_012804	644808786	1394884	1395477
NC_012804	644808231	867473	867934
NC_012804	644808232	868037	868627
NC_012804	644809440	2004028	2004630
NC_012804	644808233	868668	870560
NC_012804	644808335	989663	990310
NC_012804	644808229	865108	866208
NC_012804	644807700	407733	408542
NC_012804	644809441	2004687	2005325
NC_012804	644807705	410812	412539
NC_012804	644807704	410400	410708
NC_012804	644808065	730175	730645
NC_012804	644809442	2005378	2005815
NC_012804	644807850	526462	526752
NC_012804	644808067	731068	731709
NC_012804	644807852	527548	528312
NC_012804	644807855	529016	529474
NC_012804	644807854	528718	528984
NC_012804	644809443	2005976	2006290
NC_012804	644808063	727072	729180
NC_012804	644808062	724682	727072
NC_012804	644807859	531662	532615
NC_012804	644808315	968393	968689
NC_012804	644808415	1062732	1062917
NC_012804	644808416	1063213	1063758
NC_012804	644809444	2006466	2006651
NC_012804	644808417	1063759	1065000
NC_012804	644808146	796320	796664
NC_012804	644808743	1351819	1352139
NC_012804	644808411	1057244	1057807
NC_012804	644808412	1057874	1060213
NC_012804	644808145	795771	796247
NC_012804	644809445	2006641	2006976
NC_012804	644807378	90529	91158
NC_012804	644807379	91253	91495
NC_012804	644807370	84837	85610
NC_012804	644807371	85641	86330
NC_012804	644807372	86317	87081
NC_012804	644807373	87078	87185
NC_012804	644807374	87188	87757
NC_012804	644807375	87761	88288
NC_012804	644807376	88369	89196
NC_012804	644808414	1062494	1062694
NC_012804	644809106	1734218	1734439
NC_012804	644809338	1916458	1917039
NC_012804	644809339	1917260	1918162
NC_012804	644809336	1914545	1915699
NC_012804	644809337	1915719	1916474
NC_012804	644809334	1912599	1913147
NC_012804	644809335	1913223	1914383
NC_012804	644809332	1910253	1910873
NC_012804	644809333	1910870	1912480
NC_012804	644809330	1907772	1910054
NC_012804	644809331	1910104	1910256
NC_012804	644808918	1518741	1519466
NC_012804	644808869	1472595	1473953
NC_012804	644808868	1471444	1472616
NC_012804	644808865	1467912	1469198
NC_012804	644808864	1467047	1467898
NC_012804	644808867	1470373	1471380
NC_012804	644808866	1469363	1470376
NC_012804	644808861	1464078	1465094
NC_012804	644808860	1462710	1464056
NC_012804	644808863	1466217	1467050
NC_012804	644808862	1465104	1466207
NC_012804	644807792	483347	483889
NC_012804	644807793	483879	484175
NC_012804	644807790	482594	483154
NC_012804	644807791	483157	483345
NC_012804	644807796	484970	485638
NC_012804	644807797	485733	486557
NC_012804	644807794	484186	484356
NC_012804	644807795	484381	484968
NC_012804	644807798	486558	487016
NC_012804	644807799	486973	487557
NC_012804	644807826	509518	510969
NC_012804	644807550	253551	254513
NC_012804	644809023	1623263	1624942
NC_012804	644809020	1620408	1622015
NC_012804	644809021	1622079	1622993
NC_012804	644809026	1627679	1628284
NC_012804	644807555	258590	259069
NC_012804	644807556	259066	259818
NC_012804	644807557	259815	261215
NC_012804	644807558	261308	263077
NC_012804	644807820	504166	504462
NC_012804	644809028	1630952	1631710
NC_012804	644809029	1631827	1633002
NC_012804	644807821	504455	505804
NC_012804	644808267	901927	903483
NC_012804	644808266	899136	901967
NC_012804	644808265	898565	899131
NC_012804	644808264	897412	898563
NC_012804	644808263	896933	897415
NC_012804	644808262	896610	896783
NC_012804	644808261	894997	896613
NC_012804	644808260	893428	894906
NC_012804	644807823	506536	507867
NC_012804	644808269	912825	913619
NC_012804	644808268	903539	912652
NC_012804	644809173	1792921	1793433
NC_012804	644808313	965506	967179
NC_012804	644808312	964436	965503
NC_012804	644808311	963495	964370
NC_012804	644808310	961780	963423
NC_012804	644809242	1849745	1853113
NC_012804	644809243	1853129	1853377
NC_012804	644809240	1845841	1847016
NC_012804	644809241	1847022	1849739
NC_012804	644808319	971812	973308
NC_012804	644808318	970755	971765
NC_012804	644809077	1708829	1710706
NC_012804	644809248	1855775	1856212
NC_012804	644809249	1856317	1856970
NC_012804	644809076	1707956	1708663
NC_012804	644809071	1704910	1705371
NC_012804	644809070	1703694	1704782
NC_012804	644809073	1705997	1706659
NC_012804	644809072	1705366	1705914
NC_012804	644808681	1297969	1298481
NC_012804	644808680	1297450	1297668
NC_012804	644808683	1299336	1300526
NC_012804	644808682	1298485	1299336
NC_012804	644808685	1300943	1301917
NC_012804	644808684	1300529	1300807
NC_012804	644808687	1303604	1303813
NC_012804	644808686	1301951	1303225
NC_012804	644808689	1304042	1304494
NC_012804	644808688	1303837	1304052
NC_012804	644808449	1090179	1091228
NC_012804	644808448	1089257	1090000
NC_012804	644808447	1088020	1089240
NC_012804	644808446	1087287	1087988
NC_012804	644808445	1086326	1087153
NC_012804	644808444	1085667	1086314
NC_012804	644808443	1084636	1085562
NC_012804	644808442	1082860	1084617
NC_012804	644808441	1081877	1082863
NC_012804	644808440	1080055	1081827
NC_012804	644808049	713396	714592
NC_012804	644808048	712440	713129
NC_012804	644807978	647312	649978
NC_012804	644807979	650173	650670
NC_012804	644807976	645505	646614
NC_012804	644807977	646648	647214
NC_012804	644808041	705845	706741
NC_012804	644808040	705341	705835
NC_012804	644808047	711229	712371
NC_012804	644807973	643553	644659
NC_012804	644808045	709103	709903
NC_012804	644807971	642576	643244
NC_012804	644809198	1812609	1812995
NC_012804	644809108	1735081	1735848
NC_012804	644808462	1103092	1104276
NC_012804	644809194	1809967	1810587
NC_012804	644809066	1701214	1701591
NC_012804	644809195	1810618	1811295
NC_012804	644809290	1885213	1885629
NC_012804	644809062	1696715	1698154
NC_012804	644807309	32550	33149
NC_012804	644807308	32229	32564
NC_012804	644807305	29176	29475
NC_012804	644807304	28551	29171
NC_012804	644807307	30135	32141
NC_012804	644807306	29485	30102
NC_012804	644807301	26715	27011
NC_012804	644807300	26144	26713
NC_012804	644807303	27624	28391
NC_012804	644807302	27004	27627
NC_012804	644808997	1595723	1595872
NC_012804	644809296	1888055	1889059
NC_012804	644809063	1698234	1699376
NC_012804	644808996	1595383	1595532
NC_012804	644809458	2016835	2017488
NC_012804	644807411	127592	128611
NC_012804	644807410	125431	126738
NC_012804	644807413	129892	130641
NC_012804	644807412	128784	129851
NC_012804	644807415	131031	131756
NC_012804	644807414	130638	131021
NC_012804	644807417	133284	134057
NC_012804	644809100	1728772	1730259
NC_012804	644807419	134631	135977
NC_012804	644807418	134164	134634
NC_012804	644809309	1895972	1896355
NC_012804	644809308	1895520	1895972
NC_012804	644809103	1731853	1732638
NC_012804	644808985	1586342	1586857
NC_012804	644809105	1733589	1734221
NC_012804	644809104	1732679	1733488
NC_012804	644808980	1580258	1580989
NC_012804	644808981	1580993	1581316
NC_012804	644809109	1735954	1736538
NC_012804	644808878	1485770	1487122
NC_012804	644808879	1487140	1487697
NC_012804	644808876	1481162	1482655
NC_012804	644808877	1482740	1485520
NC_012804	644808874	1479211	1479861
NC_012804	644808875	1480002	1481138
NC_012804	644808872	1476965	1477867
NC_012804	644808873	1477946	1479214
NC_012804	644808870	1473634	1475112
NC_012804	644808871	1475116	1476978
NC_012804	644809455	2013962	2015236
NC_012804	644809453	2012764	2013339
NC_012804	644809452	2012410	2012763
NC_012804	644807525	230562	231167
NC_012804	644809016	1615376	1617427
NC_012804	644809015	1614995	1615312
NC_012804	644807526	231167	232972
NC_012804	644807521	228355	228930
NC_012804	644809012	1612513	1614096
NC_012804	644809011	1611129	1612250
NC_012804	644809010	1610144	1611145
NC_012804	644808989	1588185	1588340
NC_012804	644807529	235898	237334
NC_012804	644807528	233897	235891
NC_012804	644809019	1619808	1620329
NC_012804	644809018	1617855	1619807
NC_012804	644809454	2013353	2013766
NC_012804	644809145	1768716	1769387
NC_012804	644809278	1880506	1880661
NC_012804	644809273	1877623	1878090
NC_012804	644809271	1876397	1877200
NC_012804	644809270	1875011	1876330
NC_012804	644809277	1880135	1880476
NC_012804	644809276	1879723	1880076
NC_012804	644809275	1878953	1879714
NC_012804	644808304	955645	956286
NC_012804	644808305	956283	957413
NC_012804	644808306	957446	959326
NC_012804	644808307	959316	960074
NC_012804	644808300	952999	954066
NC_012804	644808301	954056	954343
NC_012804	644808302	954333	954968
NC_012804	644808303	954969	955556
NC_012804	644807631	330706	331293
NC_012804	644807630	330395	330709
NC_012804	644807633	332329	333525
NC_012804	644807632	331382	332227
NC_012804	644809475	2034679	2035593
NC_012804	644808309	960937	961602
NC_012804	644809477	2036267	2037370
NC_012804	644809476	2035642	2036256
NC_012804	644807644	339872	340144
NC_012804	644808405	1053184	1053450
NC_012804	644809451	2010478	2012313
NC_012804	644808890	1495890	1497053
NC_012804	644808278	925787	928381
NC_012804	644808279	928383	930350
NC_012804	644808270	913643	914845
NC_012804	644808271	914858	915985
NC_012804	644808272	915988	918861
NC_012804	644808273	918909	920405
NC_012804	644808274	920402	921181
NC_012804	644808275	921186	922526
NC_012804	644808276	922556	924049
NC_012804	644808277	924095	925720
NC_012804	644808692	1306046	1308367
NC_012804	644808693	1308413	1309057
NC_012804	644808690	1304497	1305297
NC_012804	644808691	1305498	1305899
NC_012804	644808696	1310777	1311358
NC_012804	644808697	1311358	1312353
NC_012804	644808694	1309205	1310341
NC_012804	644808695	1310374	1310637
NC_012804	644808698	1312340	1313269
NC_012804	644808699	1313370	1315568
NC_012804	644808450	1091297	1092796
NC_012804	644808451	1092803	1094509
NC_012804	644807897	576383	577744
NC_012804	644808453	1095709	1096656
NC_012804	644807891	566913	568334
NC_012804	644807890	564943	566859
NC_012804	644808456	1097826	1098242
NC_012804	644808457	1098291	1098755
NC_012804	644808458	1098752	1099513
NC_012804	644808459	1099442	1101091
NC_012804	644807899	578602	579918
NC_012804	644807898	577722	578537
NC_012804	644809140	1762067	1762354
NC_012804	644807943	620362	621498
NC_012804	644807940	619031	619717
NC_012804	644808058	722563	723009
NC_012804	644808059	723006	723572
NC_012804	644807945	623332	623691
NC_012804	644807944	621671	622531
NC_012804	644808054	718718	719782
NC_012804	644808055	719873	721330
NC_012804	644808056	721380	722315
NC_012804	644808057	722312	722566
NC_012804	644808050	714675	714917
NC_012804	644808051	714919	715590
NC_012804	644808052	715595	717733
NC_012804	644808053	717730	718725
NC_012804	644809143	1766262	1767446
NC_012804	644808423	1068817	1069239
NC_012804	644809467	2026251	2027210
NC_012804	644808181	825327	825650
NC_012804	644809303	1891839	1893224
NC_012804	644809075	1707262	1707888
NC_012804	644809302	1891168	1891758
NC_012804	644809301	1890654	1891175
NC_012804	644809300	1890342	1890611
NC_012804	644808339	995163	995576
NC_012804	644809307	1894904	1895509
NC_012804	644809306	1894203	1894907
NC_012804	644809305	1893724	1894191
NC_012804	644809304	1893266	1893712
NC_012804	644809469	2028178	2029338
NC_012804	644809450	2009492	2010397
NC_012804	644807318	39197	40744
NC_012804	644807319	40741	41100
NC_012804	644807316	38317	38841
NC_012804	644807317	38848	39204
NC_012804	644807314	36317	37594
NC_012804	644807315	37758	38324
NC_012804	644807312	34885	35322
NC_012804	644807313	35319	36302
NC_012804	644807310	33210	34322
NC_012804	644807311	34364	34888
NC_012804	644807934	612703	613437
NC_012804	644807935	613553	613762
NC_012804	644808005	670372	671859
NC_012804	644808004	670019	670375
NC_012804	644809480	2041287	2042291
NC_012804	644809481	2042297	2043367
NC_012804	644809482	2043371	2044105
NC_012804	644809483	2044093	2045142
NC_012804	644807402	113443	115401
NC_012804	644807403	115537	116664
NC_012804	644807400	111052	112002
NC_012804	644807401	112135	113397
NC_012804	644809310	1896366	1896920
NC_012804	644809311	1896931	1897323
NC_012804	644809312	1897335	1897505
NC_012804	644809313	1897507	1898058
NC_012804	644807408	119069	123448
NC_012804	644807409	123449	125431
NC_012804	644809318	1899947	1900216
NC_012804	644809319	1900213	1900509
NC_012804	644808843	1443820	1444296
NC_012804	644808842	1443293	1443820
NC_012804	644808841	1441908	1443263
NC_012804	644808840	1441424	1441903
NC_012804	644808847	1448454	1449116
NC_012804	644808846	1446682	1448412
NC_012804	644808845	1445034	1446671
NC_012804	644808844	1444334	1445032
NC_012804	644808849	1450625	1451233
NC_012804	644808848	1449278	1450603
NC_012804	644809008	1607838	1608524
NC_012804	644809009	1608528	1610147
NC_012804	644809000	1597529	1598890
NC_012804	644809001	1598903	1600243
NC_012804	644809002	1600246	1601112
NC_012804	644809003	1601120	1602349
NC_012804	644809004	1602346	1603242
NC_012804	644809005	1603495	1605003
NC_012804	644809006	1605004	1606350
NC_012804	644809007	1606434	1607768
NC_012804	644807536	241793	242917
NC_012804	644807537	243009	245327
NC_012804	644807534	241231	241485
NC_012804	644807535	241531	241791
NC_012804	644807532	240071	240664
NC_012804	644807533	240778	241161
NC_012804	644807530	237386	237883
NC_012804	644807531	237894	240074
NC_012804	644807538	245361	245612
NC_012804	644807539	245599	245925
NC_012804	644809268	1873210	1874556
NC_012804	644809269	1874711	1874920
NC_012804	644809264	1871325	1871675
NC_012804	644809265	1871665	1872384
NC_012804	644809266	1872443	1872949
NC_012804	644809267	1872959	1873213
NC_012804	644809260	1868029	1869396
NC_012804	644809261	1869470	1870672
NC_012804	644809263	1870875	1871339
NC_012804	644808995	1595084	1595329
NC_012804	644808994	1592535	1594925
NC_012804	644807628	329468	330058
NC_012804	644807629	330048	330323
NC_012804	644808991	1590367	1590654
NC_012804	644808990	1588454	1590142
NC_012804	644808993	1591925	1592410
NC_012804	644808992	1590685	1591542
NC_012804	644807622	323536	323940
NC_012804	644809463	2021180	2022367
NC_012804	644807620	321125	321985
NC_012804	644807621	321976	323316
NC_012804	644808999	1596685	1597431
NC_012804	644808998	1595955	1596701
NC_012804	644809464	2022388	2023539
NC_012804	644807625	326331	327191
NC_012804	644808511	1143565	1144548
NC_012804	644808510	1143313	1143564
NC_012804	644808513	1145369	1145671
NC_012804	644808512	1144617	1145372
NC_012804	644808515	1146026	1146385
NC_012804	644808514	1145672	1146022
NC_012804	644808517	1147115	1147477
NC_012804	644808516	1146416	1147024
NC_012804	644808519	1147980	1148771
NC_012804	644808518	1147622	1147900
NC_012804	644809466	2024684	2026228
NC_012804	644808199	838541	839107
NC_012804	644808198	836844	838355
NC_012804	644808195	835064	835393
NC_012804	644808194	833889	834986
NC_012804	644808197	836290	837186
NC_012804	644808196	835475	836293
NC_012804	644808191	830611	831342
NC_012804	644808190	829983	830702
NC_012804	644808193	832413	833861
NC_012804	644808192	831524	832411
NC_012804	644808209	846263	846472
NC_012804	644808208	844894	846243
NC_012804	644808205	841754	843286
NC_012804	644808204	841274	841570
NC_012804	644808207	844401	844838
NC_012804	644808206	843334	844494
NC_012804	644808201	839386	840222
NC_012804	644808200	838953	839357
NC_012804	644808203	840903	841271
NC_012804	644808202	840219	840839
NC_012804	644807886	560980	562065
NC_012804	644807887	562137	562499
NC_012804	644807884	559495	560067
NC_012804	644807885	560128	560922
NC_012804	644807882	557812	558867
NC_012804	644807883	558862	559452
NC_012804	644807880	555222	556685
NC_012804	644808422	1068072	1068827
NC_012804	644808973	1574416	1575243
NC_012804	644808429	1070893	1072869
NC_012804	644808131	785304	785717
NC_012804	644807888	562496	563842
NC_012804	644807889	563848	564870
NC_012804	644808130	784866	785135
NC_012804	644808971	1572918	1573292
NC_012804	644809403	1971216	1972394
NC_012804	644807802	489067	490392
NC_012804	644809159	1776444	1777043
NC_012804	644807803	490482	492386
NC_012804	644807954	630888	632111
NC_012804	644809404	1972345	1973484
NC_012804	644807956	633573	634277
NC_012804	644807957	634277	634591
NC_012804	644807950	629127	629465
NC_012804	644807951	629465	629698
NC_012804	644807952	629702	630499
NC_012804	644807645	340216	341304
NC_012804	644807801	488031	488984
NC_012804	644807958	634630	635592
NC_012804	644809154	1773748	1774521
NC_012804	644809407	1975730	1976056
NC_012804	644807640	336192	336428
NC_012804	644807641	336520	337422
NC_012804	644808739	1348735	1349769
NC_012804	644808738	1347996	1348748
NC_012804	644808979	1579215	1580081
NC_012804	644808731	1341966	1342715
NC_012804	644808730	1341544	1341969
NC_012804	644808733	1343557	1344123
NC_012804	644808732	1342760	1343560
NC_012804	644808735	1344516	1345139
NC_012804	644808734	1344193	1344513
NC_012804	644808737	1346936	1347958
NC_012804	644808736	1345097	1346464
NC_012804	644809017	1617555	1617815
NC_012804	644807524	229732	230565
NC_012804	644807527	232969	233886
NC_012804	644809014	1614261	1614989
NC_012804	644809013	1614098	1614220
NC_012804	644807520	227740	228321
NC_012804	644807523	229413	229739
NC_012804	644807522	228927	229373
NC_012804	644807482	192927	193247
NC_012804	644809395	1965816	1966742
NC_012804	644809396	1966861	1967616
NC_012804	644809397	1967582	1968997
NC_012804	644809390	1961165	1962688
NC_012804	644809391	1962788	1964107
NC_012804	644809392	1964093	1964437
NC_012804	644807485	195385	195816
NC_012804	644807987	657987	659180
NC_012804	644809479	2038344	2041103
NC_012804	644807986	654849	657776
NC_012804	644808720	1331828	1333009
NC_012804	644807984	654303	654563
NC_012804	644807983	653230	654288
NC_012804	644807982	652400	653188
NC_012804	644809478	2037397	2038347
NC_012804	644807981	651577	652482
NC_012804	644807980	650751	651521
NC_012804	644807323	42105	42476
NC_012804	644807322	41845	42108
NC_012804	644807321	41552	41848
NC_012804	644807320	41097	41531
NC_012804	644807327	44953	45438
NC_012804	644807326	43374	44951
NC_012804	644807325	42733	43236
NC_012804	644807324	42473	42736
NC_012804	644807329	45836	46594
NC_012804	644807328	45435	45839
NC_012804	644808884	1491809	1492333
NC_012804	644807437	152297	152896
NC_012804	644807436	151332	152243
NC_012804	644807435	150218	151243
NC_012804	644807434	148855	150225
NC_012804	644807433	148172	148834
NC_012804	644807432	147305	148135
NC_012804	644807431	146091	147308
NC_012804	644807430	145408	146052
NC_012804	644807439	154633	155751
NC_012804	644807438	153225	154622
NC_012804	644808854	1457743	1459098
NC_012804	644808855	1459284	1459568
NC_012804	644808856	1459626	1460366
NC_012804	644808857	1460403	1460933
NC_012804	644808850	1451243	1452148
NC_012804	644808851	1452235	1453173
NC_012804	644808852	1453284	1454714
NC_012804	644808853	1454810	1456234
NC_012804	644808341	995907	998282
NC_012804	644808858	1460930	1461460
NC_012804	644808859	1461517	1462590
NC_012804	644807824	508299	508478
NC_012804	644807509	218237	218965
NC_012804	644807508	217528	218193
NC_012804	644809079	1713408	1713959
NC_012804	644809078	1710807	1713287
NC_012804	644807503	211913	212470
NC_012804	644807502	211596	211898
NC_012804	644807501	211001	211585
NC_012804	644807500	209418	210821
NC_012804	644807507	216861	217412
NC_012804	644807506	215375	216826
NC_012804	644807505	214190	215374
NC_012804	644807504	212587	214017
NC_012804	644807825	508462	509463
NC_012804	644808949	1553843	1554130
NC_012804	644809291	1885626	1886168
NC_012804	644807639	335794	336204
NC_012804	644809292	1886179	1886628
NC_012804	644809295	1887354	1888061
NC_012804	644809294	1886743	1887330
NC_012804	644809297	1889149	1889325
NC_012804	644807638	335078	335797
NC_012804	644809299	1889739	1890332
NC_012804	644809298	1889487	1889738
NC_012804	644808986	1586909	1587142
NC_012804	644808987	1587188	1587874
NC_012804	644808984	1582657	1586337
NC_012804	644809102	1731512	1731856
NC_012804	644808982	1581313	1581525
NC_012804	644808983	1581592	1582386
NC_012804	644809107	1734442	1735152
NC_012804	644807618	319617	320624
NC_012804	644807617	318647	319606
NC_012804	644807616	317158	318636
NC_012804	644807615	316103	317146
NC_012804	644807614	313402	315939
NC_012804	644807613	312030	313253
NC_012804	644807612	311345	312037
NC_012804	644808988	1587902	1588174
NC_012804	644807610	309460	309798
NC_012804	644808502	1135410	1136801
NC_012804	644808503	1136862	1137650
NC_012804	644808500	1133615	1134634
NC_012804	644808501	1134734	1135201
NC_012804	644808506	1138785	1139513
NC_012804	644808507	1139515	1141563
NC_012804	644808504	1137674	1138390
NC_012804	644808505	1138387	1138671
NC_012804	644808508	1141589	1142476
NC_012804	644808509	1142528	1143313
NC_012804	644809471	2030914	2031348
NC_012804	644809470	2029335	2030921
NC_012804	644809473	2032528	2033811
NC_012804	644809472	2031341	2032483
NC_012804	644809400	1969659	1969757
NC_012804	644808188	829041	829670
NC_012804	644808189	829652	830056
NC_012804	644808186	828014	828655
NC_012804	644808187	828771	829022
NC_012804	644808184	826990	827328
NC_012804	644808185	827282	827923
NC_012804	644808182	825709	826362
NC_012804	644808183	826409	826987
NC_012804	644808180	824688	824990
NC_012804	644809474	2033808	2034686
NC_012804	644807637	334767	335081
NC_012804	644808218	853016	854080
NC_012804	644808219	854156	854833
NC_012804	644808216	850466	850897
NC_012804	644808217	850894	852780
NC_012804	644808214	848933	850252
NC_012804	644808215	850249	850458
NC_012804	644808212	847640	848233
NC_012804	644808213	848220	848840
NC_012804	644808210	846509	847027
NC_012804	644808211	847024	847668
NC_012804	644808347	1004564	1004818
NC_012804	644808436	1077471	1077893
NC_012804	644808434	1075858	1076865
NC_012804	644808435	1076842	1077393
NC_012804	644808432	1075076	1075519
NC_012804	644808433	1075524	1075826
NC_012804	644808430	1072935	1074353
NC_012804	644808431	1074325	1075008
NC_012804	644808438	1078030	1078827
NC_012804	644808439	1078953	1079405
NC_012804	644808728	1339129	1340289
NC_012804	644808729	1340286	1341539
NC_012804	644807989	660493	660663
NC_012804	644807988	659235	660491
NC_012804	644808722	1333689	1334762
NC_012804	644808723	1334764	1335510
NC_012804	644807985	654478	654768
NC_012804	644808721	1333049	1333699
NC_012804	644808726	1336744	1337448
NC_012804	644808727	1337451	1339136
NC_012804	644808724	1335428	1335946
NC_012804	644808725	1335963	1336739
NC_012804	644809401	1969808	1970473
NC_012804	644808427	1070242	1070529
NC_012804	644808288	942781	944076
NC_012804	644808426	1069912	1070232
NC_012804	644809126	1750134	1750448
NC_012804	644807334	48549	48773
NC_012804	644807335	48757	49608
NC_012804	644807336	49605	50102
NC_012804	644807337	50104	51840
NC_012804	644807330	46595	46849
NC_012804	644807331	46846	47193
NC_012804	644807332	47190	47477
NC_012804	644807333	47508	48542
NC_012804	644807338	51837	52757
NC_012804	644807339	52760	54844
NC_012804	644808570	1191226	1192506
NC_012804	644809124	1747855	1748205
NC_012804	644807428	142229	143986
NC_012804	644807429	143992	145383
NC_012804	644807420	135980	136267
NC_012804	644807421	136326	137213
NC_012804	644807422	137359	137670
NC_012804	644807423	137673	139679
NC_012804	644807424	139695	140180
NC_012804	644807425	140218	140811
NC_012804	644807426	140817	141917
NC_012804	644807427	141914	142222
NC_012804	644807606	306281	306835
NC_012804	644809121	1746197	1746637
NC_012804	644807518	227009	227482
NC_012804	644807519	227559	227834
NC_012804	644809068	1702429	1702809
NC_012804	644809069	1702819	1703649
NC_012804	644807514	224154	224570
NC_012804	644809067	1701588	1702394
NC_012804	644807516	225060	225785
NC_012804	644809065	1700120	1701208
NC_012804	644807510	218955	220016
NC_012804	644807511	220156	221055
NC_012804	644807512	221139	223079
NC_012804	644809061	1695324	1696604
NC_012804	644808021	685835	687151
NC_012804	644808020	684979	685851
NC_012804	644808751	1358964	1359299
NC_012804	644808022	687308	687487
NC_012804	644808025	690024	691223
NC_012804	644808024	688511	689803
NC_012804	644808755	1362662	1363147
NC_012804	644808754	1360684	1362759
NC_012804	644809282	1882503	1882676
NC_012804	644807895	574821	575939
NC_012804	644809280	1880850	1881455
NC_012804	644809281	1881471	1882496
NC_012804	644809286	1883451	1883879
NC_012804	644809287	1883886	1884251
NC_012804	644809284	1882802	1883014
NC_012804	644807894	570652	574791
NC_012804	644809289	1884401	1885183
NC_012804	644808452	1094709	1095464
NC_012804	644809112	1737870	1738604
NC_012804	644807601	302195	302704
NC_012804	644807602	302701	303552
NC_012804	644807603	303778	304692
NC_012804	644807604	304697	305344
NC_012804	644809117	1741488	1742366
NC_012804	644809114	1739202	1739669
NC_012804	644809115	1739666	1740310
NC_012804	644807608	307588	308112
NC_012804	644807609	308100	309119
NC_012804	644809118	1742363	1743535
NC_012804	644809119	1743532	1744536
NC_012804	644808455	1097477	1097854
NC_012804	644808537	1164609	1165028
NC_012804	644808536	1163450	1164598
NC_012804	644808535	1163101	1163304
NC_012804	644808534	1161472	1162983
NC_012804	644808533	1160477	1161472
NC_012804	644808532	1158917	1160362
NC_012804	644808531	1158019	1158915
NC_012804	644808530	1157056	1158018
NC_012804	644807892	568370	569269
NC_012804	644808539	1165941	1166270
NC_012804	644808538	1165025	1165954
NC_012804	644809459	2017531	2019498
NC_012804	644808223	858053	859048
NC_012804	644808221	855361	857817
NC_012804	644808220	854830	855327
NC_012804	644808227	862730	864718
NC_012804	644808226	862001	862657
NC_012804	644808225	860486	861862
NC_012804	644808224	859150	860493
NC_012804	644808887	1494006	1494512
NC_012804	644808886	1493567	1494013
NC_012804	644808885	1492308	1493471
NC_012804	644808228	864793	864927
NC_012804	644808883	1490814	1491767
NC_012804	644808882	1489965	1490780
NC_012804	644808881	1488923	1489960
NC_012804	644808880	1487808	1488872
NC_012804	644808159	807078	807680
NC_012804	644808158	805942	806979
NC_012804	644808409	1056248	1056730
NC_012804	644808408	1055715	1056251
NC_012804	644807837	518067	518783
NC_012804	644808151	800710	800913
NC_012804	644808150	800074	800664
NC_012804	644808401	1049293	1050081
NC_012804	644808400	1048298	1049296
NC_012804	644808407	1054773	1055579
NC_012804	644808406	1053526	1054767
NC_012804	644808157	805330	805905
NC_012804	644808156	804785	805333
NC_012804	644808087	745274	746113
NC_012804	644808086	744847	745272
NC_012804	644808085	744518	744808
NC_012804	644808084	743257	744543
NC_012804	644808083	742067	743167
NC_012804	644808082	741810	742040
NC_012804	644808081	741414	741644
NC_012804	644808080	740996	741424
NC_012804	644808089	746505	747176
NC_012804	644808088	746129	746518
NC_012804	644807990	660635	660766
NC_012804	644807991	660763	660981
NC_012804	644807992	661117	662187
NC_012804	644807993	662188	664110
NC_012804	644807994	663487	664458
NC_012804	644807995	664479	665033
NC_012804	644807996	665038	665706
NC_012804	644808718	1330089	1330829
NC_012804	644807998	667156	667656
NC_012804	644807999	667855	668388
NC_012804	644808715	1326917	1328086
NC_012804	644808714	1325995	1326927
NC_012804	644808713	1325526	1326023
NC_012804	644808712	1324604	1325536
NC_012804	644808711	1324048	1324524
NC_012804	644808710	1322721	1323914
NC_012804	644807947	625854	628079
NC_012804	644807946	623799	625850
NC_012804	644808951	1554849	1555208
NC_012804	644809139	1760865	1762055
NC_012804	644808064	729183	730178
NC_012804	644807949	628390	629115
NC_012804	644807948	628091	628570
NC_012804	644809130	1752939	1753379
NC_012804	644808066	730626	731075
NC_012804	644809426	1988750	1989712
NC_012804	644807667	364557	365318
NC_012804	644809424	1987605	1988045
NC_012804	644809425	1988240	1988632
NC_012804	644807662	359378	359950
NC_012804	644809423	1985894	1987600
NC_012804	644809037	1639140	1641032
NC_012804	644809036	1638165	1638926
NC_012804	644808454	1096682	1097431
NC_012804	644809039	1641245	1642579
NC_012804	644808060	723687	723962
NC_012804	644809038	1641066	1641242
NC_012804	644809428	1990284	1990859
NC_012804	644807853	528312	528743
NC_012804	644809429	1991703	1992149
NC_012804	644808334	988182	989573
NC_012804	644807459	170736	171023
NC_012804	644807458	170069	170746
NC_012804	644807455	168054	168932
NC_012804	644807454	167534	168274
NC_012804	644807457	169701	170030
NC_012804	644807456	168929	169624
NC_012804	644807451	165034	165522
NC_012804	644807450	164438	164992
NC_012804	644807453	166491	167468
NC_012804	644807452	165574	166494
NC_012804	644807299	25878	26081
NC_012804	644807298	24834	25811
NC_012804	644807293	19317	20318
NC_012804	644807292	18262	19233
NC_012804	644807291	14494	18240
NC_012804	644807290	13693	14532
NC_012804	644807297	23577	24725
NC_012804	644807296	22526	23476
NC_012804	644807295	21439	22434
NC_012804	644807294	20295	21473
NC_012804	644809053	1670625	1672958
NC_012804	644809052	1656528	1670360
NC_012804	644809051	1655725	1656531
NC_012804	644809050	1654187	1655716
NC_012804	644809057	1689315	1691687
NC_012804	644809056	1687856	1689322
NC_012804	644809055	1686721	1687809
NC_012804	644809054	1672968	1686413
NC_012804	644809059	1693558	1695153
NC_012804	644809058	1691684	1693471
NC_012804	644809127	1750445	1751884
NC_012804	644807674	372264	373232
NC_012804	644809125	1748365	1750137
NC_012804	644807676	373869	375014
NC_012804	644809123	1747265	1747855
NC_012804	644807670	367192	368967
NC_012804	644807673	371470	372267
NC_012804	644809120	1744548	1745870
NC_012804	644807679	376702	377874
NC_012804	644807678	375762	376697
NC_012804	644809129	1752300	1752971
NC_012804	644809128	1751965	1752303
NC_012804	644807649	342950	344269
NC_012804	644807858	531358	531606
NC_012804	644808234	870621	872429
NC_012804	644808891	1497046	1497585
NC_012804	644808892	1497689	1498387
NC_012804	644808893	1498384	1499463
NC_012804	644808894	1499456	1499776
NC_012804	644808895	1499773	1500843
NC_012804	644808896	1500840	1502036
NC_012804	644808897	1502041	1502862
NC_012804	644808898	1502837	1503655
NC_012804	644808899	1503645	1504286
NC_012804	644807703	409958	410398
NC_012804	644807702	409004	410098
NC_012804	644808238	876359	877033
NC_012804	644808239	877067	877537
NC_012804	644807707	413906	414460
NC_012804	644807706	412536	413900
NC_012804	644807851	526785	527516
NC_012804	644807416	131852	133141
NC_012804	644808148	798453	799631
NC_012804	644808149	799665	799970
NC_012804	644808418	1065040	1065435
NC_012804	644808419	1065445	1066614
NC_012804	644807857	530533	531246
NC_012804	644807856	529485	530486
NC_012804	644808142	793484	793900
NC_012804	644808143	793890	794627
NC_012804	644808140	791688	792665
NC_012804	644808141	792644	793348
NC_012804	644808410	1056738	1057247
NC_012804	644808147	796786	798462
NC_012804	644808144	794771	795784
NC_012804	644808413	1060286	1062487
NC_012804	644808098	758210	758920
NC_012804	644808099	758917	759192
NC_012804	644808090	747173	748375
NC_012804	644808091	747634	748392
NC_012804	644808092	748397	749413
NC_012804	644808093	749456	751378
NC_012804	644808094	751946	752263
NC_012804	644808095	752466	756344
NC_012804	644808096	756457	757503
NC_012804	644808097	757555	758163
NC_012804	644808528	1155717	1157012
NC_012804	644808529	1156325	1157128
NC_012804	644808520	1148817	1149911
NC_012804	644808521	1150399	1150860
NC_012804	644808522	1150874	1151350
NC_012804	644808523	1151397	1151699
NC_012804	644808524	1151818	1153047
NC_012804	644808525	1153285	1154028
NC_012804	644808526	1154104	1154715
NC_012804	644808527	1155047	1155751
NC_012804	644808328	982086	982604
NC_012804	644809252	1859342	1861186
NC_012804	644808700	1315662	1316741
NC_012804	644808701	1316752	1317015
NC_012804	644808702	1317005	1317190
NC_012804	644808703	1317224	1317652
NC_012804	644808704	1317687	1318736
NC_012804	644808705	1318879	1319697
NC_012804	644808706	1319694	1320479
NC_012804	644808707	1320469	1321092
NC_012804	644808708	1321102	1321776
NC_012804	644808709	1321909	1322649
NC_012804	644808322	976202	977446
NC_012804	644809258	1866551	1866976
NC_012804	644808179	823828	824499
NC_012804	644807806	494501	494689
NC_012804	644808175	821830	822159
NC_012804	644808174	821586	821828
NC_012804	644807642	337923	339368
NC_012804	644807643	339361	339870
NC_012804	644809101	1730259	1731515
NC_012804	644807448	163608	163802
NC_012804	644807449	163927	164469
NC_012804	644807446	162938	163240
NC_012804	644807447	163315	163590
NC_012804	644807444	161705	162727
NC_012804	644807445	162724	162960
NC_012804	644807442	158799	159539
NC_012804	644807443	159561	161414
NC_012804	644807440	155843	156658
NC_012804	644807441	157054	158694
NC_012804	644807288	11877	13157
NC_012804	644807289	13154	13696
NC_012804	644807284	7454	8194
NC_012804	644807285	8215	9972
NC_012804	644807286	9969	10958
NC_012804	644807287	10951	11880
NC_012804	644807280	2192	3337
NC_012804	644807281	3334	5259
NC_012804	644807282	5611	6897
NC_012804	644807283	7224	7457
NC_012804	644809044	1646073	1646264
NC_012804	644809045	1646280	1647056
NC_012804	644809046	1647062	1648300
NC_012804	644809047	1648287	1650944
NC_012804	644809040	1642537	1643064
NC_012804	644809041	1643226	1643939
NC_012804	644809042	1643954	1645666
NC_012804	644809043	1645817	1646047
NC_012804	644809048	1650941	1652329
NC_012804	644809049	1652339	1654090
NC_012804	644807517	225877	226797
NC_012804	644809138	1759647	1760678
NC_012804	644808950	1554143	1554790
NC_012804	644808953	1555767	1556756
NC_012804	644808952	1555209	1555688
NC_012804	644808955	1557230	1558231
NC_012804	644808954	1556761	1557240
NC_012804	644808957	1559337	1560128
NC_012804	644808956	1558372	1559340
NC_012804	644808959	1560473	1561630
NC_012804	644808958	1560173	1560415
NC_012804	644809132	1753853	1754563
NC_012804	644809133	1754560	1755111
NC_012804	644809134	1755203	1755790
NC_012804	644809135	1755787	1756953
NC_012804	644809136	1757015	1758142
NC_012804	644809137	1758213	1759577
NC_012804	644807666	363619	364551
NC_012804	644809427	1989633	1990211
NC_012804	644807664	361582	362484
NC_012804	644807665	362508	363635
NC_012804	644809422	1984458	1985807
NC_012804	644807663	360284	361456
NC_012804	644809420	1983734	1983880
NC_012804	644807515	224644	225063
NC_012804	644809064	1699426	1700013
NC_012804	644807668	365269	366162
NC_012804	644807669	366164	367144
NC_012804	644808399	1047955	1048272
NC_012804	644808398	1047584	1047958
NC_012804	644808393	1044687	1044878
NC_012804	644808392	1043535	1044692
NC_012804	644808391	1041645	1043450
NC_012804	644808390	1040995	1041675
NC_012804	644808397	1046524	1047597
NC_012804	644808396	1046255	1046518
NC_012804	644808395	1046062	1046265
NC_012804	644808394	1044939	1046018
NC_012804	644809060	1694498	1695211
NC_012804	644807513	223357	224085
NC_012804	644807718	425987	426844
NC_012804	644807719	426847	427317
NC_012804	644807712	419364	420035
NC_012804	644807713	420201	421577
NC_012804	644807710	418056	418490
NC_012804	644807711	418492	419301
NC_012804	644807716	424293	425309
NC_012804	644807717	425290	425892
NC_012804	644807714	421618	423561
NC_012804	644807715	423563	424171
NC_012804	644807842	521112	521603
NC_012804	644807843	521774	522382
NC_012804	644807840	520259	520645
NC_012804	644807841	520649	521056
NC_012804	644807846	522958	524298
NC_012804	644807847	524295	525035
NC_012804	644807844	522415	522651
NC_012804	644807845	522716	522904
NC_012804	644808177	822835	823599
NC_012804	644808176	822216	822854
NC_012804	644807848	525160	525630
NC_012804	644807849	525627	526475
NC_012804	644808173	819201	821348
NC_012804	644808172	818133	819134
NC_012804	644808171	816961	818121
NC_012804	644808170	815988	816968
NC_012804	644808559	1182327	1182845
NC_012804	644808558	1181862	1182326
NC_012804	644808555	1178929	1180155
NC_012804	644808554	1178029	1178679
NC_012804	644808557	1180690	1181850
NC_012804	644808556	1180136	1180693
NC_012804	644808551	1175916	1176491
NC_012804	644808550	1174293	1175873
NC_012804	644808553	1177196	1177993
NC_012804	644808552	1176493	1176915
NC_012804	644808775	1385686	1386540
NC_012804	644808774	1384639	1385622
NC_012804	644808777	1387536	1388504
NC_012804	644808776	1386585	1387487
NC_012804	644808771	1381654	1382637
NC_012804	644808770	1380464	1381621
NC_012804	644808773	1383642	1384631
NC_012804	644808772	1382519	1383664
NC_012804	644808779	1389580	1390551
NC_012804	644808778	1388610	1389509
NC_012804	644807962	638373	638618
NC_012804	644808609	1231934	1234072
NC_012804	644808608	1231554	1231931
NC_012804	644808601	1222985	1226632
NC_012804	644808600	1220506	1220763
NC_012804	644808603	1227714	1228394
NC_012804	644808602	1226719	1227645
NC_012804	644808605	1229212	1229415
NC_012804	644808604	1228293	1229228
NC_012804	644808607	1230583	1231527
NC_012804	644808606	1229412	1230599
NC_012804	644809447	2007320	2007568
NC_012804	644809155	1774505	1774837
NC_012804	644807769	466676	468571
NC_012804	644808780	1390585	1391583
NC_012804	644807964	639057	639455
NC_012804	644808782	1392539	1392940
NC_012804	644807654	350280	352025
NC_012804	644807966	639986	640324
NC_012804	644808784	1394021	1394299
NC_012804	644809285	1883033	1883440
NC_012804	644807960	636574	636954
NC_012804	644807963	638680	639066
NC_012804	644808787	1395533	1396627
NC_012804	644808838	1440091	1440747
NC_012804	644807760	461834	463162
NC_012804	644807473	182301	182741
NC_012804	644807472	181367	182314
NC_012804	644807471	180117	181361
NC_012804	644807470	179692	180120
NC_012804	644807477	184734	185645
NC_012804	644807476	184254	184724
NC_012804	644807475	183678	184172
NC_012804	644807474	182728	183597
NC_012804	644807479	186737	190339
NC_012804	644807478	185651	186727
NC_012804	644807600	300588	302198
NC_012804	644809113	1738663	1739175
NC_012804	644807279	334	2187
NC_012804	644807278	2045139	2045438
NC_012804	644809110	1736554	1737150
NC_012804	644809111	1737137	1737883
NC_012804	644809116	1740482	1741537
NC_012804	644809417	1982138	1982950
NC_012804	644807605	305347	306276
NC_012804	644809446	2007057	2007329
NC_012804	644807607	306856	307587
NC_012804	644809448	2007596	2007802
NC_012804	644809449	2007780	2009486
NC_012804	644807385	94624	95811
NC_012804	644807384	94100	94651
NC_012804	644807387	96753	97889
NC_012804	644807386	95808	96746
NC_012804	644807381	91805	92026
NC_012804	644807380	91517	91741
NC_012804	644807383	93657	94073
NC_012804	644807382	92210	93073
NC_012804	644807389	98667	99512
NC_012804	644807388	97886	98596
NC_012804	644809099	1727131	1728612
NC_012804	644809098	1726251	1726985
NC_012804	644809097	1726020	1726241
NC_012804	644809096	1725128	1725958
NC_012804	644809093	1723308	1724819
NC_012804	644809092	1722949	1723209
NC_012804	644809091	1722629	1722877
NC_012804	644809090	1721844	1722623
NC_012804	644808942	1546297	1547283
NC_012804	644808943	1547378	1547836
NC_012804	644807659	355305	355496
NC_012804	644807658	354646	355176
NC_012804	644808946	1550877	1551914
NC_012804	644808947	1551914	1552801
NC_012804	644808944	1548003	1549295
NC_012804	644808945	1549313	1550884
NC_012804	644807653	348235	350244
NC_012804	644809144	1767608	1768684
NC_012804	644808948	1552803	1553786
NC_012804	644807650	344344	346098
NC_012804	644807657	353848	354585
NC_012804	644807656	352688	353743
NC_012804	644809415	1980589	1981515
NC_012804	644809142	1763192	1766098
NC_012804	644807499	207345	208112
NC_012804	644807498	206503	207348
NC_012804	644809389	1960167	1961168
NC_012804	644809388	1959669	1960271
NC_012804	644807491	200406	200996
NC_012804	644807490	199641	200399
NC_012804	644809381	1954084	1955088
NC_012804	644809380	1953368	1954087
NC_012804	644807495	204362	205768
NC_012804	644807494	203034	204188
NC_012804	644807497	206023	206454
NC_012804	644807496	205830	206021
NC_012804	644808388	1039377	1040171
NC_012804	644808389	1040168	1040989
NC_012804	644808384	1033694	1034311
NC_012804	644808385	1034322	1035383
NC_012804	644808386	1035393	1037609
NC_012804	644808387	1037606	1039153
NC_012804	644808380	1030567	1031280
NC_012804	644808381	1031277	1032221
NC_012804	644808382	1032252	1032722
NC_012804	644808383	1032761	1033735
NC_012804	644807729	435232	436290
NC_012804	644807728	434494	435216
NC_012804	644807727	433356	434501
NC_012804	644807726	432499	433380
NC_012804	644807725	432149	432430
NC_012804	644807724	431763	432152
NC_012804	644807723	430777	431736
NC_012804	644807722	430476	430721
NC_012804	644807721	429123	430388
NC_012804	644807720	427389	429113
NC_012804	644807877	550387	551019
NC_012804	644807876	549662	550390
NC_012804	644808162	809405	809860
NC_012804	644808163	809944	810360
NC_012804	644808164	810431	811237
NC_012804	644807872	546716	547315
NC_012804	644807871	545650	546792
NC_012804	644808167	812210	814372
NC_012804	644808168	814445	815008
NC_012804	644808169	815003	815986
NC_012804	644807879	551826	555026
NC_012804	644807878	551119	551808
NC_012804	644808548	1173403	1173789
NC_012804	644808549	1173786	1174283
NC_012804	644808546	1172389	1172646
NC_012804	644808547	1172643	1173410
NC_012804	644808544	1171653	1171937
NC_012804	644808545	1171934	1172392
NC_012804	644808542	1168286	1169773
NC_012804	644808543	1169770	1171656
NC_012804	644808540	1166274	1167275
NC_012804	644808541	1167238	1168167
NC_012804	644808766	1375119	1375601
NC_012804	644808767	1375601	1376983
NC_012804	644808764	1372667	1373689
NC_012804	644808765	1373746	1374930
NC_012804	644808762	1369835	1372249
NC_012804	644808763	1372121	1372666
NC_012804	644808760	1368206	1368703
NC_012804	644808761	1368535	1369818
NC_012804	644808768	1377193	1379715
NC_012804	644808769	1379628	1380620
NC_012804	644808618	1240969	1241922
NC_012804	644808619	1241919	1243169
NC_012804	644808612	1235323	1235616
NC_012804	644808613	1235613	1236812
NC_012804	644808611	1234436	1235182
NC_012804	644808616	1238938	1240158
NC_012804	644808617	1240389	1240922
NC_012804	644808614	1236809	1237708
NC_012804	644808615	1237755	1238897
NC_012804	644808178	823586	823786
NC_012804	644809314	1898070	1898801
NC_012804	644808889	1494778	1495752
NC_012804	644809315	1898801	1899166
NC_012804	644808888	1494509	1494706
NC_012804	644809316	1899177	1899602
NC_012804	644808340	995586	995807
NC_012804	644809317	1899606	1899950
NC_012804	644809236	1843975	1844622
NC_012804	644809235	1843637	1843903
NC_012804	644807407	118343	119029
NC_012804	644808343	1002632	1003222
NC_012804	644807404	116775	117041
NC_012804	644809233	1842712	1842885
NC_012804	644809232	1841827	1842570
NC_012804	644808346	1004168	1004500
NC_012804	644809230	1839377	1840627
NC_012804	644807907	586999	587736
NC_012804	644807906	585746	586945
NC_012804	644808012	677780	679360
NC_012804	644807904	584331	584639
NC_012804	644807903	583001	584368
NC_012804	644807902	582163	582915
NC_012804	644807901	581281	582024
NC_012804	644807900	580004	581251
NC_012804	644808403	1050947	1051183
NC_012804	644808402	1050103	1050774
NC_012804	644808153	801577	802464
NC_012804	644808155	803980	804864
NC_012804	644808154	802561	804030
NC_012804	644807464	174746	175936
NC_012804	644807465	175998	176483
NC_012804	644807466	176495	176845
NC_012804	644807467	176861	177100
NC_012804	644807460	171024	171680
NC_012804	644807461	171677	173014
NC_012804	644807462	173149	174150
NC_012804	644807463	174209	174742
NC_012804	644808404	1051193	1053181
NC_012804	644807468	177235	178734
NC_012804	644807469	178868	179695
NC_012804	644807396	108094	108741
NC_012804	644807397	108796	109023
NC_012804	644807394	105802	107673
NC_012804	644807395	107791	108126
NC_012804	644807392	102263	104212
NC_012804	644807393	104319	105731
NC_012804	644807390	99520	100923
NC_012804	644807391	100930	102261
NC_012804	644807398	109060	109734
NC_012804	644807399	109739	110959
NC_012804	644809080	1713950	1714735
NC_012804	644809081	1714736	1716451
NC_012804	644809082	1716511	1717863
NC_012804	644809083	1717860	1718261
NC_012804	644809084	1718307	1718645
NC_012804	644809085	1718684	1719958
NC_012804	644809086	1720029	1720232
NC_012804	644809088	1720626	1721306
NC_012804	644809089	1721316	1721663
NC_012804	644808132	785710	786450
NC_012804	644808977	1578157	1578540
NC_012804	644808976	1577388	1577876
NC_012804	644808975	1576500	1577318
NC_012804	644808974	1575247	1576452
NC_012804	644807648	342364	342825
NC_012804	644808972	1573293	1574300
NC_012804	644809158	1775804	1776439
NC_012804	644808970	1572345	1572953
NC_012804	644809156	1774838	1775293
NC_012804	644809157	1775295	1775813
NC_012804	644807646	341395	342072
NC_012804	644807647	342104	342388
NC_012804	644809152	1772200	1772388
NC_012804	644809153	1772411	1773664
NC_012804	644809150	1770358	1771536
NC_012804	644809151	1771600	1771992
NC_012804	644807488	197910	198824
NC_012804	644807489	198811	199644
NC_012804	644809398	1968994	1969380
NC_012804	644809399	1969377	1969601
NC_012804	644809394	1964766	1965776
NC_012804	644807483	193270	194289
NC_012804	644807480	190344	191402
NC_012804	644807481	191389	192900
NC_012804	644807486	195901	197100
NC_012804	644807487	197125	197913
NC_012804	644807484	194295	195392
NC_012804	644809393	1964424	1964765
NC_012804	644808371	1024338	1025660
NC_012804	644808370	1023854	1024363
NC_012804	644808373	1026025	1026558
NC_012804	644808372	1025657	1026028
NC_012804	644808375	1027370	1027738
NC_012804	644808374	1026571	1027359
NC_012804	644808377	1029151	1029720
NC_012804	644808376	1027889	1029085
NC_012804	644808379	1030346	1030534
NC_012804	644808378	1029786	1030349
NC_012804	644808033	698001	698606
NC_012804	644807660	355645	358557
NC_012804	644807730	436281	437084
NC_012804	644807731	437150	439033
NC_012804	644807732	439030	439710
NC_012804	644807733	439716	440294
NC_012804	644807734	440396	442099
NC_012804	644807735	442197	443039
NC_012804	644807736	443148	443576
NC_012804	644807737	443573	443911
NC_012804	644807738	444004	444174
NC_012804	644807739	444210	445586
NC_012804	644808129	783851	784702
NC_012804	644808115	771235	771975
NC_012804	644808114	769819	771180
NC_012804	644808117	773013	774173
NC_012804	644808116	771972	773006
NC_012804	644808111	766420	767817
NC_012804	644808110	766028	766423
NC_012804	644808113	768561	769736
NC_012804	644808112	767814	768557
NC_012804	644808119	775486	776100
NC_012804	644808118	774253	775278
NC_012804	644808285	936608	938443
NC_012804	644808284	936175	936597
NC_012804	644808287	939271	942537
NC_012804	644808286	938436	938960
NC_012804	644808281	934549	935166
NC_012804	644808280	930372	934469
NC_012804	644808283	935802	936191
NC_012804	644808282	935163	935774
NC_012804	644808289	944083	945249
NC_012804	644808126	781480	782379
NC_012804	644808127	782455	783159
NC_012804	644808573	1194680	1196590
NC_012804	644808572	1193355	1194641
NC_012804	644808571	1192601	1193353
NC_012804	644808978	1578545	1578916
NC_012804	644808577	1198530	1198973
NC_012804	644808576	1198012	1198473
NC_012804	644808575	1197462	1198025
NC_012804	644808574	1196562	1197452
NC_012804	644808579	1199672	1200496
NC_012804	644808578	1198963	1199655
NC_012804	644808029	694653	695495
NC_012804	644808028	694022	694528
NC_012804	644808759	1367856	1368113
NC_012804	644808758	1367108	1367809
NC_012804	644808753	1359992	1360681
NC_012804	644808752	1359363	1359980
NC_012804	644808023	687537	688415
NC_012804	644808750	1357798	1358961
NC_012804	644808757	1364764	1367091
NC_012804	644808756	1363326	1364681
NC_012804	644808027	692541	693776
NC_012804	644808026	691305	692477
NC_012804	644808599	1219824	1220513
NC_012804	644808598	1219050	1219823
NC_012804	644808591	1212363	1213037
NC_012804	644808590	1211451	1212251
NC_012804	644808593	1213503	1214507
NC_012804	644808592	1213099	1213503
NC_012804	644808595	1215293	1217296
NC_012804	644808594	1214508	1215311
NC_012804	644808597	1218014	1219060
NC_012804	644808596	1217297	1218013
NC_012804	644807868	540851	542068
NC_012804	644807869	542357	543823
NC_012804	644807860	532677	533546
NC_012804	644807861	533546	534436
NC_012804	644807862	534437	534784
NC_012804	644807863	535041	536051
NC_012804	644807864	536120	537130
NC_012804	644807865	537162	537845
NC_012804	644807866	537857	538162
NC_012804	644807867	538253	540877
NC_012804	644808629	1252554	1253054
NC_012804	644808628	1252235	1252495
NC_012804	644808627	1251464	1252225
NC_012804	644808626	1250425	1251432
NC_012804	644808625	1249745	1250392
NC_012804	644808624	1248329	1249612
NC_012804	644808623	1247034	1248239
NC_012804	644808622	1245695	1246930
NC_012804	644808621	1244653	1245441
NC_012804	644808620	1243360	1244598
NC_012804	644808655	1274708	1274881
NC_012804	644808362	1018808	1018951
NC_012804	644808719	1330774	1331868
NC_012804	644808363	1018948	1019274
NC_012804	644807997	665752	667011
NC_012804	644808717	1329061	1329930
NC_012804	644808716	1328086	1329006
NC_012804	644809408	1975932	1976246
NC_012804	644808659	1276303	1276818
NC_012804	644808368	1022126	1022626
NC_012804	644809182	1799613	1799801
NC_012804	644809409	1976431	1977777
NC_012804	644808941	1545350	1546294
NC_012804	644808938	1543658	1544035
NC_012804	644809405	1973590	1974834
NC_012804	644808044	708357	709106
NC_012804	644808230	866220	867383
NC_012804	644809406	1974877	1975668
NC_012804	644808968	1571248	1571799
NC_012804	644808969	1571857	1572348
NC_012804	644808960	1561636	1562562
NC_012804	644808961	1562559	1563824
NC_012804	644808962	1563898	1565286
NC_012804	644808963	1565233	1566036
NC_012804	644808965	1566071	1567282
NC_012804	644808966	1567307	1568908
NC_012804	644808967	1568982	1571186
NC_012804	644809163	1781045	1781914
NC_012804	644809162	1780107	1781045
NC_012804	644809161	1778463	1780097
NC_012804	644809160	1777090	1778238
NC_012804	644809167	1785112	1787289
NC_012804	644809166	1784383	1785117
NC_012804	644809165	1783016	1784299
NC_012804	644809164	1781925	1783013
NC_012804	644809169	1787651	1790200
NC_012804	644809168	1787286	1787564
NC_012804	644809468	2027223	2028188
NC_012804	644809361	1936592	1937356
NC_012804	644809360	1935846	1936595
NC_012804	644809363	1938075	1938857
NC_012804	644809362	1937353	1938063
NC_012804	644809365	1939062	1939652
NC_012804	644809364	1938895	1939152
NC_012804	644809367	1940505	1941191
NC_012804	644809366	1939744	1940328
NC_012804	644809369	1942888	1943775
NC_012804	644809368	1941193	1942770
NC_012804	644807881	557441	557611
NC_012804	644809189	1804151	1805398
NC_012804	644809188	1803702	1804073
NC_012804	644808360	1017164	1018054
NC_012804	644808361	1018065	1018808
NC_012804	644808366	1020733	1021182
NC_012804	644808367	1021369	1021989
NC_012804	644808364	1019258	1020193
NC_012804	644808365	1020190	1020630
NC_012804	644809181	1798815	1799603
NC_012804	644809180	1797509	1798774
NC_012804	644809183	1799838	1801640
NC_012804	644808369	1022720	1023847
NC_012804	644809185	1802594	1803127
NC_012804	644809184	1801657	1802421
NC_012804	644809187	1803416	1803628
NC_012804	644809186	1803207	1803413
NC_012804	644809462	2020927	2021178
NC_012804	644809402	1970483	1971118
NC_012804	644807623	323937	324230
NC_012804	644809460	2019553	2020179
NC_012804	644809461	2020145	2020864
NC_012804	644807626	327173	328198
NC_012804	644807627	328195	329367
NC_012804	644807745	449261	449425
NC_012804	644807744	448875	449264
NC_012804	644807747	449869	451038
NC_012804	644807746	449462	449866
NC_012804	644807741	447476	448018
NC_012804	644807740	445592	447433
NC_012804	644807743	448579	448878
NC_012804	644807742	447996	448550
NC_012804	644809465	2023868	2024479
NC_012804	644807749	452241	452909
NC_012804	644807748	451040	452092
