NC_006624	638207478	1156756	1157964
NC_006624	638207479	1158093	1158296
NC_006624	638207474	1150948	1151769
NC_006624	638207475	1151766	1155200
NC_006624	638207476	1155294	1156139
NC_006624	638207477	1156141	1156665
NC_006624	638207470	1147267	1148715
NC_006624	638207471	1148761	1149906
NC_006624	638207472	1150019	1150633
NC_006624	638207473	1150605	1150808
NC_006624	638207679	1325817	1326014
NC_006624	638207672	1323188	1323517
NC_006624	638207673	1323518	1323673
NC_006624	638207670	1322013	1322774
NC_006624	638207671	1322780	1323079
NC_006624	638207676	1324480	1325505
NC_006624	638207677	1325512	1325685
NC_006624	638207675	1323861	1324466
NC_006624	638207651	1307343	1307717
NC_006624	638207588	1242660	1243682
NC_006624	638207589	1243688	1244338
NC_006624	638207580	1237010	1237264
NC_006624	638207581	1237261	1238655
NC_006624	638207582	1238652	1239053
NC_006624	638207583	1239110	1240384
NC_006624	638207584	1240468	1240671
NC_006624	638207585	1241010	1241477
NC_006624	638207587	1242269	1242589
NC_006624	638207977	1596678	1597835
NC_006624	638207266	969437	969685
NC_006624	638208220	1821063	1821620
NC_006624	638207086	805761	805919
NC_006624	638208221	1821761	1822045
NC_006624	638206548	333489	334460
NC_006624	638208222	1822207	1823175
NC_006624	638208223	1823205	1823972
NC_006624	638208224	1823959	1824777
NC_006624	638208225	1824764	1825648
NC_006624	638208226	1825750	1826253
NC_006624	638208227	1826328	1826603
NC_006624	638207080	801254	801445
NC_006624	638208141	1759502	1759912
NC_006624	638206393	209592	210221
NC_006624	638206541	328262	329065
NC_006624	638207269	971238	972575
NC_006624	638206540	328028	328258
NC_006624	638206334	160259	160825
NC_006624	638206335	160822	161271
NC_006624	638206336	161268	161486
NC_006624	638206337	161529	162452
NC_006624	638206330	156798	158051
NC_006624	638206331	158119	158970
NC_006624	638206332	158900	159739
NC_006624	638206333	159796	160206
NC_006624	638206998	734776	735081
NC_006624	638206999	735094	735684
NC_006624	638206338	162537	163997
NC_006624	638206339	164104	165147
NC_006624	638206308	136500	138221
NC_006624	638207067	791177	791797
NC_006624	638208045	1667258	1668700
NC_006624	638207065	790056	790604
NC_006624	638207064	789714	790007
NC_006624	638207063	788488	789669
NC_006624	638207062	788022	788318
NC_006624	638207061	787672	788019
NC_006624	638207060	786963	787583
NC_006624	638206514	306936	307601
NC_006624	638206516	308119	308850
NC_006624	638206517	309054	309629
NC_006624	638208048	1670153	1672099
NC_006624	638206511	305441	305869
NC_006624	638207069	793208	793414
NC_006624	638206513	306082	306936
NC_006624	638206198	50132	50470
NC_006624	638206199	50467	51036
NC_006624	638206306	135285	135722
NC_006624	638206190	41810	43432
NC_006624	638206191	43443	45182
NC_006624	638206192	45179	47173
	638206193		
NC_006624	638206194	47208	47866
NC_006624	638206195	47909	48538
NC_006624	638206196	48676	49878
NC_006624	638206197	49892	50059
NC_006624	638207113	831299	833107
NC_006624	638207112	830464	831201
NC_006624	638207111	829724	830467
NC_006624	638207110	828174	829625
NC_006624	638207117	838386	840368
NC_006624	638207116	838074	838340
NC_006624	638207115	836749	837990
NC_006624	638207114	833208	833774
NC_006624	638206420	230474	231562
NC_006624	638206421	231568	232323
NC_006624	638206422	232333	233325
NC_006624	638206423	233322	234143
NC_006624	638206424	234170	234331
NC_006624	638206425	234426	235469
NC_006624	638206426	235457	235948
NC_006624	638206427	235945	237087
NC_006624	638208138	1757132	1757554
NC_006624	638208139	1757597	1758829
NC_006624	638208278	1872911	1873282
NC_006624	638208175	1784738	1785055
NC_006624	638208130	1749412	1749861
NC_006624	638208131	1749858	1750556
NC_006624	638208132	1750519	1751619
NC_006624	638208133	1751820	1752896
NC_006624	638208134	1752898	1753539
NC_006624	638207735	1361377	1361814
NC_006624	638208136	1755547	1756203
NC_006624	638208137	1756236	1757012
NC_006624	638208426	2015730	2016653
NC_006624	638206601	377691	378353
NC_006624	638206602	378350	379951
NC_006624	638207734	1359119	1361380
NC_006624	638206604	381110	381853
NC_006624	638206605	381855	383057
NC_006624	638208420	2009245	2010744
NC_006624	638206607	383594	384574
NC_006624	638206608	384587	385000
NC_006624	638208170	1779660	1780016
NC_006624	638208428	2017485	2018900
NC_006624	638206649	425738	427000
NC_006624	638207731	1356499	1357080
NC_006624	638207730	1355261	1356418
NC_006624	638207805	1429391	1430959
NC_006624	638207804	1428855	1429283
NC_006624	638207807	1431359	1431832
NC_006624	638207806	1430970	1431356
NC_006624	638207801	1424166	1424678
NC_006624	638207800	1423289	1424143
NC_006624	638207803	1425336	1428809
NC_006624	638207802	1424842	1425336
NC_006624	638207809	1433105	1433947
NC_006624	638207808	1431839	1433032
NC_006624	638207481	1158591	1158968
NC_006624	638207480	1158299	1158511
NC_006624	638207483	1160361	1160972
NC_006624	638207482	1159036	1160220
NC_006624	638207485	1162366	1164261
NC_006624	638207484	1161006	1162310
NC_006624	638207487	1165339	1165758
NC_006624	638207486	1164379	1165332
NC_006624	638207489	1166469	1166624
NC_006624	638207488	1165797	1166390
NC_006624	638206641	417406	418014
NC_006624	638208425	2014623	2015639
NC_006624	638206642	418035	418673
NC_006624	638207649	1305914	1306927
NC_006624	638207648	1305129	1305917
NC_006624	638207647	1304368	1305123
NC_006624	638207646	1303609	1304286
NC_006624	638207645	1302437	1303561
NC_006624	638207644	1300968	1302302
NC_006624	638207643	1299867	1300898
NC_006624	638207642	1299149	1299793
NC_006624	638207641	1297794	1299113
NC_006624	638207640	1296426	1297793
NC_006624	638206579	353731	354846
NC_006624	638208370	1953292	1954581
NC_006624	638207249	955687	955890
NC_006624	638207248	954993	955703
NC_006624	638207243	946439	947614
NC_006624	638207242	946117	946425
NC_006624	638207241	945680	946117
NC_006624	638207240	945226	945669
NC_006624	638207247	954178	954858
NC_006624	638207246	953731	953979
NC_006624	638207245	950342	953713
NC_006624	638207244	947616	950336
NC_006624	638208378	1962014	1965784
NC_006624	638208379	1965976	1966761
NC_006624	638207213	930107	930388
NC_006624	638208171	1780081	1781619
NC_006624	638206701	467377	467592
NC_006624	638207188	904197	904679
NC_006624	638206700	466090	467307
NC_006624	638207148	865631	866194
NC_006624	638207149	866229	867074
NC_006624	638206578	352962	353729
NC_006624	638207145	861873	863285
NC_006624	638207928	1538164	1539573
NC_006624	638207929	1539589	1540806
NC_006624	638208291	1880887	1881372
NC_006624	638208427	2016788	2017519
NC_006624	638208290	1880367	1880900
NC_006624	638207212	928940	929992
NC_006624	638208292	1881374	1881862
NC_006624	638208044	1666398	1667246
NC_006624	638206489	288501	288896
NC_006624	638208295	1883646	1884179
NC_006624	638208294	1882437	1883645
NC_006624	638206851	600141	600842
NC_006624	638206850	599440	600144
NC_006624	638206853	601810	602136
NC_006624	638206852	600839	601690
NC_006624	638206855	602657	603316
NC_006624	638206854	602133	602573
NC_006624	638206857	604721	606142
NC_006624	638206856	603388	604710
NC_006624	638206859	606601	607491
NC_006624	638206858	606275	606568
NC_006624	638208296	1884260	1885252
NC_006624	638207603	1252309	1254255
NC_006624	638208298	1886774	1887373
NC_006624	638207353	1045492	1046751
NC_006624	638206299	124673	126898
NC_006624	638206298	124319	124609
NC_006624	638206293	121220	121693
NC_006624	638207607	1258081	1259640
NC_006624	638206291	119802	120668
NC_006624	638206290	118919	119800
NC_006624	638206297	123409	124335
NC_006624	638206296	123181	123408
NC_006624	638206295	122748	123179
NC_006624	638206294	122193	122597
NC_006624	638208046	1668794	1669126
NC_006624	638207362	1053445	1053705
NC_006624	638207357	1049401	1050282
NC_006624	638207604	1254265	1254876
NC_006624	638206639	415964	416614
NC_006624	638208503	2078262	2079062
NC_006624	638208502	2077801	2078250
NC_006624	638208107	1733101	1733214
NC_006624	638208458	2045225	2046121
NC_006624	638208040	1660350	1660829
NC_006624	638208457	2044519	2045268
NC_006624	638208456	2043108	2044301
NC_006624	638208455	2041920	2043056
NC_006624	638208454	2040895	2041830
NC_006624	638208453	2040414	2040914
NC_006624	638208041	1660818	1661735
NC_006624	638206634	412622	414037
NC_006624	638207104	821885	823309
NC_006624	638207105	823549	824253
NC_006624	638207106	824338	824760
NC_006624	638207107	824754	825935
NC_006624	638207100	818467	819258
NC_006624	638207101	819362	820207
NC_006624	638207102	820214	821134
NC_006624	638207103	821149	821880
NC_006624	638206455	261445	262665
NC_006624	638206457	262918	263226
NC_006624	638206636	414652	414996
NC_006624	638207108	826005	827024
NC_006624	638207109	827118	828152
NC_006624	638208419	2006639	2009239
NC_006624	638208418	2005291	2006478
NC_006624	638208149	1764852	1765907
NC_006624	638208148	1764239	1764703
NC_006624	638208042	1661732	1662787
NC_006624	638208144	1762269	1762646
NC_006624	638208147	1763693	1764244
NC_006624	638208410	1995834	1997165
NC_006624	638208417	2004323	2005162
NC_006624	638208416	2003814	2004320
NC_006624	638208415	2003314	2003814
NC_006624	638208414	2001336	2003114
NC_006624	638206675	446942	449644
NC_006624	638206674	446039	446890
NC_006624	638206677	451226	451741
NC_006624	638206676	449690	450997
NC_006624	638206671	443676	444887
NC_006624	638206150	9581	10831
NC_006624	638206673	445438	446055
NC_006624	638206672	444974	445426
NC_006624	638208383	1971371	1971775
NC_006624	638208382	1970907	1971365
NC_006624	638208381	1969499	1970755
NC_006624	638208380	1967002	1969506
NC_006624	638206679	451995	452342
NC_006624	638206678	451822	451983
NC_006624	638208385	1972605	1973954
NC_006624	638208384	1971785	1972498
NC_006624	638207816	1437507	1438325
NC_006624	638207817	1438318	1439067
NC_006624	638207814	1436729	1437142
NC_006624	638207815	1437194	1437475
NC_006624	638208281	1873835	1874284
NC_006624	638207813	1435944	1436648
NC_006624	638207810	1433990	1434994
NC_006624	638207811	1434981	1435373
NC_006624	638207070	793404	793853
NC_006624	638207071	793850	795739
NC_006624	638207072	795783	796283
NC_006624	638207073	796449	796964
NC_006624	638207074	797049	798275
NC_006624	638207075	798291	799037
NC_006624	638207818	1439051	1439824
NC_006624	638207819	1439821	1440531
NC_006624	638207492	1167677	1167910
NC_006624	638207493	1168179	1169333
NC_006624	638207490	1166635	1166907
NC_006624	638207491	1166935	1167624
NC_006624	638207496	1171697	1172572
NC_006624	638207497	1172747	1172953
NC_006624	638207494	1169354	1170148
NC_006624	638207495	1170252	1171697
NC_006624	638207498	1172940	1173701
NC_006624	638207499	1173698	1174312
NC_006624	638207650	1306924	1307346
NC_006624	638206708	476513	477787
NC_006624	638207652	1307754	1308629
NC_006624	638207653	1308667	1309731
NC_006624	638207654	1309793	1310626
NC_006624	638207655	1310628	1311698
NC_006624	638207658	1312643	1313986
NC_006624	638207659	1314090	1314893
NC_006624	638206703	468373	469542
NC_006624	638206702	467720	468376
NC_006624	638206705	473436	474881
NC_006624	638206704	471763	473373
NC_006624	638206707	475995	476453
NC_006624	638206706	474984	475985
NC_006624	638208099	1725960	1726709
NC_006624	638208098	1725325	1725963
NC_006624	638208096	1724284	1724862
NC_006624	638208095	1722568	1723539
NC_006624	638208094	1721823	1722509
NC_006624	638208093	1716351	1721747
NC_006624	638208092	1714143	1716350
NC_006624	638208091	1712896	1714143
NC_006624	638208090	1710957	1711988
NC_006624	638207258	964929	965510
NC_006624	638207259	965514	966113
NC_006624	638207254	962096	963007
NC_006624	638207255	963055	963258
NC_006624	638207256	963276	964475
NC_006624	638207257	964693	964932
NC_006624	638207250	955887	957074
NC_006624	638207251	957058	957861
NC_006624	638207252	957953	958321
NC_006624	638207253	958323	962012
NC_006624	638208163	1774591	1775238
NC_006624	638207324	1021899	1022300
NC_006624	638207853	1464804	1467041
NC_006624	638207520	1187731	1187931
NC_006624	638207850	1462335	1463000
NC_006624	638207851	1463043	1463657
NC_006624	638206637	415002	415598
NC_006624	638207320	1014678	1015094
NC_006624	638208162	1773673	1774587
NC_006624	638207857	1469047	1469568
NC_006624	638207322	1018017	1021394
NC_006624	638207855	1468318	1468455
NC_006624	638208161	1772755	1773615
NC_006624	638208399	1983676	1984428
NC_006624	638208160	1772246	1772764
NC_006624	638208432	2019861	2020523
NC_006624	638208167	1777389	1777913
NC_006624	638208303	1890109	1890615
NC_006624	638207163	877705	877974
NC_006624	638208301	1888419	1888724
NC_006624	638208202	1805623	1805955
NC_006624	638207161	875761	876579
NC_006624	638207516	1186406	1186591
NC_006624	638207166	879706	879921
NC_006624	638207515	1185508	1186419
NC_006624	638208306	1895324	1895776
NC_006624	638208287	1877661	1878941
NC_006624	638207514	1185111	1185452
NC_006624	638208305	1894421	1895260
NC_006624	638208206	1808179	1808349
NC_006624	638208304	1890746	1894129
NC_006624	638208207	1808351	1808506
NC_006624	638207511	1182957	1183340
NC_006624	638207510	1182598	1182957
NC_006624	638208309	1896988	1897908
NC_006624	638208308	1896432	1896920
NC_006624	638206842	591823	592917
NC_006624	638206843	593163	593936
NC_006624	638206840	588965	590695
NC_006624	638206841	590774	591775
NC_006624	638206846	595269	595910
NC_006624	638206847	595894	596355
NC_006624	638206844	593974	594702
NC_006624	638206845	594659	595240
NC_006624	638206848	596355	598295
NC_006624	638206849	598265	599344
NC_006624	638208169	1779321	1779656
NC_006624	638206288	117417	118226
NC_006624	638206289	118216	118887
NC_006624	638206284	113946	115304
NC_006624	638206285	115418	116092
NC_006624	638206286	116138	117142
NC_006624	638206287	117223	117366
NC_006624	638206280	109831	111774
NC_006624	638206281	111775	112236
NC_006624	638206282	112223	112381
NC_006624	638206283	112384	113760
NC_006624	638208168	1777901	1778932
NC_006624	638207204	917340	917993
NC_006624	638208052	1675211	1675441
NC_006624	638206448	255395	255937
NC_006624	638206449	255969	257720
NC_006624	638206446	252524	253852
NC_006624	638206447	253865	255184
NC_006624	638206444	250545	251840
NC_006624	638206445	252188	252502
NC_006624	638206442	247968	248876
NC_006624	638206443	248939	250339
NC_006624	638206440	246480	246971
NC_006624	638206441	246981	247805
NC_006624	638207711	1342194	1342925
NC_006624	638207710	1341629	1342180
NC_006624	638207713	1343302	1343727
NC_006624	638207712	1342925	1343290
NC_006624	638207715	1344072	1344449
NC_006624	638207714	1343731	1344075
NC_006624	638207717	1344638	1344838
NC_006624	638208159	1770994	1772271
NC_006624	638207719	1345460	1345930
NC_006624	638207718	1344825	1345454
NC_006624	638208154	1768373	1769443
NC_006624	638208155	1769571	1770155
NC_006624	638208152	1767182	1767988
NC_006624	638208153	1767985	1768362
NC_006624	638208150	1765952	1766785
NC_006624	638208403	1988986	1989774
NC_006624	638206666	440441	441148
NC_006624	638206667	441323	442189
NC_006624	638206664	438154	438954
NC_006624	638206665	438967	440403
NC_006624	638206662	437045	437527
NC_006624	638206663	437505	438062
NC_006624	638206660	435287	436480
NC_006624	638206661	436524	437045
NC_006624	638208394	1979969	1980592
NC_006624	638208395	1980587	1981045
NC_006624	638208396	1981049	1981981
NC_006624	638208397	1982098	1983000
NC_006624	638208390	1977499	1977807
NC_006624	638208391	1977922	1978503
NC_006624	638206668	442256	442627
NC_006624	638206669	442632	443012
NC_006624	638207829	1445837	1446520
NC_006624	638207828	1445503	1445724
NC_006624	638207399	1083046	1083324
NC_006624	638207398	1082492	1083040
NC_006624	638207823	1442106	1442426
NC_006624	638207822	1441664	1442131
NC_006624	638207397	1081442	1082545
NC_006624	638207396	1079884	1081146
NC_006624	638207827	1445070	1445516
NC_006624	638207390	1075023	1075277
NC_006624	638207393	1076702	1077961
NC_006624	638207392	1076043	1076543
NC_006624	638207237	944041	944229
NC_006624	638207009	742674	742829
NC_006624	638207008	742270	742590
NC_006624	638207005	740432	741268
NC_006624	638207004	738567	740432
NC_006624	638207007	742074	742286
NC_006624	638207006	741455	742039
NC_006624	638207001	736507	736686
NC_006624	638207000	735810	736505
NC_006624	638207003	737964	738428
NC_006624	638207002	736710	737807
NC_006624	638207625	1276139	1276801
NC_006624	638207624	1274829	1275929
NC_006624	638207627	1277405	1278976
NC_006624	638207626	1276798	1277253
NC_006624	638207621	1271840	1272850
NC_006624	638207620	1270740	1271816
NC_006624	638207623	1273778	1274836
NC_006624	638207622	1272852	1273781
NC_006624	638206712	479842	480384
NC_006624	638206713	480374	480907
NC_006624	638206710	478483	478776
NC_006624	638206711	478716	479786
NC_006624	638207629	1280636	1281220
NC_006624	638206717	485314	485655
NC_006624	638206714	480943	481491
NC_006624	638206715	481588	481863
NC_006624	638208080	1699834	1700376
NC_006624	638208081	1700422	1701696
NC_006624	638208082	1701899	1704265
NC_006624	638208083	1704326	1705072
NC_006624	638208084	1705091	1705354
NC_006624	638208085	1705469	1706242
NC_006624	638208086	1706358	1707086
NC_006624	638208087	1707097	1707480
NC_006624	638208088	1707477	1708235
NC_006624	638208089	1708270	1710780
NC_006624	638207306	999917	1000345
NC_006624	638207307	1000442	1000912
NC_006624	638207304	997780	999147
NC_006624	638207539	1198535	1198792
NC_006624	638207538	1198350	1198538
NC_006624	638207305	999208	999948
NC_006624	638207531	1193886	1196084
NC_006624	638208408	1994059	1994787
NC_006624	638207533	1196940	1197092
NC_006624	638207532	1196552	1196938
NC_006624	638207535	1197612	1197800
NC_006624	638207534	1197097	1197615
NC_006624	638207537	1198003	1198353
NC_006624	638206784	533360	534499
NC_006624	638207716	1344335	1344631
NC_006624	638208443	2030240	2031112
NC_006624	638208404	1989815	1991011
NC_006624	638208405	1991146	1992291
NC_006624	638208406	1992281	1993384
NC_006624	638208407	1993423	1994022
NC_006624	638208400	1984472	1985818
NC_006624	638208401	1986054	1987625
NC_006624	638208402	1987638	1988951
NC_006624	638208151	1766791	1767171
NC_006624	638207096	814400	814852
NC_006624	638208016	1634957	1635259
NC_006624	638208015	1634347	1634952
NC_006624	638207095	813374	814387
NC_006624	638208398	1982997	1983410
NC_006624	638207093	812130	812345
NC_006624	638206549	334547	335689
NC_006624	638207091	810411	811586
NC_006624	638208392	1978500	1979087
NC_006624	638207099	817493	818467
NC_006624	638208448	2035768	2036352
NC_006624	638208237	1833808	1834260
NC_006624	638207395	1078754	1079887
NC_006624	638207394	1078115	1078669
NC_006624	638207821	1441389	1441610
NC_006624	638207820	1440543	1441325
NC_006624	638207391	1075274	1075807
NC_006624	638207826	1443160	1445073
NC_006624	638207825	1442817	1443074
NC_006624	638207523	1189638	1190582
NC_006624	638207824	1442437	1442724
NC_006624	638206877	623092	624147
NC_006624	638206876	622314	623111
NC_006624	638206875	621508	622326
NC_006624	638206874	620861	621091
NC_006624	638206873	620633	620860
NC_006624	638206872	618618	620636
NC_006624	638206871	618175	618621
NC_006624	638206870	617458	618120
NC_006624	638207232	941486	941620
NC_006624	638208491	2070287	2070790
NC_006624	638206879	624559	625098
NC_006624	638206878	624144	624640
NC_006624	638208490	2069926	2070282
NC_006624	638207944	1556023	1557003
NC_006624	638207945	1557004	1557972
NC_006624	638206271	103132	103302
NC_006624	638206270	102544	103086
NC_006624	638206273	103725	104141
NC_006624	638206272	103299	103730
NC_006624	638206275	105137	106840
NC_006624	638206274	104215	105057
NC_006624	638206277	107594	108193
NC_006624	638206276	106946	107518
NC_006624	638206279	109221	109829
NC_006624	638206278	108190	109194
NC_006624	638207763	1391334	1391843
NC_006624	638207948	1559886	1560884
NC_006624	638206142	742	5754
NC_006624	638208499	2076297	2076500
NC_006624	638208498	2075664	2076260
NC_006624	638207769	1393382	1394151
NC_006624	638207231	941149	941493
NC_006624	638207238	944217	944462
NC_006624	638206385	203671	204114
NC_006624	638206384	202845	203666
NC_006624	638206387	205214	205825
NC_006624	638206386	204336	205217
NC_006624	638206381	201502	201840
NC_006624	638206380	200490	201428
NC_006624	638206383	202515	202844
NC_006624	638206382	201809	202480
NC_006624	638206389	207022	207555
NC_006624	638206388	205812	206942
NC_006624	638207236	943598	943990
NC_006624	638206473	277431	278501
NC_006624	638206472	276355	277434
NC_006624	638206471	275954	276307
NC_006624	638206470	274987	275706
NC_006624	638206477	280602	281258
NC_006624	638206476	279721	280479
NC_006624	638206475	279266	279724
NC_006624	638208272	1867575	1869740
NC_006624	638206479	281856	282815
NC_006624	638206478	281381	281815
NC_006624	638207230	940949	941152
NC_006624	638207702	1337835	1338302
NC_006624	638207703	1338314	1339021
NC_006624	638206659	434191	435168
NC_006624	638206658	433496	434194
NC_006624	638207706	1340091	1340471
NC_006624	638208166	1776688	1777395
NC_006624	638207704	1339018	1339623
NC_006624	638207705	1339634	1340086
NC_006624	638206653	429810	431135
NC_006624	638206652	428544	429809
NC_006624	638206651	427492	428487
NC_006624	638207709	1341457	1341627
NC_006624	638206657	433142	433483
NC_006624	638206656	431628	432995
NC_006624	638206655	431363	431635
NC_006624	638206654	431139	431366
NC_006624	638206499	294379	295158
NC_006624	638206498	293446	294252
NC_006624	638208363	1944832	1945959
NC_006624	638208362	1942721	1944679
NC_006624	638208275	1870936	1871964
NC_006624	638208367	1948630	1949937
NC_006624	638208366	1947431	1948549
NC_006624	638206491	289248	289856
NC_006624	638206490	288893	289261
NC_006624	638206493	290233	290691
NC_006624	638207235	943296	943601
NC_006624	638206495	290879	291721
NC_006624	638206494	290684	290848
NC_006624	638206497	292096	293439
NC_006624	638206496	291682	291999
NC_006624	638207838	1450625	1451821
NC_006624	638207839	1451911	1452897
NC_006624	638207388	1074353	1074637
NC_006624	638207389	1074634	1075026
NC_006624	638207386	1073302	1073646
NC_006624	638207835	1449354	1449776
NC_006624	638207384	1069971	1071821
NC_006624	638207385	1071818	1073305
NC_006624	638207382	1068476	1069057
NC_006624	638207383	1069077	1069970
NC_006624	638207380	1066703	1067887
NC_006624	638207381	1067898	1068431
NC_006624	638206719	486187	486753
NC_006624	638207018	749775	750188
NC_006624	638207019	750185	750622
NC_006624	638207016	748511	749086
NC_006624	638207017	749083	749778
NC_006624	638207014	746120	747571
NC_006624	638207015	747568	748506
NC_006624	638207012	744332	745339
NC_006624	638207013	745395	746117
NC_006624	638207010	742826	744121
NC_006624	638207011	744178	744354
NC_006624	638207636	1290697	1293600
NC_006624	638208504	2079099	2080124
NC_006624	638208507	2083017	2083373
NC_006624	638208506	2082285	2082995
NC_006624	638207632	1283062	1283679
NC_006624	638207633	1283733	1284920
NC_006624	638206729	497919	499931
NC_006624	638206728	497257	497814
NC_006624	638206727	496164	497225
NC_006624	638206726	494306	496153
NC_006624	638206725	492667	494121
NC_006624	638206724	491513	492589
NC_006624	638206723	490262	491389
NC_006624	638206722	489728	490228
NC_006624	638206721	487226	489724
NC_006624	638206720	486810	487229
NC_006624	638208472	2055776	2056093
NC_006624	638206716	482060	483424
NC_006624	638208474	2057302	2057565
NC_006624	638208477	2059408	2059599
NC_006624	638208476	2058840	2059247
NC_006624	638208219	1820289	1821029
NC_006624	638208218	1818947	1820311
NC_006624	638207528	1192601	1192801
NC_006624	638207529	1192794	1193069
NC_006624	638208211	1812620	1813612
NC_006624	638208210	1811855	1812589
NC_006624	638208213	1814243	1814662
NC_006624	638208212	1813740	1814129
NC_006624	638208215	1816070	1817104
NC_006624	638208214	1814931	1816064
NC_006624	638208217	1817930	1818817
NC_006624	638208216	1817101	1817847
NC_006624	638208189	1796231	1797247
NC_006624	638208188	1795066	1796226
NC_006624	638208181	1789852	1790799
NC_006624	638208180	1788782	1789777
NC_006624	638208183	1791675	1792061
NC_006624	638208182	1790807	1791670
NC_006624	638208185	1792894	1793430
NC_006624	638208184	1792086	1792871
NC_006624	638208187	1794623	1794916
NC_006624	638208186	1793427	1794626
NC_006624	638207983	1602352	1603977
NC_006624	638207989	1607876	1608382
NC_006624	638206690	457583	458332
NC_006624	638206990	727185	727388
NC_006624	638206991	727370	727528
NC_006624	638206992	727622	728536
NC_006624	638206993	728631	729770
NC_006624	638206994	729827	730405
NC_006624	638206995	730589	731734
NC_006624	638206996	731706	732230
NC_006624	638206997	732331	734730
NC_006624	638206868	616124	616861
NC_006624	638206869	616862	617371
NC_006624	638206860	607491	608423
NC_006624	638206861	608423	609370
NC_006624	638206862	609465	610094
NC_006624	638206863	610422	611945
NC_006624	638206864	612035	613669
NC_006624	638206865	613666	614613
NC_006624	638206866	614600	615361
NC_006624	638206867	615358	616119
NC_006624	638208339	1920531	1921433
NC_006624	638206262	96561	96755
NC_006624	638206263	96924	98375
NC_006624	638206260	93811	95289
NC_006624	638206261	95291	96451
NC_006624	638206266	99165	100322
NC_006624	638206267	100387	101631
NC_006624	638206264	98368	98886
NC_006624	638206265	98879	99175
NC_006624	638206268	101654	101944
NC_006624	638206269	101963	102472
NC_006624	638206167	22004	22657
NC_006624	638208047	1669083	1670156
NC_006624	638207530	1193072	1193737
NC_006624	638206518	309673	310149
NC_006624	638206519	310235	311380
NC_006624	638206163	18518	19522
NC_006624	638208043	1662798	1666394
NC_006624	638207184	900882	901121
NC_006624	638208324	1909619	1910116
NC_006624	638207536	1197797	1198006
NC_006624	638207186	902432	903310
NC_006624	638206510	304493	305431
NC_006624	638208049	1672068	1672748
NC_006624	638206396	212041	212724
NC_006624	638206397	212721	213698
NC_006624	638206394	210218	211228
NC_006624	638206395	211212	211940
NC_006624	638206392	208824	209582
NC_006624	638206699	465205	465717
NC_006624	638206390	207552	208139
NC_006624	638206391	208141	208842
NC_006624	638207068	791886	793208
NC_006624	638206398	213680	214981
NC_006624	638206399	214978	215556
NC_006624	638206464	270085	270807
NC_006624	638206465	270804	271049
NC_006624	638206466	271044	272021
NC_006624	638206467	272104	272862
NC_006624	638206460	267114	267446
NC_006624	638206461	267439	267711
NC_006624	638206462	267745	268818
NC_006624	638206463	268852	269940
NC_006624	638206468	272873	273172
NC_006624	638206469	273268	274800
NC_006624	638208174	1784139	1784696
NC_006624	638207736	1361859	1363139
NC_006624	638208176	1785066	1786253
NC_006624	638208177	1786259	1787194
NC_006624	638207733	1358195	1359025
NC_006624	638207732	1357293	1358192
NC_006624	638208172	1781702	1783030
NC_006624	638208173	1782968	1783930
NC_006624	638206644	419991	421307
NC_006624	638206645	421371	423464
NC_006624	638206646	423621	424775
NC_006624	638208178	1787258	1787575
NC_006624	638208179	1787587	1788771
NC_006624	638207739	1364650	1366116
NC_006624	638207738	1363688	1364602
NC_006624	638208372	1955356	1957497
NC_006624	638208373	1957500	1958081
NC_006624	638206488	287789	288322
NC_006624	638208371	1954652	1955311
NC_006624	638208376	1960100	1961074
NC_006624	638208377	1961142	1962017
NC_006624	638208374	1958207	1959153
NC_006624	638208375	1959487	1960083
NC_006624	638206482	284164	285159
NC_006624	638206483	285156	285842
NC_006624	638206480	282812	283210
NC_006624	638206481	283287	284138
NC_006624	638206486	286459	287226
NC_006624	638206487	287286	287822
NC_006624	638206484	285847	286236
NC_006624	638206485	286217	286420
NC_006624	638208140	1758973	1759365
NC_006624	638207023	751875	752759
NC_006624	638207022	751531	751779
NC_006624	638207021	750953	751534
NC_006624	638207020	750623	750856
NC_006624	638207027	756241	757176
NC_006624	638207026	754911	756146
NC_006624	638207025	753800	754855
NC_006624	638207024	752744	753712
NC_006624	638207029	757703	758395
NC_006624	638207028	757222	757713
NC_006624	638207359	1051990	1052385
NC_006624	638207358	1050279	1051880
NC_006624	638207609	1259803	1260537
NC_006624	638207608	1259651	1259758
NC_006624	638207351	1043209	1044384
NC_006624	638207350	1042573	1043067
NC_006624	638207601	1251176	1251865
NC_006624	638207352	1044359	1045495
NC_006624	638207355	1047699	1048775
NC_006624	638207606	1256260	1257525
NC_006624	638207605	1254982	1256148
NC_006624	638207356	1048892	1049284
NC_006624	638206730	499697	500290
NC_006624	638206732	500341	500694
NC_006624	638206733	500873	501100
NC_006624	638206734	501108	501683
NC_006624	638206735	501683	501997
NC_006624	638208510	2085568	2087208
NC_006624	638208511	2087314	2088666
NC_006624	638206738	502403	503164
NC_006624	638206739	503292	503537
NC_006624	638207287	985887	987035
NC_006624	638207286	985042	985887
NC_006624	638207285	984485	985045
NC_006624	638207284	984166	984504
NC_006624	638207283	983741	984169
NC_006624	638207282	983163	983636
NC_006624	638207281	982819	983166
NC_006624	638207280	982355	982822
NC_006624	638206798	546445	547200
NC_006624	638207289	987534	987929
NC_006624	638207288	987032	987544
NC_006624	638208208	1808496	1808912
NC_006624	638208209	1809138	1811720
NC_006624	638207519	1187462	1187734
NC_006624	638207518	1186940	1187455
NC_006624	638207517	1186602	1186943
NC_006624	638208203	1806013	1806759
NC_006624	638208200	1804673	1805149
NC_006624	638208201	1805153	1805671
NC_006624	638207513	1184550	1185107
NC_006624	638207512	1183575	1184531
NC_006624	638208204	1806756	1807175
NC_006624	638208205	1807293	1808186
NC_006624	638206428	237084	238169
NC_006624	638208198	1803777	1804382
NC_006624	638208199	1804419	1804637
NC_006624	638206429	238395	238958
NC_006624	638208192	1797976	1798218
NC_006624	638208193	1798260	1800578
NC_006624	638208190	1797337	1797663
NC_006624	638208191	1797663	1797989
NC_006624	638208196	1802347	1803465
NC_006624	638208197	1803465	1803692
NC_006624	638208194	1800788	1801399
NC_006624	638208195	1801703	1802227
NC_006624	638207119	840845	841210
NC_006624	638207118	840388	840621
NC_006624	638206769	526492	526632
NC_006624	638206768	526142	526330
NC_006624	638207595	1247786	1247965
NC_006624	638206763	520556	520891
NC_006624	638206762	520324	520554
NC_006624	638208135	1753571	1755394
NC_006624	638206600	377042	377719
NC_006624	638207354	1046748	1047521
NC_006624	638206568	346224	346484
NC_006624	638208424	2013707	2014720
NC_006624	638206603	379921	381120
NC_006624	638208422	2012175	2012417
NC_006624	638208423	2012414	2013670
NC_006624	638206606	383054	383419
NC_006624	638208421	2010800	2012116
NC_006624	638208329	1913023	1913577
NC_006624	638206561	343177	344205
NC_006624	638206819	565055	566056
NC_006624	638206818	564137	565048
NC_006624	638206609	384988	385215
NC_006624	638206815	560251	561543
NC_006624	638206814	559609	560067
NC_006624	638206817	563106	564140
NC_006624	638206816	561583	563109
NC_006624	638206811	556528	557556
NC_006624	638206810	555612	556421
NC_006624	638206813	558870	559499
NC_006624	638206812	557624	558877
NC_006624	638208328	1912753	1913004
NC_006624	638207545	1200288	1200794
NC_006624	638208429	2018897	2019283
NC_006624	638206257	91322	91795
NC_006624	638206256	91024	91299
NC_006624	638206255	90818	91006
NC_006624	638206254	90058	90798
NC_006624	638206253	89005	90018
NC_006624	638206252	88402	89004
NC_006624	638206251	87959	88402
NC_006624	638206250	87072	87866
NC_006624	638206259	92102	93718
NC_006624	638206258	91926	92105
NC_006624	638206921	659518	660570
NC_006624	638206920	658467	659387
NC_006624	638206923	660991	665163
NC_006624	638206922	660595	660900
NC_006624	638206925	666372	666740
NC_006624	638206924	665327	666331
NC_006624	638206927	667077	667361
NC_006624	638206926	666844	667080
NC_006624	638206929	667963	668460
NC_006624	638206928	667363	667869
NC_006624	638206785	534534	535661
NC_006624	638208347	1930675	1931022
NC_006624	638208346	1929139	1930593
NC_006624	638208345	1926818	1929127
NC_006624	638208344	1926363	1926668
NC_006624	638208343	1924580	1926352
NC_006624	638208342	1924069	1924419
NC_006624	638208341	1923479	1924069
NC_006624	638208340	1921509	1923167
NC_006624	638207960	1575967	1577313
NC_006624	638208349	1931637	1932092
NC_006624	638208348	1931019	1931690
NC_006624	638207961	1577352	1578254
NC_006624	638208246	1845049	1845375
NC_006624	638207966	1584503	1585855
NC_006624	638207967	1585860	1586675
NC_006624	638207034	762416	762991
NC_006624	638207035	763072	764163
NC_006624	638207036	764141	764803
NC_006624	638207037	764929	766311
NC_006624	638207030	758457	759194
NC_006624	638207964	1582921	1584039
NC_006624	638207032	760507	761436
NC_006624	638207033	761433	762416
NC_006624	638207965	1584072	1584473
NC_006624	638207038	766382	766792
NC_006624	638207039	766883	767428
NC_006624	638207349	1042316	1042618
NC_006624	638207618	1268808	1269815
NC_006624	638207619	1269833	1270711
NC_006624	638207614	1265337	1265753
NC_006624	638207343	1036781	1037332
NC_006624	638207340	1033476	1035056
NC_006624	638207617	1267429	1268757
NC_006624	638207610	1260534	1260851
NC_006624	638207347	1040479	1041366
NC_006624	638207344	1037319	1038152
NC_006624	638207613	1263388	1265340
NC_006624	638206745	507560	508069
NC_006624	638206744	506987	507409
NC_006624	638206747	508434	509441
NC_006624	638206746	508080	508310
NC_006624	638206741	503739	503984
NC_006624	638206740	503530	503742
NC_006624	638206743	504219	506306
NC_006624	638206742	503977	504219
NC_006624	638208320	1905603	1906439
NC_006624	638206749	510908	512071
NC_006624	638206748	509548	510927
NC_006624	638207298	993741	994817
NC_006624	638207299	994924	995703
NC_006624	638207290	987926	988210
NC_006624	638207291	988200	989066
NC_006624	638207292	989066	990256
NC_006624	638207293	990260	990532
NC_006624	638207294	990896	991372
NC_006624	638207295	991493	992194
NC_006624	638207296	992204	992674
NC_006624	638207297	992719	993693
NC_006624	638207728	1353291	1353839
NC_006624	638207729	1353934	1355097
NC_006624	638207720	1345941	1346342
NC_006624	638207721	1346348	1347067
NC_006624	638207722	1347081	1347341
NC_006624	638207723	1347348	1348115
NC_006624	638207724	1348126	1349166
NC_006624	638207725	1349168	1349938
NC_006624	638207726	1350560	1351936
NC_006624	638207727	1352000	1353142
NC_006624	638207500	1174372	1174698
NC_006624	638207501	1174699	1174941
NC_006624	638207502	1175169	1178546
NC_006624	638207503	1178539	1178877
NC_006624	638207504	1178981	1179538
NC_006624	638207505	1179582	1179998
NC_006624	638207506	1180011	1181282
NC_006624	638207507	1181279	1182037
NC_006624	638207508	1182034	1182393
NC_006624	638207509	1182395	1182592
NC_006624	638208235	1831804	1832874
NC_006624	638208234	1831178	1831747
NC_006624	638208233	1830723	1831217
NC_006624	638208232	1829833	1830660
NC_006624	638208231	1828604	1829800
NC_006624	638208230	1827665	1828501
NC_006624	638208255	1853539	1853886
NC_006624	638208254	1852472	1853485
NC_006624	638208257	1854714	1855934
NC_006624	638207565	1216692	1217828
NC_006624	638208251	1848219	1849766
NC_006624	638207563	1213777	1215018
NC_006624	638207560	1211804	1212463
NC_006624	638208252	1849763	1850995
NC_006624	638207938	1549919	1550416
NC_006624	638207737	1363194	1363691
NC_006624	638207696	1333791	1334372
NC_006624	638208297	1885393	1886730
NC_006624	638207691	1331218	1332234
NC_006624	638206808	553920	554444
NC_006624	638206809	554490	555479
NC_006624	638206806	552021	553205
NC_006624	638206807	553063	553788
NC_006624	638206804	550260	550595
NC_006624	638206805	550825	551895
NC_006624	638206802	548972	549298
NC_006624	638206803	549276	550259
NC_006624	638206800	548256	548504
NC_006624	638206801	548575	548928
NC_006624	638206932	672784	674730
NC_006624	638206933	674778	675656
NC_006624	638206930	668581	670233
NC_006624	638206931	670480	672663
NC_006624	638206936	678047	678895
NC_006624	638206937	678888	679799
NC_006624	638206934	675702	676715
NC_006624	638206935	676783	678039
NC_006624	638206938	679845	680558
NC_006624	638206939	680709	681215
NC_006624	638207707	1340488	1341042
NC_006624	638206353	178926	179090
NC_006624	638208473	2056090	2057289
NC_006624	638207993	1611848	1612897
NC_006624	638207992	1610415	1611836
NC_006624	638207991	1609444	1610403
NC_006624	638207990	1608426	1609433
NC_006624	638207997	1617822	1618730
NC_006624	638207996	1617073	1617774
NC_006624	638207995	1615866	1617095
NC_006624	638207994	1613078	1615525
NC_006624	638207999	1619476	1621437
NC_006624	638207764	1391961	1392347
NC_006624	638206248	86747	87160
NC_006624	638206240	83922	84173
NC_006624	638206241	84170	84367
NC_006624	638206242	84471	84650
NC_006624	638206243	84647	85006
NC_006624	638206244	85003	85179
NC_006624	638206245	85179	85757
NC_006624	638206246	85765	86079
NC_006624	638206247	86169	86687
NC_006624	638208358	1938067	1939329
NC_006624	638208359	1939730	1941061
NC_006624	638207199	912757	913629
NC_006624	638207198	911252	912760
NC_006624	638208475	2057575	2058753
NC_006624	638207193	907718	908710
NC_006624	638207192	905850	907634
NC_006624	638207191	905355	905762
NC_006624	638207190	904863	905291
NC_006624	638207197	910842	911252
NC_006624	638207196	910049	910852
NC_006624	638207195	909106	909996
NC_006624	638207194	908711	909109
NC_006624	638208351	1932394	1933029
NC_006624	638207766	1393101	1393385
NC_006624	638207047	774297	775562
NC_006624	638208069	1690446	1691210
NC_006624	638208352	1933030	1933326
NC_006624	638208066	1687301	1688143
NC_006624	638207066	790591	791184
NC_006624	638207048	775592	775834
NC_006624	638207379	1066053	1066706
NC_006624	638207378	1065339	1065962
NC_006624	638207377	1063981	1065282
NC_006624	638207376	1062573	1063904
NC_006624	638207375	1061990	1062451
NC_006624	638207374	1061265	1061993
NC_006624	638207373	1060616	1061200
NC_006624	638207372	1060082	1060546
NC_006624	638207371	1059730	1059981
NC_006624	638207370	1059178	1059726
NC_006624	638206756	515588	516277
NC_006624	638206757	516288	517589
NC_006624	638206754	515003	515203
NC_006624	638206755	515281	515586
NC_006624	638206752	513390	514226
NC_006624	638206753	514455	515006
NC_006624	638206750	512341	512697
NC_006624	638206751	512668	513222
NC_006624	638208061	1682640	1683029
NC_006624	638206758	517748	518548
NC_006624	638206759	518550	519017
NC_006624	638208354	1933671	1934153
NC_006624	638207979	1598913	1600115
NC_006624	638207978	1597964	1598713
NC_006624	638207759	1386739	1388676
NC_006624	638207758	1386029	1386592
NC_006624	638207971	1590512	1591792
NC_006624	638207970	1589160	1590428
NC_006624	638207973	1592982	1593728
NC_006624	638207756	1383463	1385250
NC_006624	638207751	1379148	1380257
NC_006624	638207974	1593895	1595085
NC_006624	638207753	1380659	1381123
NC_006624	638207976	1595575	1596699
NC_006624	638207575	1228433	1229143
NC_006624	638207574	1227753	1228370
NC_006624	638207577	1231266	1233758
NC_006624	638207576	1229299	1231170
NC_006624	638207571	1224459	1225790
NC_006624	638207570	1222968	1224332
NC_006624	638207573	1226729	1227538
NC_006624	638207572	1225790	1226668
NC_006624	638208228	1826674	1826988
NC_006624	638208229	1826985	1827572
NC_006624	638207579	1235240	1236961
NC_006624	638207578	1233913	1235223
NC_006624	638207409	1090592	1091287
NC_006624	638207408	1090167	1090562
NC_006624	638207401	1085323	1086399
NC_006624	638207400	1083394	1085322
NC_006624	638207403	1087445	1087669
NC_006624	638207402	1086503	1087381
NC_006624	638207405	1087939	1089186
NC_006624	638207404	1087666	1087937
NC_006624	638207407	1089498	1090058
NC_006624	638207406	1089251	1089487
NC_006624	638206971	712445	713185
NC_006624	638207031	759443	760390
NC_006624	638208013	1633270	1633470
NC_006624	638206508	302546	303994
NC_006624	638207265	968826	969440
NC_006624	638207264	967867	968670
NC_006624	638208280	1873542	1873838
NC_006624	638206833	580270	581607
NC_006624	638206832	579324	579770
NC_006624	638206831	578531	579310
NC_006624	638206830	577285	578331
NC_006624	638206837	586462	587127
NC_006624	638206836	584327	585973
NC_006624	638206835	583318	584190
NC_006624	638206834	581600	583264
NC_006624	638207261	966584	966781
NC_006624	638206839	588128	588769
NC_006624	638206838	587120	587953
NC_006624	638207592	1245465	1245650
NC_006624	638207263	967685	967864
NC_006624	638207262	966858	967685
NC_006624	638207342	1036224	1036784
NC_006624	638207615	1265824	1266270
NC_006624	638207616	1266281	1267069
NC_006624	638207341	1035141	1036181
NC_006624	638207346	1038909	1040387
NC_006624	638207611	1260908	1262935
NC_006624	638207612	1263076	1263330
NC_006624	638207345	1038073	1038912
NC_006624	638206907	643256	643843
NC_006624	638206906	642726	643235
NC_006624	638206905	641949	642668
NC_006624	638206904	641138	641926
NC_006624	638206903	640371	641141
NC_006624	638206902	639758	640396
NC_006624	638206901	638879	639673
NC_006624	638206900	638241	638807
NC_006624	638208442	2029581	2030192
NC_006624	638206909	644570	645223
NC_006624	638206908	643954	644415
NC_006624	638208111	1735916	1736623
NC_006624	638208116	1737723	1738517
NC_006624	638208445	2032832	2033518
NC_006624	638206341	166132	168273
NC_006624	638206340	165140	166135
NC_006624	638206343	168881	169606
NC_006624	638206342	168363	168884
NC_006624	638206345	171199	171870
NC_006624	638206344	169623	171119
NC_006624	638206347	172125	173267
NC_006624	638206346	171872	172114
NC_006624	638206349	174678	175343
NC_006624	638206348	173269	174564
NC_006624	638208115	1736996	1737726
NC_006624	638207984	1604020	1604295
NC_006624	638207985	1604301	1604708
NC_006624	638207986	1604930	1606261
NC_006624	638207987	1606252	1607115
NC_006624	638207980	1600108	1601148
NC_006624	638207981	1601145	1601990
NC_006624	638208449	2036429	2037343
NC_006624	638207988	1607125	1607889
NC_006624	638206620	398922	399158
NC_006624	638206621	399246	399755
NC_006624	638206239	81594	83915
NC_006624	638206238	80994	81167
NC_006624	638206235	79781	79987
NC_006624	638206234	78441	79784
NC_006624	638206237	80491	80868
NC_006624	638206236	79981	80235
NC_006624	638206231	75363	76499
NC_006624	638206230	74075	75382
NC_006624	638206233	76761	78197
NC_006624	638206232	76492	76764
NC_006624	638206697	464556	465014
NC_006624	638206696	463363	464553
NC_006624	638206695	461412	462671
NC_006624	638206694	460463	461419
NC_006624	638206693	459883	460416
NC_006624	638206692	459221	459871
NC_006624	638206691	458363	458929
NC_006624	638206162	17443	18435
NC_006624	638208325	1910149	1910829
NC_006624	638207773	1396882	1397628
NC_006624	638208327	1912121	1912648
NC_006624	638207187	903436	904194
NC_006624	638206169	23335	24600
NC_006624	638206168	22651	23307
NC_006624	638207182	897362	899776
NC_006624	638207183	899892	900731
NC_006624	638206583	357193	358125
NC_006624	638206582	356600	357196
NC_006624	638206581	356146	356616
NC_006624	638206580	354918	356078
NC_006624	638206587	360915	362210
NC_006624	638206586	360160	360915
NC_006624	638206585	358778	360064
NC_006624	638206584	358122	358781
NC_006624	638206589	364164	366110
NC_006624	638206588	362250	364151
NC_006624	638207360	1052391	1052678
NC_006624	638207361	1052884	1053384
NC_006624	638207052	778363	779091
NC_006624	638207363	1053715	1054476
NC_006624	638207364	1054635	1055957
NC_006624	638207365	1056041	1056346
NC_006624	638207366	1056389	1057078
NC_006624	638207367	1057075	1058055
NC_006624	638207368	1058045	1058518
NC_006624	638207369	1058515	1058976
NC_006624	638206761	519517	520320
NC_006624	638206760	519023	519505
NC_006624	638206767	525473	525826
NC_006624	638206766	523582	525468
NC_006624	638206765	521439	523577
NC_006624	638206764	520903	521424
NC_006624	638208031	1653067	1653675
NC_006624	638208030	1651405	1652904
NC_006624	638208033	1654889	1655725
NC_006624	638208032	1653656	1654837
NC_006624	638208035	1656137	1657456
NC_006624	638208034	1655715	1656140
NC_006624	638208037	1658413	1658868
NC_006624	638208036	1657470	1658423
NC_006624	638208039	1659753	1660247
NC_006624	638206560	342302	342739
NC_006624	638206563	344632	344820
NC_006624	638206562	344198	344635
NC_006624	638206565	345142	345333
NC_006624	638206564	344825	345145
NC_006624	638206567	345641	346216
NC_006624	638206566	345330	345641
NC_006624	638206643	418666	419919
NC_006624	638207968	1586887	1588761
NC_006624	638207969	1588811	1589176
NC_006624	638207748	1373000	1374430
NC_006624	638207749	1374589	1377342
NC_006624	638207962	1578254	1579498
NC_006624	638207963	1579508	1582810
NC_006624	638207744	1369935	1371245
NC_006624	638207745	1371305	1372255
NC_006624	638207742	1368035	1369159
NC_006624	638207743	1369260	1369871
NC_006624	638207740	1366276	1366833
NC_006624	638207741	1366882	1368024
NC_006624	638207685	1328226	1328648
NC_006624	638207684	1327416	1328195
NC_006624	638207566	1217906	1219867
NC_006624	638207567	1219874	1221367
NC_006624	638207564	1215042	1216532
NC_006624	638208256	1854035	1854709
NC_006624	638207562	1213436	1213780
NC_006624	638208250	1847293	1848213
NC_006624	638208253	1851291	1852475
NC_006624	638207561	1212625	1213431
NC_006624	638208259	1857758	1858114
NC_006624	638208258	1856030	1857679
NC_006624	638207568	1221417	1222163
NC_006624	638207569	1222180	1222872
NC_006624	638207418	1097067	1097522
NC_006624	638207419	1097553	1098986
NC_006624	638207412	1092329	1092880
NC_006624	638207413	1092889	1094199
NC_006624	638207410	1091369	1091764
NC_006624	638207411	1091801	1092208
NC_006624	638207417	1096084	1096998
NC_006624	638207414	1094239	1094640
NC_006624	638207415	1094650	1095810
NC_006624	638208112	1736607	1736999
NC_006624	638207779	1402179	1402490
NC_006624	638207157	873581	873856
NC_006624	638208239	1835094	1835705
NC_006624	638207156	872861	873514
NC_006624	638208238	1834257	1834958
NC_006624	638207155	872575	872859
NC_006624	638208110	1735243	1735896
NC_006624	638206640	416619	417239
NC_006624	638208317	1902848	1903375
NC_006624	638208236	1832879	1833811
NC_006624	638207153	871298	871579
NC_006624	638207152	871002	871286
NC_006624	638208312	1899411	1900280
NC_006624	638208313	1900273	1900971
NC_006624	638207058	785649	786155
NC_006624	638206512	305866	305988
NC_006624	638207059	786127	786966
NC_006624	638206824	570917	571465
NC_006624	638206825	571776	572483
NC_006624	638206826	572480	572815
NC_006624	638206827	572894	575401
NC_006624	638206820	566154	568286
NC_006624	638206821	568301	568531
NC_006624	638206822	568610	569257
NC_006624	638206823	569477	570874
NC_006624	638206828	575398	576156
NC_006624	638206829	576235	577248
NC_006624	638206919	656682	658424
NC_006624	638206910	645343	647241
NC_006624	638206911	647451	648278
NC_006624	638206912	648327	650762
NC_006624	638206913	650832	651329
NC_006624	638206914	651332	651832
NC_006624	638206915	651943	653085
NC_006624	638206916	653088	654293
NC_006624	638206917	654529	655824
NC_006624	638206352	177889	178893
NC_006624	638208495	2073094	2073588
NC_006624	638206350	175336	176091
NC_006624	638206351	176482	177771
NC_006624	638206356	181285	181773
NC_006624	638206357	181770	182030
NC_006624	638206354	179062	179769
NC_006624	638206355	179946	181295
NC_006624	638206358	182087	184066
NC_006624	638206359	184178	185908
NC_006624	638208282	1874281	1874640
NC_006624	638206228	72427	73332
NC_006624	638206229	73503	74078
NC_006624	638206226	71981	72301
NC_006624	638206227	72303	72443
NC_006624	638206224	71252	71851
NC_006624	638206225	71856	71984
NC_006624	638206222	70142	70534
NC_006624	638207876	1487006	1488760
NC_006624	638206220	69709	69852
NC_006624	638206221	69856	70113
NC_006624	638206176	29329	30072
NC_006624	638207170	885004	886407
NC_006624	638207173	886430	887914
NC_006624	638206175	28303	29358
NC_006624	638206172	26151	26549
NC_006624	638207174	888020	888223
NC_006624	638206170	24694	25572
NC_006624	638207176	888660	891437
NC_006624	638207179	895749	896414
NC_006624	638207178	892176	895745
NC_006624	638208334	1916354	1916581
NC_006624	638208335	1916623	1917453
NC_006624	638208332	1914489	1914914
NC_006624	638208333	1914984	1916237
NC_006624	638206178	31675	32004
NC_006624	638206179	32014	32973
NC_006624	638208283	1874637	1876181
NC_006624	638207889	1496106	1497173
NC_006624	638207888	1495162	1496109
NC_006624	638206650	427118	427456
NC_006624	638207885	1492977	1493549
NC_006624	638207884	1492771	1492974
NC_006624	638207887	1494180	1495142
NC_006624	638207886	1493586	1494122
NC_006624	638207881	1491771	1491944
NC_006624	638207880	1491445	1491636
NC_006624	638207883	1492241	1492774
NC_006624	638207882	1491955	1492251
NC_006624	638207544	1199886	1200212
NC_006624	638206594	370202	371107
NC_006624	638206595	371111	372193
NC_006624	638206596	372234	373664
NC_006624	638206597	375327	375584
NC_006624	638206590	366119	367357
NC_006624	638206591	367443	368030
NC_006624	638206592	368034	368936
NC_006624	638206593	368981	370033
NC_006624	638206598	375577	376278
NC_006624	638206599	376279	377052
NC_006624	638206509	304048	304500
NC_006624	638207315	1010872	1011639
NC_006624	638207314	1008662	1010875
NC_006624	638207317	1012696	1013562
NC_006624	638207316	1011694	1012632
NC_006624	638207311	1004017	1006149
NC_006624	638207310	1002685	1003920
NC_006624	638207313	1006885	1008573
NC_006624	638207312	1006150	1006761
NC_006624	638206774	529109	529714
NC_006624	638206775	529690	529962
NC_006624	638206776	529959	530273
NC_006624	638206474	278502	279269
NC_006624	638207319	1014072	1014566
NC_006624	638206771	527953	528213
NC_006624	638206772	528240	528389
NC_006624	638206773	528443	529069
NC_006624	638207085	804042	805766
NC_006624	638208023	1641794	1643758
NC_006624	638207087	806004	806807
NC_006624	638208021	1639965	1641017
NC_006624	638207081	801658	803163
NC_006624	638208027	1646055	1646408
NC_006624	638207083	803411	803629
NC_006624	638207082	803175	803411
NC_006624	638206572	347631	348011
NC_006624	638208028	1646643	1647962
NC_006624	638206571	347272	347625
NC_006624	638207089	808219	809484
NC_006624	638207088	806763	808148
NC_006624	638206574	348095	349207
NC_006624	638206575	349311	351161
NC_006624	638207546	1200886	1201218
NC_006624	638208286	1877095	1877664
NC_006624	638206631	410391	411203
NC_006624	638206688	457075	457407
NC_006624	638207772	1395174	1396796
NC_006624	638207771	1394561	1395217
NC_006624	638207770	1394148	1394564
NC_006624	638207777	1399850	1401370
NC_006624	638207776	1398948	1399853
NC_006624	638207775	1398205	1398636
NC_006624	638207958	1572826	1573851
NC_006624	638207957	1571431	1572777
NC_006624	638207956	1571072	1571434
NC_006624	638207955	1569913	1570998
NC_006624	638207954	1566220	1569867
NC_006624	638207953	1565174	1565977
NC_006624	638207952	1564703	1565152
NC_006624	638206686	456215	456577
NC_006624	638207950	1563046	1564500
NC_006624	638207229	939637	940875
NC_006624	638207228	937670	939487
NC_006624	638207559	1211566	1211787
NC_006624	638207558	1210865	1211569
NC_006624	638207547	1201222	1201761
NC_006624	638208009	1628006	1629550
NC_006624	638207221	933218	933769
NC_006624	638207220	932755	933134
NC_006624	638207551	1204936	1206291
NC_006624	638207550	1203417	1204925
NC_006624	638207225	935250	936062
NC_006624	638207700	1335888	1337336
NC_006624	638207227	937349	937597
NC_006624	638207226	936196	937347
NC_006624	638207799	1422718	1423308
NC_006624	638207798	1421598	1422629
NC_006624	638208244	1839945	1842923
NC_006624	638207701	1337377	1337823
NC_006624	638208242	1837210	1838610
NC_006624	638208243	1838617	1839945
NC_006624	638208240	1835692	1836303
NC_006624	638208241	1836341	1837213
NC_006624	638207791	1413796	1414509
NC_006624	638207790	1412496	1413716
NC_006624	638207793	1415185	1415490
NC_006624	638207792	1414484	1415191
NC_006624	638207795	1416349	1419207
NC_006624	638207794	1415501	1416346
NC_006624	638207797	1420999	1421463
NC_006624	638208249	1846369	1847286
NC_006624	638206140	10	282
NC_006624	638207540	1198805	1199071
NC_006624	638208165	1776175	1776642
NC_006624	638208284	1876174	1876530
NC_006624	638208164	1775241	1776170
NC_006624	638207708	1341053	1341445
NC_006624	638207541	1199068	1199301
NC_006624	638208003	1623135	1624325
NC_006624	638208285	1876568	1877098
NC_006624	638207429	1103914	1104285
NC_006624	638207428	1103469	1103855
NC_006624	638207427	1103192	1103476
NC_006624	638207426	1102551	1103003
NC_006624	638207425	1101756	1102469
NC_006624	638207424	1100607	1101674
NC_006624	638207423	1100166	1100591
NC_006624	638207422	1099921	1100169
NC_006624	638207421	1099237	1099839
NC_006624	638207420	1098964	1099221
NC_006624	638207542	1199460	1199645
NC_006624	638208361	1941963	1942610
NC_006624	638208360	1941058	1941966
NC_006624	638207543	1199684	1199893
NC_006624	638208364	1946096	1946332
NC_006624	638206630	410203	410391
NC_006624	638207552	1206456	1207751
NC_006624	638208369	1951928	1953295
NC_006624	638206683	455580	456086
NC_006624	638208368	1949891	1951822
NC_006624	638206492	289916	290236
NC_006624	638207746	1372299	1372439
NC_006624	638206501	295493	295744
NC_006624	638207747	1372525	1372803
NC_006624	638206500	295158	295406
NC_006624	638208480	2061683	2062009
NC_006624	638207834	1448903	1449313
NC_006624	638207387	1073643	1074359
NC_006624	638207836	1449773	1450258
NC_006624	638207837	1450322	1450621
NC_006624	638207830	1446577	1446963
NC_006624	638206687	456583	457011
NC_006624	638207831	1446970	1447284
NC_006624	638207832	1447339	1448376
NC_006624	638207833	1448312	1448848
NC_006624	638208484	2063710	2064312
NC_006624	638208485	2064378	2065526
NC_006624	638208486	2065569	2066867
NC_006624	638208487	2066970	2067656
NC_006624	638207931	1542195	1542407
NC_006624	638206159	14891	15634
NC_006624	638207933	1544303	1544611
NC_006624	638207932	1542450	1544186
NC_006624	638206969	707493	709301
NC_006624	638206968	707200	707394
NC_006624	638206965	703927	704613
NC_006624	638206964	703101	703922
NC_006624	638206967	706054	707205
NC_006624	638206966	704582	705940
NC_006624	638206961	700973	701749
NC_006624	638206960	700252	700968
NC_006624	638206963	702313	703104
NC_006624	638206962	701782	702135
NC_006624	638207939	1550744	1552003
NC_006624	638206151	10833	11117
NC_006624	638206367	191372	192541
NC_006624	638206366	190995	191363
NC_006624	638206365	190607	191020
NC_006624	638206364	190054	190530
NC_006624	638206363	188816	190057
NC_006624	638206362	187853	188686
NC_006624	638206361	186730	187737
NC_006624	638206360	186104	186697
NC_006624	638206369	193277	193723
NC_006624	638206368	192628	193251
NC_006624	638207175	888207	888656
NC_006624	638208321	1906436	1907200
NC_006624	638206213	59141	59476
NC_006624	638206212	58338	58985
NC_006624	638206211	58003	58341
NC_006624	638206210	57440	58006
NC_006624	638206217	64965	66731
NC_006624	638206216	63569	64462
NC_006624	638206215	60637	62538
NC_006624	638206214	59606	60442
NC_006624	638206219	68138	69712
NC_006624	638206218	66784	68121
NC_006624	638208266	1862199	1862993
NC_006624	638207162	876576	877595
NC_006624	638208302	1888836	1890128
NC_006624	638207160	875446	875679
NC_006624	638208300	1887647	1888321
NC_006624	638208307	1895832	1896386
NC_006624	638207167	879950	881239
NC_006624	638207164	878010	878936
NC_006624	638207165	878948	879388
NC_006624	638207203	915857	917164
NC_006624	638207168	881254	882390
NC_006624	638207169	882489	884975
NC_006624	638208261	1859482	1859700
NC_006624	638207201	915050	915229
NC_006624	638207898	1501873	1502304
NC_006624	638207899	1502301	1503296
NC_006624	638207896	1500442	1501392
NC_006624	638207897	1501476	1501883
NC_006624	638207177	891709	892134
NC_006624	638208263	1860246	1860677
NC_006624	638207892	1498564	1499055
NC_006624	638207893	1499062	1499283
NC_006624	638207890	1497226	1497765
NC_006624	638207891	1497780	1498376
NC_006624	638208505	2080435	2082267
NC_006624	638207637	1293633	1294040
NC_006624	638207634	1285354	1286547
NC_006624	638207635	1286653	1290501
NC_006624	638208501	2077093	2077761
NC_006624	638208500	2076626	2077057
NC_006624	638206781	531123	531413
NC_006624	638206780	530723	531130
NC_006624	638206783	532868	533275
NC_006624	638206782	531404	532891
NC_006624	638207302	996063	996527
NC_006624	638207630	1281348	1282418
NC_006624	638206787	536111	537427
NC_006624	638206786	535662	536099
NC_006624	638206789	538592	538954
NC_006624	638206788	537752	538591
NC_006624	638207631	1282482	1283075
NC_006624	638207308	1000909	1001895
NC_006624	638207309	1001900	1002670
NC_006624	638208017	1635262	1636500
NC_006624	638207097	814855	817158
NC_006624	638207094	812356	813090
NC_006624	638208014	1633471	1634214
NC_006624	638207092	811586	811996
NC_006624	638208012	1632012	1633286
NC_006624	638208011	1630962	1631933
NC_006624	638208010	1629648	1630808
NC_006624	638206547	333196	333480
NC_006624	638206546	332444	333196
NC_006624	638206545	330968	332431
NC_006624	638206544	330034	330834
NC_006624	638206543	329565	330032
NC_006624	638206542	329077	329559
NC_006624	638208019	1637549	1638886
NC_006624	638208018	1636589	1637569
NC_006624	638208509	2084155	2085405
NC_006624	638208508	2083386	2084105
NC_006624	638207940	1552186	1552557
NC_006624	638207941	1552524	1552757
NC_006624	638206149	8393	9493
NC_006624	638207943	1553657	1556017
NC_006624	638207760	1388682	1389728
NC_006624	638207761	1389725	1390648
NC_006624	638207762	1390786	1391295
NC_006624	638207947	1558939	1559883
NC_006624	638206143	5824	6471
NC_006624	638207949	1560931	1562811
NC_006624	638206141	266	742
NC_006624	638207639	1295579	1296400
NC_006624	638206147	7742	8066
NC_006624	638206146	7324	7752
NC_006624	638206145	6817	7266
NC_006624	638206144	6468	6857
NC_006624	638208279	1873279	1873545
NC_006624	638207239	944573	945220
NC_006624	638207548	1201982	1202398
NC_006624	638208273	1869746	1870246
NC_006624	638207233	941617	942738
NC_006624	638208271	1866819	1867325
NC_006624	638208270	1865758	1866813
NC_006624	638208277	1872660	1872914
NC_006624	638208276	1872157	1872660
NC_006624	638207234	942908	943321
NC_006624	638208274	1870337	1870825
NC_006624	638208479	2060926	2061696
NC_006624	638208478	2059658	2060899
NC_006624	638207788	1410971	1411738
NC_006624	638207789	1411748	1412503
NC_006624	638207782	1405026	1405637
NC_006624	638207783	1405640	1406737
NC_006624	638207780	1402492	1404483
NC_006624	638207781	1404501	1404986
NC_006624	638207786	1408806	1410203
NC_006624	638207787	1410232	1410876
NC_006624	638207784	1406734	1407042
NC_006624	638207785	1407049	1408806
NC_006624	638207430	1104356	1105144
NC_006624	638207431	1105268	1107175
NC_006624	638207432	1107189	1107362
NC_006624	638207433	1107369	1107947
NC_006624	638207434	1108207	1109073
NC_006624	638207435	1109242	1110924
NC_006624	638207436	1111039	1112502
NC_006624	638207437	1112545	1112754
NC_006624	638207438	1113047	1113310
NC_006624	638207439	1113307	1113942
NC_006624	638207848	1461408	1461911
NC_006624	638207556	1209770	1210048
NC_006624	638207555	1209202	1209783
NC_006624	638207841	1453165	1453419
NC_006624	638208323	1908229	1909551
NC_006624	638207332	1027040	1027669
NC_006624	638207765	1392364	1393101
NC_006624	638208493	2071820	2072167
NC_006624	638207843	1454228	1454503
NC_006624	638207330	1026365	1026766
NC_006624	638207845	1455211	1456329
NC_006624	638207554	1208466	1209158
NC_006624	638207336	1030959	1031633
NC_006624	638207847	1458922	1461411
NC_006624	638208492	2070876	2071697
NC_006624	638207846	1456329	1458920
NC_006624	638208038	1658846	1659682
NC_006624	638207755	1381959	1383356
NC_006624	638207942	1552879	1553637
NC_006624	638207754	1381210	1381962
NC_006624	638207757	1385247	1386020
NC_006624	638208497	2074188	2075522
NC_006624	638208322	1907191	1908168
NC_006624	638207602	1251870	1252238
NC_006624	638206223	70534	71250
NC_006624	638208496	2073632	2073835
NC_006624	638206177	30142	31419
NC_006624	638207946	1557965	1558942
NC_006624	638207522	1188926	1189573
NC_006624	638206978	718874	718993
NC_006624	638206979	719068	720084
NC_006624	638206976	716288	717172
NC_006624	638206977	717169	718881
NC_006624	638206974	714438	715667
NC_006624	638206975	715769	716215
NC_006624	638206972	713190	713864
NC_006624	638206973	713923	714378
NC_006624	638206970	709312	712314
NC_006624	638206173	26551	28053
NC_006624	638207521	1188048	1188920
NC_006624	638208338	1918795	1920483
NC_006624	638207526	1191260	1191961
NC_006624	638206171	25620	26189
NC_006624	638208494	2072164	2073084
NC_006624	638207527	1191985	1192608
NC_006624	638208336	1917412	1917969
NC_006624	638207524	1190840	1191004
NC_006624	638208337	1918038	1918811
NC_006624	638207525	1191022	1191255
NC_006624	638208330	1913574	1914152
NC_006624	638206204	53341	54939
NC_006624	638206205	54989	55759
NC_006624	638206206	55797	56345
NC_006624	638206207	56377	56757
NC_006624	638206200	51017	51295
NC_006624	638206201	51447	52151
NC_006624	638206202	52222	52791
NC_006624	638206203	52802	53344
NC_006624	638206208	56802	57002
NC_006624	638206209	56983	57447
NC_006624	638208314	1900973	1901239
NC_006624	638208315	1901307	1901822
NC_006624	638208316	1901885	1902808
NC_006624	638207154	871590	872585
NC_006624	638208310	1897905	1898837
NC_006624	638208311	1898932	1899357
NC_006624	638207151	869222	870961
NC_006624	638207150	867265	869052
NC_006624	638208318	1903385	1904536
NC_006624	638208319	1904539	1905564
NC_006624	638207159	874263	875045
NC_006624	638207158	873853	874260
NC_006624	638207189	904648	904851
NC_006624	638206378	198489	199109
NC_006624	638206379	199237	200448
NC_006624	638206292	120756	121226
NC_006624	638206370	193734	194228
NC_006624	638206371	194225	194446
NC_006624	638206372	194443	194853
NC_006624	638206373	194853	195100
NC_006624	638206374	195272	196147
NC_006624	638206375	196137	196853
NC_006624	638206376	196880	197701
NC_006624	638206377	197774	198355
NC_006624	638208008	1627222	1627818
NC_006624	638206793	540049	542426
NC_006624	638206790	538975	540042
	638206791		
NC_006624	638206796	543661	545904
NC_006624	638206797	545948	546433
NC_006624	638206794	542416	543039
NC_006624	638206795	543036	543659
NC_006624	638208000	1621518	1622147
NC_006624	638208001	1622119	1622814
NC_006624	638208002	1622888	1623133
NC_006624	638206799	547222	548247
NC_006624	638208004	1624346	1625500
NC_006624	638208005	1625534	1625776
NC_006624	638208006	1625745	1626142
NC_006624	638208007	1626132	1626992
NC_006624	638206550	335812	336408
NC_006624	638206551	336377	336856
NC_006624	638206552	336878	337456
NC_006624	638206553	337630	338004
NC_006624	638206554	337997	338428
NC_006624	638206555	338455	339468
NC_006624	638206556	339691	340110
NC_006624	638206557	340107	340532
NC_006624	638206558	340890	341282
NC_006624	638206559	341464	342048
NC_006624	638206533	321669	321953
NC_006624	638207935	1545519	1545896
NC_006624	638207934	1544642	1545469
NC_006624	638207937	1546714	1549911
NC_006624	638207936	1545981	1546517
NC_006624	638206158	14546	14761
NC_006624	638207930	1540881	1542251
NC_006624	638208482	2062546	2063064
NC_006624	638208483	2063064	2063705
NC_006624	638206154	12153	12464
NC_006624	638206155	12467	13024
NC_006624	638206156	13085	14149
NC_006624	638206157	14130	14546
NC_006624	638208488	2067721	2068482
NC_006624	638208489	2068482	2069936
NC_006624	638206152	11123	11545
NC_006624	638206153	11546	12103
NC_006624	638208268	1863885	1864988
NC_006624	638208269	1865374	1865751
NC_006624	638207209	924799	925497
NC_006624	638207208	923962	924789
NC_006624	638207207	919988	923947
NC_006624	638207206	919339	919854
NC_006624	638207205	918084	919346
NC_006624	638208267	1863004	1863888
NC_006624	638208260	1858119	1859402
NC_006624	638207202	915447	915857
NC_006624	638208262	1859797	1860243
NC_006624	638207200	913626	914924
NC_006624	638208468	2052393	2053112
NC_006624	638208469	2053207	2055357
NC_006624	638208462	2048418	2049197
NC_006624	638208463	2049204	2049569
NC_006624	638208460	2047504	2047878
NC_006624	638208461	2047875	2048411
NC_006624	638208466	2051762	2051998
NC_006624	638208467	2051986	2052396
NC_006624	638208465	2050804	2051712
NC_006624	638207185	901147	902439
NC_006624	638207849	1461892	1462335
NC_006624	638206569	346481	346735
NC_006624	638207339	1033089	1033475
NC_006624	638207338	1032497	1033018
NC_006624	638207333	1027666	1028262
NC_006624	638206459	264807	267005
NC_006624	638207331	1026766	1027050
NC_006624	638207842	1453470	1454120
NC_006624	638207337	1031696	1032490
NC_006624	638207844	1454458	1455210
NC_006624	638207335	1030200	1030956
NC_006624	638207334	1028361	1030241
NC_006624	638207445	1120524	1120862
NC_006624	638207444	1118770	1120410
NC_006624	638207447	1121189	1122091
NC_006624	638207446	1120856	1121188
NC_006624	638207441	1115099	1117765
NC_006624	638207440	1114151	1114900
NC_006624	638207443	1118261	1118713
NC_006624	638207442	1117847	1118257
NC_006624	638207449	1123201	1124403
NC_006624	638207448	1122092	1123114
NC_006624	638206451	259298	259975
NC_006624	638206450	257866	259185
NC_006624	638207180	896411	896833
NC_006624	638208146	1762946	1763596
	638206778		
NC_006624	638207181	896955	897359
NC_006624	638206779	530254	530726
NC_006624	638208145	1762779	1762949
NC_006624	638208412	1999813	2001195
NC_006624	638208411	1997165	1999816
NC_006624	638208264	1860658	1860867
NC_006624	638207865	1476630	1477580
	638206777		
NC_006624	638206770	526629	527582
NC_006624	638207318	1013680	1013961
NC_006624	638208143	1760755	1762035
NC_006624	638208142	1760130	1760681
NC_006624	638208265	1860916	1862202
NC_006624	638208022	1641150	1641770
NC_006624	638207084	803626	804036
NC_006624	638208020	1638883	1639968
NC_006624	638208388	1975807	1977120
NC_006624	638208026	1644930	1646045
NC_006624	638206670	443103	443618
NC_006624	638208024	1643925	1644251
NC_006624	638208025	1644248	1644868
NC_006624	638206570	346750	347100
NC_006624	638208029	1647959	1651291
NC_006624	638206576	351281	352342
NC_006624	638206577	352345	352899
NC_006624	638206943	683543	685456
NC_006624	638206942	683191	683502
NC_006624	638206941	682556	682951
NC_006624	638206940	681453	682499
NC_006624	638206947	687608	688378
NC_006624	638206946	686998	687618
NC_006624	638206944	685443	685919
NC_006624	638206949	689261	690316
NC_006624	638206948	688383	689192
NC_006624	638207079	801063	801164
NC_006624	638207553	1207855	1208469
NC_006624	638207959	1573924	1575894
NC_006624	638207078	800581	801066
NC_006624	638206689	457404	457580
NC_006624	638206895	635560	636075
NC_006624	638206894	634718	635509
NC_006624	638206897	636679	636939
NC_006624	638206896	636107	636592
NC_006624	638206891	633175	633375
NC_006624	638206890	632631	633095
NC_006624	638206893	633866	634678
NC_006624	638206892	633362	633844
NC_006624	638207812	1435423	1435947
NC_006624	638206899	637888	638196
NC_006624	638206898	636943	637839
NC_006624	638206411	224620	225645
NC_006624	638206410	224025	224666
NC_006624	638206413	226544	227464
NC_006624	638206412	225633	226547
NC_006624	638206415	228113	228427
NC_006624	638206414	227461	228120
	638206417		
	638206416		
NC_006624	638206419	229453	230487
NC_006624	638206418	228674	229461
NC_006624	638207774	1397645	1398199
NC_006624	638206680	452361	453356
NC_006624	638206681	453515	453868
NC_006624	638206682	454051	455346
NC_006624	638207778	1401370	1402059
NC_006624	638206309	138218	139246
NC_006624	638207076	799221	800273
NC_006624	638206305	134626	135288
NC_006624	638206304	133597	134631
NC_006624	638206307	135719	136495
NC_006624	638207077	800349	800597
NC_006624	638206301	129372	130745
NC_006624	638206300	127074	129302
NC_006624	638206303	131889	133583
NC_006624	638206302	130891	131895
NC_006624	638208079	1699362	1699787
NC_006624	638208078	1698331	1699329
NC_006624	638208075	1695854	1696477
NC_006624	638208074	1694456	1695841
NC_006624	638208077	1698019	1698357
NC_006624	638208076	1696487	1697929
NC_006624	638208071	1692811	1693392
NC_006624	638208070	1691215	1692624
NC_006624	638208073	1693711	1694268
NC_006624	638208072	1693396	1693701
NC_006624	638206525	313633	314049
NC_006624	638206524	313416	313646
NC_006624	638206527	314948	316333
NC_006624	638206526	314150	314863
NC_006624	638206521	311760	312368
NC_006624	638206520	311385	311759
NC_006624	638206523	312851	313234
NC_006624	638206522	312565	312846
NC_006624	638206529	316989	317717
NC_006624	638206528	316362	316802
NC_006624	638207926	1536856	1537320
NC_006624	638207927	1537360	1537914
NC_006624	638207924	1530845	1531282
NC_006624	638207925	1531473	1536713
NC_006624	638207922	1528784	1529893
NC_006624	638207923	1530038	1530844
NC_006624	638207920	1526615	1527676
NC_006624	638207921	1527673	1528794
NC_006624	638207140	857377	857892
NC_006624	638207141	857972	858967
NC_006624	638207142	859369	859674
NC_006624	638207143	859944	861080
NC_006624	638207144	861144	861791
NC_006624	638207223	934279	934587
NC_006624	638207146	863469	864761
NC_006624	638207147	864861	865559
NC_006624	638207210	925702	927927
NC_006624	638207211	927932	928894
NC_006624	638208293	1881893	1882375
NC_006624	638207222	933811	934113
NC_006624	638207214	930424	931155
NC_006624	638207215	931163	931696
NC_006624	638207216	931795	932259
NC_006624	638207217	932277	932753
NC_006624	638208299	1887370	1887663
NC_006624	638207557	1210140	1210817
NC_006624	638207224	934602	935075
NC_006624	638208101	1728067	1729125
NC_006624	638206638	415621	415953
NC_006624	638208103	1729887	1730330
NC_006624	638208102	1729177	1729890
NC_006624	638208105	1732048	1732383
NC_006624	638208104	1730373	1732058
NC_006624	638208459	2046175	2047497
NC_006624	638208106	1732435	1733085
NC_006624	638208109	1734358	1735149
NC_006624	638208108	1733576	1734370
NC_006624	638206633	411920	412432
NC_006624	638206632	411204	411824
NC_006624	638206635	414048	414659
NC_006624	638208452	2039486	2040424
NC_006624	638208451	2038318	2039493
NC_006624	638208450	2037398	2038318
NC_006624	638206709	477806	478402
NC_006624	638208247	1845343	1845993
NC_006624	638207951	1564497	1564706
NC_006624	638207858	1469814	1471082
NC_006624	638207859	1471158	1472330
NC_006624	638207328	1024464	1025468
NC_006624	638207329	1025569	1026375
NC_006624	638207852	1463654	1464796
NC_006624	638207325	1022203	1023021
NC_006624	638207326	1023002	1023994
NC_006624	638207327	1023984	1024463
NC_006624	638207856	1468440	1469024
NC_006624	638207321	1015521	1017911
NC_006624	638207854	1467148	1468149
NC_006624	638207323	1021504	1021653
NC_006624	638207457	1128946	1129638
NC_006624	638206737	502215	502406
NC_006624	638207452	1125854	1126309
NC_006624	638207453	1126420	1127586
NC_006624	638207450	1124509	1125156
NC_006624	638207451	1125253	1125753
NC_006624	638207458	1129709	1131142
NC_006624	638207459	1131207	1132619
NC_006624	638208248	1846043	1846270
NC_006624	638207796	1419204	1421006
NC_006624	638208409	1994784	1995797
NC_006624	638206698	465011	465178
NC_006624	638208393	1979069	1979872
NC_006624	638207998	1618842	1619489
NC_006624	638206458	263286	264572
NC_006624	638206954	692132	693562
NC_006624	638206955	693562	695664
NC_006624	638206956	695731	696150
NC_006624	638206957	696155	697399
NC_006624	638206950	690340	690774
NC_006624	638206951	690805	691071
NC_006624	638206952	691061	691246
NC_006624	638206953	691295	692098
NC_006624	638206958	697396	698553
NC_006624	638206959	698546	700249
NC_006624	638208389	1977074	1977502
NC_006624	638206325	151617	152669
NC_006624	638206324	150440	151606
NC_006624	638207638	1294074	1295303
NC_006624	638206985	723089	723226
NC_006624	638206328	154229	155491
NC_006624	638206886	628577	629734
NC_006624	638206887	629806	630408
NC_006624	638206884	626947	627666
NC_006624	638206885	627654	628598
NC_006624	638206882	626013	626636
NC_006624	638206883	626670	626915
NC_006624	638206880	625046	625477
NC_006624	638206881	625480	625899
NC_006624	638206980	720252	720533
NC_006624	638206888	630429	631769
NC_006624	638206889	631766	632506
NC_006624	638206402	217330	218085
NC_006624	638206403	218067	218837
NC_006624	638206400	215549	216175
NC_006624	638206401	216168	217337
NC_006624	638206406	220149	221216
NC_006624	638206407	221213	222412
NC_006624	638206404	218762	219856
NC_006624	638206405	219819	219995
NC_006624	638206408	222418	223233
NC_006624	638206409	223214	224032
NC_006624	638208051	1674177	1675211
NC_006624	638208050	1672925	1674175
NC_006624	638206165	20028	20921
NC_006624	638207056	783074	783853
NC_006624	638207057	783843	785588
NC_006624	638207054	780159	780992
NC_006624	638207055	781183	783021
NC_006624	638206164	19524	20018
NC_006624	638206318	146075	146692
NC_006624	638206319	146748	147344
NC_006624	638206316	144497	145657
NC_006624	638206317	145665	145967
NC_006624	638206314	142594	143439
NC_006624	638206315	143473	144534
NC_006624	638206312	141819	142052
NC_006624	638206313	142049	142597
NC_006624	638206310	139262	139675
NC_006624	638206311	140106	141713
NC_006624	638207041	768730	769179
NC_006624	638207040	767439	768719
NC_006624	638207043	770213	770707
NC_006624	638207042	769222	770088
NC_006624	638207045	772028	772498
NC_006624	638207044	770695	772014
NC_006624	638208068	1689611	1690387
NC_006624	638207046	772565	774286
NC_006624	638207049	775831	776256
NC_006624	638208067	1688144	1689511
NC_006624	638208064	1685747	1686901
NC_006624	638208065	1687081	1687257
NC_006624	638208062	1683030	1683707
NC_006624	638208063	1683780	1685636
NC_006624	638208060	1681952	1682545
NC_006624	638208355	1934131	1935837
NC_006624	638206536	323114	325000
NC_006624	638206537	325005	327143
NC_006624	638206534	322252	322440
NC_006624	638206535	322756	323109
NC_006624	638206532	320809	321672
NC_006624	638208356	1935847	1936752
NC_006624	638206530	317871	319016
NC_006624	638206531	319009	319860
NC_006624	638208357	1936990	1937937
NC_006624	638206538	327158	327679
NC_006624	638206539	327691	328026
NC_006624	638207919	1525912	1526625
NC_006624	638207918	1525259	1525918
NC_006624	638207913	1518421	1522149
NC_006624	638207912	1517394	1518404
NC_006624	638207911	1516225	1517391
NC_006624	638207910	1515386	1516204
NC_006624	638207917	1523768	1525216
NC_006624	638207916	1522284	1523349
NC_006624	638206166	20921	21910
NC_006624	638206148	8137	8352
NC_006624	638207139	856628	857392
NC_006624	638207138	854869	856581
NC_006624	638207135	851874	852065
NC_006624	638207134	850409	851776
NC_006624	638207137	852595	854775
NC_006624	638207136	852086	852316
NC_006624	638207131	848636	849730
NC_006624	638207130	847513	848643
NC_006624	638207133	850115	850336
NC_006624	638207132	849727	850128
NC_006624	638207597	1249307	1249903
NC_006624	638207596	1248046	1249254
NC_006624	638207267	969687	970346
NC_006624	638207594	1246918	1247736
NC_006624	638207593	1245681	1246802
NC_006624	638207260	966295	966579
NC_006624	638207591	1244984	1245442
NC_006624	638207590	1244452	1244949
NC_006624	638208288	1878952	1879938
NC_006624	638208289	1879935	1880366
NC_006624	638206161	16706	17437
NC_006624	638207268	970343	971146
NC_006624	638208440	2028534	2029010
NC_006624	638208441	2029021	2029587
NC_006624	638206628	408808	409551
NC_006624	638206629	409553	410206
NC_006624	638208444	2031245	2032825
NC_006624	638208117	1738517	1738873
NC_006624	638208446	2033608	2034564
NC_006624	638208447	2034557	2035708
NC_006624	638206622	399794	404929
NC_006624	638206623	405240	406034
NC_006624	638208118	1738880	1739602
NC_006624	638208119	1739605	1739946
NC_006624	638206626	406704	407438
NC_006624	638206627	407579	408799
NC_006624	638206624	406163	406375
NC_006624	638206625	406372	406707
NC_006624	638206160	15683	16702
NC_006624	638207682	1326900	1327265
NC_006624	638207681	1326465	1326893
NC_006624	638207680	1326047	1326454
NC_006624	638207687	1329198	1329647
NC_006624	638207686	1328645	1329187
NC_006624	638207869	1480637	1481422
NC_006624	638207868	1479579	1480433
NC_006624	638207867	1478133	1479578
NC_006624	638207866	1477656	1478123
NC_006624	638207689	1329762	1330349
NC_006624	638207864	1475621	1476520
NC_006624	638207863	1475280	1475477
NC_006624	638207862	1474748	1475185
NC_006624	638207861	1473261	1474763
NC_006624	638207860	1472431	1473222
NC_006624	638207469	1145861	1147189
NC_006624	638207468	1144729	1145796
NC_006624	638207463	1135930	1138407
NC_006624	638207462	1133419	1135800
NC_006624	638207461	1133107	1133334
NC_006624	638207460	1132681	1133097
NC_006624	638207467	1143557	1144729
NC_006624	638207466	1143212	1143511
NC_006624	638207465	1139858	1143169
NC_006624	638207464	1138463	1139542
NC_006624	638207668	1320298	1320747
NC_006624	638207661	1316339	1316548
NC_006624	638207660	1314935	1316239
NC_006624	638207663	1317097	1318443
NC_006624	638207662	1316719	1316829
NC_006624	638207665	1318685	1319206
NC_006624	638207664	1318440	1318679
NC_006624	638207667	1319986	1320315
NC_006624	638207666	1319263	1319976
NC_006624	638208353	1933408	1933680
NC_006624	638208387	1974402	1975460
NC_006624	638208386	1973957	1974379
NC_006624	638208481	2062095	2062544
NC_006624	638206181	34029	35771
NC_006624	638206180	33105	33989
NC_006624	638207090	809485	810315
NC_006624	638206189	41110	41808
NC_006624	638206188	40585	41070
NC_006624	638207840	1452894	1453106
NC_006624	638208413	2001192	2001330
NC_006624	638208127	1746442	1747371
NC_006624	638208434	2021255	2021620
NC_006624	638208124	1744041	1744346
NC_006624	638208431	2019571	2019753
NC_006624	638208122	1742029	1743807
NC_006624	638208433	2020533	2021168
NC_006624	638206618	394172	395494
NC_006624	638206617	393358	394056
NC_006624	638206619	395647	398853
NC_006624	638207628	1279314	1280360
NC_006624	638206611	385774	386883
NC_006624	638206610	385272	385784
NC_006624	638207098	817240	817389
NC_006624	638206437	244719	245267
NC_006624	638206436	243806	244726
NC_006624	638206435	241311	243770
NC_006624	638206434	240419	241168
NC_006624	638206433	239068	240428
NC_006624	638206439	245794	246489
NC_006624	638206438	245333	245797
NC_006624	638207303	996561	997667
NC_006624	638206323	150034	150438
NC_006624	638206322	147948	149933
NC_006624	638206321	147691	147912
NC_006624	638206320	147371	147703
NC_006624	638206327	153543	154223
NC_006624	638206326	152817	153485
NC_006624	638206989	726449	726994
NC_006624	638206988	725164	726249
NC_006624	638206987	723887	725059
NC_006624	638206986	723337	723861
NC_006624	638206329	155586	156554
NC_006624	638206984	722543	723049
NC_006624	638206983	722231	722515
NC_006624	638206982	721434	722171
NC_006624	638206981	720535	721326
NC_006624	638206736	501994	502218
NC_006624	638208053	1675660	1676757
NC_006624	638207053	779107	780156
NC_006624	638207050	776238	777167
NC_006624	638207051	777225	778388
NC_006624	638208057	1679752	1680582
NC_006624	638208056	1678845	1679765
NC_006624	638208055	1678033	1678848
NC_006624	638208054	1676851	1678002
NC_006624	638206503	297370	297882
NC_006624	638206502	295858	297369
NC_006624	638208059	1681337	1681942
NC_006624	638208058	1680579	1681340
NC_006624	638206507	301565	302491
NC_006624	638206506	299442	301568
NC_006624	638206505	298516	299445
NC_006624	638206504	297947	298417
	638207870		
NC_006624	638207908	1513583	1514308
NC_006624	638207909	1514305	1515384
NC_006624	638207695	1333539	1333790
NC_006624	638207904	1508229	1508918
NC_006624	638207905	1508915	1509799
NC_006624	638207906	1509833	1512133
NC_006624	638207907	1512331	1513620
NC_006624	638207900	1503331	1504578
NC_006624	638207901	1504934	1506007
NC_006624	638207902	1506004	1506975
NC_006624	638207903	1507039	1508232
NC_006624	638206187	40061	40585
NC_006624	638206186	38612	40036
NC_006624	638206185	38132	38608
NC_006624	638206184	37291	38118
NC_006624	638206183	36620	37279
NC_006624	638206182	35786	36562
NC_006624	638207128	846474	847127
NC_006624	638207129	847207	847467
NC_006624	638207126	845060	845257
NC_006624	638207127	845337	846383
NC_006624	638207124	843725	844798
NC_006624	638207125	844810	845070
NC_006624	638207122	843053	843367
NC_006624	638207123	843364	843738
NC_006624	638207120	841242	842060
NC_006624	638207121	842032	843027
NC_006624	638207276	978445	979389
NC_006624	638207277	979459	980430
NC_006624	638207274	977554	977736
NC_006624	638207275	977765	978448
NC_006624	638207272	975506	976867
NC_006624	638207273	976917	977486
NC_006624	638207270	972635	974005
NC_006624	638207271	974049	975446
NC_006624	638207693	1332455	1332676
NC_006624	638207278	980518	981783
NC_006624	638207279	981842	982099
NC_006624	638208435	2021593	2022312
NC_006624	638208126	1745774	1746403
NC_006624	638208125	1744348	1745694
NC_006624	638208436	2022367	2023209
NC_006624	638208123	1743797	1744051
NC_006624	638208430	2019280	2019504
NC_006624	638208121	1740904	1741929
NC_006624	638208120	1740038	1740652
NC_006624	638206718	485726	486190
NC_006624	638206616	392314	393105
NC_006624	638206615	390873	392345
NC_006624	638206614	389800	390876
NC_006624	638206613	389163	389795
NC_006624	638206612	386944	389166
NC_006624	638208129	1748760	1749428
NC_006624	638208128	1747411	1748763
NC_006624	638207972	1591797	1592789
NC_006624	638208245	1843098	1844966
NC_006624	638207975	1595230	1595538
NC_006624	638207750	1377614	1379080
NC_006624	638207694	1332721	1333431
NC_006624	638207871	1481509	1482418
NC_006624	638207872	1482598	1483329
NC_006624	638207697	1334384	1334656
NC_006624	638207690	1330390	1331187
NC_006624	638207875	1484971	1486962
NC_006624	638207692	1332244	1332483
NC_006624	638207877	1488802	1489857
NC_006624	638207878	1489966	1490706
NC_006624	638207879	1490769	1491302
NC_006624	638207752	1380327	1380692
NC_006624	638207698	1334698	1335222
NC_006624	638207699	1335215	1335805
