NZ_AHVB01000026	2514742287	20780	21928
NZ_AHVB01000026	2514742286	19530	20771
NZ_AHVB01000026	2514742285	18578	19552
NZ_AHVB01000026	2514742284	17472	18581
NZ_AHVB01000026	2514742283	16803	17408
NZ_AHVB01000026	2514742282	16606	16791
NZ_AHVB01000026	2514742281	15509	16609
NZ_AHVB01000026	2514742280	15077	15490
NZ_AHVB01000026	2514742289	23012	23917
NZ_AHVB01000026	2514742288	21918	23015
NZ_AHVB01000016	2514742041	18309	18818
NZ_AHVB01000035	2514742516	99479	101662
NZ_AHVB01000035	2514742515	99085	99315
NZ_AHVB01000016	2514742042	18897	20448
NZ_AHVB01000017	2514742045	1372	1659
NZ_AHVB01000017	2514742044	357	1301
NZ_AHVB01000035	2514742511	96779	96982
NZ_AHVB01000017	2514742046	1665	2057
NZ_AHVB01000017	2514742049	3809	4135
NZ_AHVB01000017	2514742048	2745	3167
NZ_AHVB01000035	2514742519	103770	104504
NZ_AHVB01000035	2514742518	102507	103652
NZ_AHVB01000063	2514743240	2272	3297
NZ_AHVB01000063	2514743241	3406	4590
NZ_AHVB01000063	2514743242	4860	5279
NZ_AHVB01000063	2514743243	5364	6071
NZ_AHVB01000075	2514743905	2243	2473
NZ_AHVB01000063	2514743246	7936	8736
NZ_AHVB01000063	2514743247	9929	10138
NZ_AHVB01000063	2514743248	10221	11006
NZ_AHVB01000063	2514743249	11133	12416
NZ_AHVB01000039	2514742609	15790	16785
NZ_AHVB01000039	2514742608	15434	15742
NZ_AHVB01000039	2514742603	9913	10419
NZ_AHVB01000039	2514742602	9635	9916
NZ_AHVB01000039	2514742601	8482	9645
NZ_AHVB01000039	2514742600	8179	8334
NZ_AHVB01000039	2514742607	14766	15428
NZ_AHVB01000039	2514742606	13107	14591
NZ_AHVB01000039	2514742605	11963	13102
NZ_AHVB01000039	2514742604	10416	11849
NZ_AHVB01000075	2514743904	1543	2079
NZ_AHVB01000013	2514741867	25132	26745
NZ_AHVB01000050	2514742863	24994	26601
NZ_AHVB01000050	2514742862	24264	24959
NZ_AHVB01000050	2514742861	23371	23871
NZ_AHVB01000050	2514742860	22808	23224
NZ_AHVB01000051	2514742867	4259	5338
NZ_AHVB01000051	2514742866	3537	4262
NZ_AHVB01000051	2514742865	2263	3537
NZ_AHVB01000051	2514742864	1	2040
NZ_AHVB01000051	2514742869	5707	6285
NZ_AHVB01000051	2514742868	5340	5528
NZ_AHVB01000072	2514743820	56136	57320
NZ_AHVB01000072	2514743838	73379	73825
NZ_AHVB01000035	2514742469	45090	45431
NZ_AHVB01000035	2514742468	44420	45103
NZ_AHVB01000035	2514742467	44021	44455
NZ_AHVB01000035	2514742466	43073	43972
NZ_AHVB01000035	2514742465	42666	42851
NZ_AHVB01000035	2514742463	41808	42419
NZ_AHVB01000035	2514742462	40470	41774
NZ_AHVB01000035	2514742461	40315	40431
NZ_AHVB01000035	2514742460	39909	40256
NZ_AHVB01000026	2514742269	4727	5968
NZ_AHVB01000026	2514742268	3528	4730
NZ_AHVB01000064	2514743394	47347	48054
NZ_AHVB01000064	2514743395	48160	48819
NZ_AHVB01000064	2514743392	45275	46324
NZ_AHVB01000064	2514743393	46415	47350
NZ_AHVB01000064	2514743390	42862	44193
NZ_AHVB01000064	2514743391	44180	45274
NZ_AHVB01000026	2514742261	1	444
NZ_AHVB01000035	2514742438	15893	16138
NZ_AHVB01000026	2514742263	1070	1438
NZ_AHVB01000026	2514742262	704	916
NZ_AHVB01000026	2514742265	1776	2219
NZ_AHVB01000070	2514743649	14227	15162
NZ_AHVB01000026	2514742267	2595	3521
NZ_AHVB01000026	2514742266	2221	2595
NZ_AHVB01000035	2514742517	101659	102495
NZ_AHVB01000072	2514743826	61274	61606
NZ_AHVB01000028	2514742343	5444	5620
NZ_AHVB01000072	2514743827	61809	64685
NZ_AHVB01000072	2514743828	64772	65323
NZ_AHVB01000035	2514742514	98711	99058
NZ_AHVB01000072	2514743829	65381	66706
NZ_AHVB01000035	2514742513	97484	98656
NZ_AHVB01000067	2514743538	11991	12455
NZ_AHVB01000035	2514742512	97141	97320
NZ_AHVB01000077	2514744047	18210	19652
NZ_AHVB01000056	2514743029	22357	24270
NZ_AHVB01000077	2514744045	16222	17229
NZ_AHVB01000067	2514743539	12616	13620
NZ_AHVB01000077	2514744043	14925	15689
NZ_AHVB01000077	2514744042	14061	14912
NZ_AHVB01000077	2514744041	12748	14070
NZ_AHVB01000077	2514744040	12120	12623
NZ_AHVB01000056	2514743020	14546	14806
NZ_AHVB01000056	2514743021	14813	15580
NZ_AHVB01000056	2514743022	15592	16677
NZ_AHVB01000035	2514742510	96387	96704
NZ_AHVB01000056	2514743024	17579	18025
NZ_AHVB01000056	2514743025	18064	19344
NZ_AHVB01000056	2514743026	19344	20135
NZ_AHVB01000056	2514743027	20146	21036
NZ_AHVB01000075	2514743945	40798	41718
NZ_AHVB01000072	2514743808	44721	45653
NZ_AHVB01000072	2514743809	45656	46648
NZ_AHVB01000072	2514743806	43733	44023
NZ_AHVB01000072	2514743807	44026	44682
NZ_AHVB01000072	2514743804	42191	42478
NZ_AHVB01000075	2514743944	40330	40812
NZ_AHVB01000072	2514743802	38471	40234
NZ_AHVB01000072	2514743803	40406	42142
NZ_AHVB01000072	2514743800	36680	37426
NZ_AHVB01000072	2514743801	37521	38369
NZ_AHVB01000059	2514743127	22595	23173
NZ_AHVB01000077	2514744080	47549	48088
NZ_AHVB01000071	2514743738	21198	21764
NZ_AHVB01000071	2514743739	21904	22461
NZ_AHVB01000071	2514743734	16067	18424
NZ_AHVB01000071	2514743735	18570	19361
NZ_AHVB01000071	2514743736	19404	20123
NZ_AHVB01000071	2514743737	20227	21135
NZ_AHVB01000071	2514743730	12627	12788
NZ_AHVB01000071	2514743731	13908	14099
NZ_AHVB01000071	2514743732	14217	14990
NZ_AHVB01000071	2514743733	15072	16046
NZ_AHVB01000077	2514744088	54789	55418
NZ_AHVB01000073	2514743859	14159	14377
NZ_AHVB01000073	2514743858	13064	13837
NZ_AHVB01000011	2514741729	23336	23650
NZ_AHVB01000011	2514741728	22988	23263
NZ_AHVB01000013	2514741899	58532	59212
NZ_AHVB01000013	2514741898	57390	58472
NZ_AHVB01000011	2514741725	19998	20294
NZ_AHVB01000013	2514741896	55576	56517
NZ_AHVB01000011	2514741727	22398	22991
NZ_AHVB01000011	2514741726	20291	22276
NZ_AHVB01000011	2514741721	16466	17200
NZ_AHVB01000011	2514741720	15961	16473
NZ_AHVB01000011	2514741723	18269	19276
NZ_AHVB01000011	2514741722	17317	18282
NZ_AHVB01000017	2514742051	4657	5310
NZ_AHVB01000072	2514743822	58928	59791
NZ_AHVB01000067	2514743545	17869	18177
NZ_AHVB01000064	2514743410	62422	63048
NZ_AHVB01000072	2514743823	59804	60208
NZ_AHVB01000007	2514741651	29998	30675
NZ_AHVB01000007	2514741650	29715	29996
NZ_AHVB01000007	2514741653	31080	32591
NZ_AHVB01000007	2514741652	30680	31066
NZ_AHVB01000007	2514741655	33774	34583
NZ_AHVB01000007	2514741654	32603	33724
NZ_AHVB01000007	2514741657	34869	35936
NZ_AHVB01000007	2514741656	34640	34786
NZ_AHVB01000007	2514741659	36877	38076
NZ_AHVB01000007	2514741658	35926	36603
NZ_AHVB01000075	2514743963	59726	60319
NZ_AHVB01000072	2514743824	60328	60978
NZ_AHVB01000072	2514743825	60984	61136
NZ_AHVB01000033	2514742418	5278	6135
NZ_AHVB01000063	2514743245	6517	7563
NZ_AHVB01000075	2514743948	46075	46971
NZ_AHVB01000014	2514741917	1509	2009
NZ_AHVB01000064	2514743363	21982	22842
NZ_AHVB01000076	2514744014	26838	28001
NZ_AHVB01000076	2514744015	28179	28520
NZ_AHVB01000071	2514743755	35812	37167
NZ_AHVB01000059	2514743129	24281	25348
NZ_AHVB01000077	2514744046	17240	18199
NZ_AHVB01000071	2514743753	34086	34868
NZ_AHVB01000018	2514742074	1741	3621
NZ_AHVB01000018	2514742075	3627	4502
NZ_AHVB01000018	2514742076	4550	5170
NZ_AHVB01000018	2514742077	5205	5870
NZ_AHVB01000017	2514742070	21275	21517
NZ_AHVB01000017	2514742071	21514	22719
NZ_AHVB01000017	2514742072	22862	24457
NZ_AHVB01000018	2514742073	407	1690
NZ_AHVB01000076	2514744018	29954	31657
NZ_AHVB01000018	2514742078	5872	6501
NZ_AHVB01000018	2514742079	6588	7703
NZ_AHVB01000067	2514743547	19073	19366
NZ_AHVB01000071	2514743759	38660	39055
NZ_AHVB01000033	2514742419	6146	6658
NZ_AHVB01000075	2514743910	5967	7889
NZ_AHVB01000063	2514743256	16049	16492
NZ_AHVB01000063	2514743255	15716	16060
NZ_AHVB01000063	2514743254	14974	15687
NZ_AHVB01000063	2514743253	14387	14908
NZ_AHVB01000063	2514743252	14135	14374
NZ_AHVB01000031	2514742388	2871	3305
NZ_AHVB01000031	2514742389	3567	3827
NZ_AHVB01000031	2514742386	2250	2468
NZ_AHVB01000031	2514742387	2635	2886
NZ_AHVB01000031	2514742384	1270	1545
NZ_AHVB01000031	2514742385	1572	2177
NZ_AHVB01000031	2514742382	341	757
NZ_AHVB01000031	2514742383	738	965
NZ_AHVB01000063	2514743259	17941	18144
NZ_AHVB01000031	2514742381	1	253
NZ_AHVB01000075	2514743911	7886	9595
NZ_AHVB01000041	2514742678	3563	4294
NZ_AHVB01000041	2514742679	4490	5104
NZ_AHVB01000041	2514742676	1389	2348
NZ_AHVB01000041	2514742677	2350	3477
NZ_AHVB01000040	2514742674	49636	50074
NZ_AHVB01000041	2514742675	597	1262
NZ_AHVB01000040	2514742672	48661	48936
NZ_AHVB01000040	2514742673	48912	49517
NZ_AHVB01000040	2514742670	48139	48369
NZ_AHVB01000040	2514742671	48350	48664
NZ_AHVB01000047	2514742816	2988	3902
NZ_AHVB01000047	2514742817	4042	4833
NZ_AHVB01000047	2514742814	1036	2718
NZ_AHVB01000047	2514742815	2761	2991
NZ_AHVB01000047	2514742813	481	1011
NZ_AHVB01000046	2514742810	12451	13068
NZ_AHVB01000067	2514743544	17195	17866
NZ_AHVB01000047	2514742818	4907	6505
NZ_AHVB01000047	2514742819	6833	7420
NZ_AHVB01000035	2514742492	77566	78267
NZ_AHVB01000035	2514742493	78279	78917
NZ_AHVB01000070	2514743659	22573	23094
NZ_AHVB01000035	2514742491	76191	77606
NZ_AHVB01000035	2514742496	80112	80966
NZ_AHVB01000035	2514742494	79019	79372
NZ_AHVB01000035	2514742495	79369	80067
NZ_AHVB01000070	2514743653	18226	18426
NZ_AHVB01000070	2514743652	16799	18193
NZ_AHVB01000070	2514743651	15823	16809
NZ_AHVB01000035	2514742499	86365	86841
NZ_AHVB01000070	2514743657	21759	22283
NZ_AHVB01000070	2514743656	21071	21634
NZ_AHVB01000070	2514743655	20249	21064
NZ_AHVB01000070	2514743654	18499	20256
NZ_AHVB01000042	2514742702	18139	18993
NZ_AHVB01000042	2514742703	19064	19456
NZ_AHVB01000064	2514743387	38081	40540
NZ_AHVB01000042	2514742701	17300	17869
NZ_AHVB01000042	2514742706	20135	20347
NZ_AHVB01000042	2514742707	20411	21811
NZ_AHVB01000042	2514742704	19459	19833
NZ_AHVB01000042	2514742705	19928	20134
NZ_AHVB01000025	2514742254	44017	44637
NZ_AHVB01000025	2514742255	44615	45307
NZ_AHVB01000025	2514742256	45385	45630
NZ_AHVB01000042	2514742709	22494	23177
NZ_AHVB01000025	2514742250	38706	39260
NZ_AHVB01000025	2514742251	39446	40900
NZ_AHVB01000025	2514742252	40948	41883
NZ_AHVB01000025	2514742253	41930	43909
NZ_AHVB01000052	2514742928	42700	43908
NZ_AHVB01000052	2514742929	44413	45447
NZ_AHVB01000075	2514743960	57226	58146
NZ_AHVB01000052	2514742922	33498	35381
NZ_AHVB01000052	2514742923	35478	37337
NZ_AHVB01000052	2514742920	32194	32787
NZ_AHVB01000052	2514742921	32774	33445
NZ_AHVB01000052	2514742926	41222	41503
NZ_AHVB01000052	2514742927	41479	42588
NZ_AHVB01000052	2514742924	37341	38498
NZ_AHVB01000052	2514742925	38530	41121
NZ_AHVB01000075	2514743915	12442	12954
NZ_AHVB01000067	2514743541	14480	15220
NZ_AHVB01000056	2514743039	32241	32573
NZ_AHVB01000056	2514743038	31975	32244
NZ_AHVB01000056	2514743037	31727	31978
NZ_AHVB01000056	2514743036	31006	31776
NZ_AHVB01000056	2514743035	30512	31009
NZ_AHVB01000056	2514743034	28881	30521
NZ_AHVB01000056	2514743033	28004	28876
NZ_AHVB01000056	2514743032	26191	28002
NZ_AHVB01000056	2514743031	24766	26190
NZ_AHVB01000056	2514743030	24272	24769
NZ_AHVB01000075	2514743969	65886	67271
NZ_AHVB01000072	2514743819	55408	56139
NZ_AHVB01000072	2514743818	54029	55411
NZ_AHVB01000075	2514743968	64774	65841
NZ_AHVB01000072	2514743815	50459	52177
NZ_AHVB01000072	2514743814	49600	50457
NZ_AHVB01000072	2514743817	53634	54026
NZ_AHVB01000072	2514743816	52250	53623
NZ_AHVB01000072	2514743811	47301	48392
NZ_AHVB01000072	2514743810	46648	47238
NZ_AHVB01000072	2514743813	49100	49516
NZ_AHVB01000072	2514743812	48367	49029
NZ_AHVB01000067	2514743540	13617	14483
NZ_AHVB01000077	2514744098	60857	61393
NZ_AHVB01000077	2514744099	61464	62300
NZ_AHVB01000011	2514741706	1126	1731
NZ_AHVB01000077	2514744094	58532	59911
NZ_AHVB01000077	2514744095	59908	60039
NZ_AHVB01000077	2514744096	60063	60320
NZ_AHVB01000077	2514744097	60403	60864
NZ_AHVB01000077	2514744090	55922	56275
NZ_AHVB01000077	2514744091	57630	57959
NZ_AHVB01000077	2514744092	57962	58168
NZ_AHVB01000077	2514744093	58332	58520
NZ_AHVB01000013	2514741872	31448	32167
NZ_AHVB01000075	2514743917	14541	15299
NZ_AHVB01000059	2514743137	31345	31707
NZ_AHVB01000013	2514741874	32535	32837
NZ_AHVB01000013	2514741877	35167	35667
NZ_AHVB01000035	2514742439	16415	18088
NZ_AHVB01000009	2514741700	14246	14506
NZ_AHVB01000071	2514743723	5313	5681
NZ_AHVB01000071	2514743722	4513	5316
NZ_AHVB01000071	2514743721	4101	4481
NZ_AHVB01000071	2514743720	3257	4096
NZ_AHVB01000071	2514743727	7911	10199
NZ_AHVB01000071	2514743726	7510	7818
NZ_AHVB01000071	2514743725	6862	7434
NZ_AHVB01000071	2514743724	5683	6744
NZ_AHVB01000071	2514743729	11964	12578
NZ_AHVB01000071	2514743728	10336	11958
NZ_AHVB01000052	2514742880	439	1563
NZ_AHVB01000011	2514741708	5442	5987
NZ_AHVB01000011	2514741710	6920	7990
NZ_AHVB01000011	2514741711	7991	8977
NZ_AHVB01000011	2514741712	8955	9770
NZ_AHVB01000011	2514741713	9783	10622
NZ_AHVB01000011	2514741714	10670	11602
NZ_AHVB01000068	2514743617	39782	40669
NZ_AHVB01000013	2514741864	19489	22212
NZ_AHVB01000011	2514741717	13301	13810
NZ_AHVB01000011	2514741718	13934	14683
NZ_AHVB01000011	2514741719	14823	15956
NZ_AHVB01000013	2514741868	26954	27712
NZ_AHVB01000013	2514741869	27854	28108
NZ_AHVB01000064	2514743381	34971	35537
NZ_AHVB01000059	2514743132	26658	26972
NZ_AHVB01000068	2514743616	38743	39831
NZ_AHVB01000043	2514742758	573	848
NZ_AHVB01000050	2514742838	1	105
NZ_AHVB01000007	2514741664	40222	40977
NZ_AHVB01000007	2514741665	41070	43511
NZ_AHVB01000007	2514741666	43628	45532
NZ_AHVB01000007	2514741667	45540	46181
NZ_AHVB01000007	2514741660	38179	38712
NZ_AHVB01000007	2514741661	38717	39277
NZ_AHVB01000007	2514741662	39455	39955
NZ_AHVB01000007	2514741663	39965	40213
NZ_AHVB01000007	2514741668	46213	46905
NZ_AHVB01000007	2514741669	46999	47460
NZ_AHVB01000059	2514743131	26501	26671
NZ_AHVB01000067	2514743549	19807	20178
NZ_AHVB01000035	2514742437	13721	14995
NZ_AHVB01000070	2514743644	9657	10946
NZ_AHVB01000064	2514743397	49110	49586
NZ_AHVB01000070	2514743646	11824	12303
NZ_AHVB01000070	2514743647	12469	13155
NZ_AHVB01000070	2514743640	6498	7220
NZ_AHVB01000070	2514743641	7326	7676
NZ_AHVB01000070	2514743642	7711	8601
NZ_AHVB01000070	2514743643	8598	9581
NZ_AHVB01000047	2514742820	7407	7775
NZ_AHVB01000035	2514742431	6510	7553
NZ_AHVB01000023	2514742190	21410	21952
NZ_AHVB01000043	2514742757	371	544
NZ_AHVB01000070	2514743648	13139	14215
NZ_AHVB01000026	2514742264	1492	1794
NZ_AHVB01000064	2514743398	49623	50357
NZ_AHVB01000068	2514743610	33505	34137
NZ_AHVB01000064	2514743399	50397	51959
NZ_AHVB01000017	2514742069	20809	21306
NZ_AHVB01000017	2514742068	18857	20788
NZ_AHVB01000017	2514742063	13123	14067
NZ_AHVB01000017	2514742062	11985	12686
NZ_AHVB01000017	2514742061	10874	11314
NZ_AHVB01000017	2514742060	10605	10871
NZ_AHVB01000017	2514742067	18565	18816
NZ_AHVB01000017	2514742066	18378	18554
NZ_AHVB01000017	2514742065	17004	17279
NZ_AHVB01000017	2514742064	14108	17032
NZ_AHVB01000065	2514743469	24076	24417
NZ_AHVB01000067	2514743533	5151	6764
NZ_AHVB01000031	2514742399	11358	11915
NZ_AHVB01000031	2514742398	11081	11368
NZ_AHVB01000031	2514742395	6901	8148
NZ_AHVB01000031	2514742394	6588	6857
NZ_AHVB01000031	2514742397	9076	11010
NZ_AHVB01000031	2514742396	8128	9015
NZ_AHVB01000031	2514742391	4221	4511
NZ_AHVB01000031	2514742390	3927	4214
NZ_AHVB01000031	2514742393	6017	6595
NZ_AHVB01000031	2514742392	4711	5319
NZ_AHVB01000040	2514742669	47897	48142
NZ_AHVB01000040	2514742668	47478	47900
NZ_AHVB01000040	2514742665	45672	47195
NZ_AHVB01000040	2514742664	45282	45689
NZ_AHVB01000040	2514742667	47192	47485
NZ_AHVB01000040	2514742666	47089	47277
NZ_AHVB01000040	2514742661	42936	43307
NZ_AHVB01000040	2514742660	41977	42825
NZ_AHVB01000040	2514742663	44055	45188
NZ_AHVB01000040	2514742662	43365	43841
NZ_AHVB01000075	2514743943	39913	40200
NZ_AHVB01000046	2514742805	7351	9204
NZ_AHVB01000046	2514742804	5870	7354
NZ_AHVB01000046	2514742807	10148	10735
NZ_AHVB01000046	2514742806	9208	10137
NZ_AHVB01000046	2514742801	4553	4828
NZ_AHVB01000046	2514742800	4147	4560
NZ_AHVB01000046	2514742803	5532	5873
NZ_AHVB01000046	2514742802	4822	5535
NZ_AHVB01000046	2514742809	11270	12445
NZ_AHVB01000046	2514742808	10732	11259
NZ_AHVB01000035	2514742481	62028	62537
NZ_AHVB01000035	2514742480	60732	61976
NZ_AHVB01000035	2514742483	63043	63855
NZ_AHVB01000035	2514742482	62534	63046
NZ_AHVB01000035	2514742485	65310	71054
NZ_AHVB01000035	2514742484	63947	65134
NZ_AHVB01000035	2514742487	72526	73536
NZ_AHVB01000035	2514742486	71065	72525
NZ_AHVB01000035	2514742489	74418	75341
NZ_AHVB01000069	2514743627	2191	3165
NZ_AHVB01000068	2514743624	45829	46524
NZ_AHVB01000069	2514743625	58	1260
NZ_AHVB01000068	2514743622	44254	44457
NZ_AHVB01000068	2514743623	44522	45793
NZ_AHVB01000068	2514743620	42778	43269
NZ_AHVB01000068	2514743621	43266	43844
NZ_AHVB01000025	2514742243	33263	33835
NZ_AHVB01000025	2514742242	32263	33183
NZ_AHVB01000025	2514742241	31814	32266
NZ_AHVB01000042	2514742712	25329	26240
NZ_AHVB01000042	2514742715	28216	30300
NZ_AHVB01000025	2514742246	35491	35916
NZ_AHVB01000025	2514742245	34178	35437
NZ_AHVB01000042	2514742716	30926	31333
NZ_AHVB01000042	2514742719	34918	36075
NZ_AHVB01000042	2514742718	34190	34921
NZ_AHVB01000025	2514742249	36420	37544
NZ_AHVB01000025	2514742248	36033	36302
NZ_AHVB01000052	2514742939	54008	54604
NZ_AHVB01000056	2514743028	21033	22136
NZ_AHVB01000072	2514743780	14378	15046
NZ_AHVB01000052	2514742931	46184	47269
NZ_AHVB01000068	2514743619	41829	42812
NZ_AHVB01000052	2514742933	48092	49165
NZ_AHVB01000052	2514742932	47317	48060
NZ_AHVB01000052	2514742935	50600	51499
NZ_AHVB01000052	2514742934	49305	50603
NZ_AHVB01000052	2514742937	51978	53489
NZ_AHVB01000052	2514742936	51562	51972
NZ_AHVB01000072	2514743782	15774	16205
NZ_AHVB01000072	2514743785	17755	18525
NZ_AHVB01000072	2514743784	16767	17750
NZ_AHVB01000072	2514743787	19890	22043
NZ_AHVB01000068	2514743618	40654	41829
NZ_AHVB01000072	2514743786	18528	19763
NZ_AHVB01000075	2514743929	26270	26479
NZ_AHVB01000067	2514743532	4158	5063
NZ_AHVB01000072	2514743821	57434	58837
NZ_AHVB01000067	2514743530	870	1670
NZ_AHVB01000067	2514743531	1743	3941
NZ_AHVB01000067	2514743536	10191	11858
NZ_AHVB01000063	2514743289	45297	45818
NZ_AHVB01000067	2514743534	6766	7299
NZ_AHVB01000067	2514743535	7322	10189
NZ_AHVB01000063	2514743284	40959	41432
NZ_AHVB01000063	2514743285	41475	42137
NZ_AHVB01000063	2514743286	42134	43303
NZ_AHVB01000063	2514743287	43361	44812
NZ_AHVB01000063	2514743280	35436	36407
NZ_AHVB01000063	2514743281	37268	38293
NZ_AHVB01000063	2514743282	38338	39960
NZ_AHVB01000063	2514743283	40319	40867
NZ_AHVB01000077	2514744083	49767	50942
NZ_AHVB01000077	2514744082	49180	49656
NZ_AHVB01000077	2514744081	48155	49018
NZ_AHVB01000056	2514743023	16679	17455
NZ_AHVB01000077	2514744087	53717	54529
NZ_AHVB01000077	2514744086	52640	53713
NZ_AHVB01000077	2514744085	52286	52597
NZ_AHVB01000077	2514744084	50944	52284
NZ_AHVB01000077	2514744089	55378	55794
NZ_AHVB01000075	2514743928	25764	26258
NZ_AHVB01000075	2514743942	39418	39912
NZ_AHVB01000077	2514744049	20964	23762
NZ_AHVB01000077	2514744048	19664	20725
NZ_AHVB01000059	2514743143	36808	37800
NZ_AHVB01000014	2514741918	2028	3416
NZ_AHVB01000014	2514741919	3616	4209
NZ_AHVB01000052	2514742949	66360	66926
NZ_AHVB01000013	2514741912	70870	72213
NZ_AHVB01000013	2514741913	72223	75492
NZ_AHVB01000013	2514741910	68613	69923
NZ_AHVB01000013	2514741911	69971	70873
NZ_AHVB01000014	2514741916	845	1312
NZ_AHVB01000064	2514743413	63910	65082
NZ_AHVB01000013	2514741914	75569	76683
NZ_AHVB01000014	2514741915	570	824
NZ_AHVB01000071	2514743756	37261	37548
NZ_AHVB01000071	2514743757	37545	38396
NZ_AHVB01000071	2514743754	35013	35810
NZ_AHVB01000064	2514743412	63493	63786
NZ_AHVB01000071	2514743752	33847	34089
NZ_AHVB01000025	2514742258	46855	48012
NZ_AHVB01000071	2514743750	31863	32243
NZ_AHVB01000071	2514743751	32240	33751
NZ_AHVB01000064	2514743415	65504	66823
NZ_AHVB01000071	2514743758	38359	38682
NZ_AHVB01000064	2514743414	65128	65421
NZ_AHVB01000064	2514743417	68770	69402
NZ_AHVB01000064	2514743416	66829	68712
NZ_AHVB01000064	2514743419	70036	71259
NZ_AHVB01000019	2514742107	814	1245
NZ_AHVB01000052	2514742941	55266	56450
NZ_AHVB01000059	2514743149	41548	42246
NZ_AHVB01000013	2514741871	29548	31311
NZ_AHVB01000013	2514741870	28110	29468
NZ_AHVB01000011	2514741705	197	1129
NZ_AHVB01000010	2514741704	463	2095
NZ_AHVB01000013	2514741875	32929	34566
NZ_AHVB01000009	2514741702	18133	18915
NZ_AHVB01000009	2514741701	14711	17830
NZ_AHVB01000013	2514741876	34662	35177
NZ_AHVB01000013	2514741879	36549	37499
NZ_AHVB01000013	2514741878	35792	36535
NZ_AHVB01000011	2514741709	6179	6763
NZ_AHVB01000033	2514742417	3888	5003
NZ_AHVB01000052	2514742947	62772	64712
NZ_AHVB01000066	2514743521	19940	20236
NZ_AHVB01000075	2514743924	21189	22250
NZ_AHVB01000052	2514742887	5926	6726
NZ_AHVB01000036	2514742530	6072	7502
NZ_AHVB01000075	2514743927	25153	25767
NZ_AHVB01000009	2514741678	1	195
NZ_AHVB01000007	2514741673	50951	54067
NZ_AHVB01000007	2514741672	50672	50944
NZ_AHVB01000007	2514741671	49163	50644
NZ_AHVB01000007	2514741670	47587	49017
NZ_AHVB01000008	2514741677	2630	2821
NZ_AHVB01000008	2514741676	1576	2571
NZ_AHVB01000008	2514741675	279	1502
NZ_AHVB01000068	2514743601	25689	26687
NZ_AHVB01000075	2514743926	24533	25153
NZ_AHVB01000031	2514742400	11896	13764
NZ_AHVB01000068	2514743602	26684	27658
NZ_AHVB01000068	2514743603	27688	27993
NZ_AHVB01000075	2514743920	17452	17778
NZ_AHVB01000068	2514743604	27990	28460
NZ_AHVB01000042	2514742746	56568	57242
NZ_AHVB01000075	2514743923	20813	21175
NZ_AHVB01000052	2514742886	5651	5926
NZ_AHVB01000068	2514743606	29922	31103
NZ_AHVB01000016	2514742018	687	1316
NZ_AHVB01000016	2514742019	1306	1593
NZ_AHVB01000015	2514742016	114	269
NZ_AHVB01000016	2514742017	77	676
NZ_AHVB01000014	2514742014	94945	95850
NZ_AHVB01000015	2514742015	1	117
NZ_AHVB01000014	2514742012	93483	94490
NZ_AHVB01000014	2514742013	94625	94942
NZ_AHVB01000014	2514742010	91985	92539
NZ_AHVB01000014	2514742011	92530	93408
NZ_AHVB01000059	2514743148	41300	41494
NZ_AHVB01000063	2514743292	46757	47320
NZ_AHVB01000075	2514743914	11971	12441
NZ_AHVB01000063	2514743269	25969	27504
NZ_AHVB01000076	2514743989	103	564
NZ_AHVB01000040	2514742650	34422	34985
NZ_AHVB01000021	2514742123	3677	4741
NZ_AHVB01000040	2514742652	35125	36318
NZ_AHVB01000021	2514742121	1590	2645
NZ_AHVB01000021	2514742126	7641	8519
NZ_AHVB01000021	2514742127	8516	9337
NZ_AHVB01000040	2514742656	38709	39860
NZ_AHVB01000040	2514742657	39838	40761
NZ_AHVB01000040	2514742658	40763	41557
NZ_AHVB01000040	2514742659	41650	41973
NZ_AHVB01000021	2514742128	10123	11091
NZ_AHVB01000021	2514742129	11239	11520
NZ_AHVB01000063	2514743263	20978	21853
NZ_AHVB01000061	2514743188	14627	15133
NZ_AHVB01000063	2514743341	89354	90274
NZ_AHVB01000025	2514742219	13146	14540
NZ_AHVB01000068	2514743615	37247	38587
NZ_AHVB01000068	2514743614	36083	37204
NZ_AHVB01000068	2514743613	35592	36008
NZ_AHVB01000068	2514743612	34873	35076
NZ_AHVB01000070	2514743639	5297	6349
NZ_AHVB01000068	2514743611	34274	34876
NZ_AHVB01000069	2514743635	8392	9402
NZ_AHVB01000069	2514743634	8173	8388
NZ_AHVB01000070	2514743637	1373	2515
NZ_AHVB01000042	2514742749	59392	60225
NZ_AHVB01000069	2514743631	5331	6182
NZ_AHVB01000069	2514743630	5179	5295
NZ_AHVB01000069	2514743633	7685	8158
NZ_AHVB01000069	2514743632	6523	7701
NZ_AHVB01000042	2514742724	38982	39722
NZ_AHVB01000042	2514742725	39663	40283
NZ_AHVB01000042	2514742726	40414	42819
NZ_AHVB01000025	2514742235	26218	27483
NZ_AHVB01000025	2514742232	22328	23644
NZ_AHVB01000042	2514742721	37417	38022
NZ_AHVB01000025	2514742230	21053	21667
NZ_AHVB01000025	2514742211	4214	5761
NZ_AHVB01000042	2514742728	43237	43584
NZ_AHVB01000025	2514742212	5851	6996
NZ_AHVB01000025	2514742238	28941	29861
NZ_AHVB01000025	2514742239	29846	30553
NZ_AHVB01000025	2514742213	6993	7196
NZ_AHVB01000052	2514742908	22977	23168
NZ_AHVB01000052	2514742909	23186	23542
NZ_AHVB01000052	2514742904	21222	21869
NZ_AHVB01000042	2514742742	52464	52862
NZ_AHVB01000052	2514742906	22011	22244
NZ_AHVB01000052	2514742907	22261	22773
NZ_AHVB01000052	2514742900	17181	18086
NZ_AHVB01000052	2514742901	18071	19063
NZ_AHVB01000052	2514742902	19153	20925
NZ_AHVB01000042	2514742743	52978	53217
NZ_AHVB01000042	2514742740	50763	51482
NZ_AHVB01000042	2514742741	51472	52422
NZ_AHVB01000023	2514742193	24437	25828
NZ_AHVB01000040	2514742620	2198	4351
NZ_AHVB01000023	2514742191	22313	23308
NZ_AHVB01000063	2514743293	47327	48142
NZ_AHVB01000050	2514742839	95	259
NZ_AHVB01000063	2514743291	46108	46632
NZ_AHVB01000029	2514742349	3004	3717
NZ_AHVB01000063	2514743297	51582	52568
NZ_AHVB01000063	2514743296	50198	51592
NZ_AHVB01000063	2514743295	49965	50165
NZ_AHVB01000063	2514743294	48135	49892
NZ_AHVB01000028	2514742342	4303	5391
NZ_AHVB01000049	2514742831	5557	7125
NZ_AHVB01000049	2514742832	7133	7507
NZ_AHVB01000028	2514742341	3559	4314
NZ_AHVB01000049	2514742834	7767	9134
NZ_AHVB01000049	2514742835	9186	10388
NZ_AHVB01000072	2514743839	73822	75294
NZ_AHVB01000023	2514742196	27635	28363
NZ_AHVB01000023	2514742195	26265	27629
NZ_AHVB01000040	2514742626	8180	8479
NZ_AHVB01000013	2514741909	66519	68486
NZ_AHVB01000013	2514741908	65409	66434
NZ_AHVB01000013	2514741901	59975	61858
NZ_AHVB01000075	2514743946	41725	42786
NZ_AHVB01000013	2514741903	62124	62381
NZ_AHVB01000013	2514741902	61861	62118
NZ_AHVB01000013	2514741905	62732	63484
NZ_AHVB01000013	2514741904	62455	62742
NZ_AHVB01000013	2514741907	64022	65389
NZ_AHVB01000013	2514741906	63467	63919
NZ_AHVB01000071	2514743745	28451	29053
NZ_AHVB01000071	2514743744	26083	28398
NZ_AHVB01000071	2514743747	29490	30332
NZ_AHVB01000071	2514743746	29254	29493
NZ_AHVB01000071	2514743741	23618	24505
NZ_AHVB01000071	2514743740	22752	23612
NZ_AHVB01000071	2514743743	25631	25993
NZ_AHVB01000071	2514743742	24575	25672
NZ_AHVB01000071	2514743749	31300	31761
NZ_AHVB01000071	2514743748	30555	31322
NZ_AHVB01000074	2514743864	3286	4200
NZ_AHVB01000074	2514743865	4285	5142
NZ_AHVB01000063	2514743299	53229	54164
NZ_AHVB01000075	2514743938	35923	37158
NZ_AHVB01000013	2514741844	3087	4823
NZ_AHVB01000013	2514741845	4835	5500
NZ_AHVB01000013	2514741846	5497	5928
NZ_AHVB01000013	2514741847	5925	6698
NZ_AHVB01000012	2514741840	60925	61641
NZ_AHVB01000012	2514741841	61658	63022
NZ_AHVB01000013	2514741842	420	1322
NZ_AHVB01000013	2514741843	1326	3041
NZ_AHVB01000075	2514743988	82676	83319
NZ_AHVB01000013	2514741848	6703	7623
NZ_AHVB01000063	2514743298	52573	53229
NZ_AHVB01000075	2514743939	37164	38117
NZ_AHVB01000074	2514743868	6722	6958
NZ_AHVB01000074	2514743869	6945	7316
NZ_AHVB01000075	2514743936	34692	35516
NZ_AHVB01000075	2514743981	76446	77507
NZ_AHVB01000005	2514741598	18768	18926
NZ_AHVB01000006	2514741599	64	1647
NZ_AHVB01000005	2514741596	17421	18149
NZ_AHVB01000005	2514741597	18228	18767
NZ_AHVB01000005	2514741594	14569	15759
NZ_AHVB01000075	2514743980	75089	76456
NZ_AHVB01000005	2514741592	12278	13108
NZ_AHVB01000005	2514741593	13362	14525
NZ_AHVB01000005	2514741590	10458	10676
NZ_AHVB01000005	2514741591	10939	12300
NZ_AHVB01000006	2514741608	12912	13886
NZ_AHVB01000007	2514741609	1	183
NZ_AHVB01000006	2514741606	11059	12072
NZ_AHVB01000006	2514741607	12077	12910
NZ_AHVB01000006	2514741604	9387	9899
NZ_AHVB01000006	2514741605	9908	11059
NZ_AHVB01000006	2514741602	5703	8408
NZ_AHVB01000006	2514741603	8451	9338
NZ_AHVB01000006	2514741600	1701	3308
NZ_AHVB01000006	2514741601	3460	5706
NZ_AHVB01000013	2514741897	56514	57383
NZ_AHVB01000011	2514741724	19379	19993
NZ_AHVB01000013	2514741895	53934	55565
NZ_AHVB01000013	2514741894	52544	53695
NZ_AHVB01000025	2514742259	48052	48216
NZ_AHVB01000013	2514741893	51321	52547
NZ_AHVB01000013	2514741892	50632	51276
NZ_AHVB01000013	2514741891	49218	50606
NZ_AHVB01000013	2514741890	46168	49212
NZ_AHVB01000033	2514742412	385	657
NZ_AHVB01000025	2514742260	48227	48440
NZ_AHVB01000075	2514743932	30311	31594
NZ_AHVB01000065	2514743462	19723	20586
NZ_AHVB01000068	2514743609	33053	33463
NZ_AHVB01000065	2514743463	20557	21348
NZ_AHVB01000076	2514743998	7570	8121
NZ_AHVB01000075	2514743933	31674	32423
NZ_AHVB01000065	2514743468	23461	23814
NZ_AHVB01000076	2514743999	8235	9068
NZ_AHVB01000052	2514742882	2131	2262
NZ_AHVB01000033	2514742411	246	383
NZ_AHVB01000053	2514742951	1	196
NZ_AHVB01000042	2514742733	46409	46723
NZ_AHVB01000075	2514743930	26442	28517
NZ_AHVB01000014	2514742009	91720	91848
NZ_AHVB01000014	2514742008	90501	91718
NZ_AHVB01000070	2514743638	2545	5295
NZ_AHVB01000014	2514742005	88370	89005
NZ_AHVB01000014	2514742004	87849	88373
NZ_AHVB01000014	2514742007	89542	90162
NZ_AHVB01000014	2514742006	88992	89552
NZ_AHVB01000014	2514742001	84344	86029
NZ_AHVB01000014	2514742000	83320	84186
NZ_AHVB01000014	2514742003	87605	87814
NZ_AHVB01000014	2514742002	86145	87608
NZ_AHVB01000070	2514743662	25088	26257
NZ_AHVB01000075	2514743931	28554	29276
NZ_AHVB01000070	2514743663	26254	26916
NZ_AHVB01000075	2514743912	9606	11240
NZ_AHVB01000075	2514743913	11242	11940
NZ_AHVB01000070	2514743666	28431	30053
NZ_AHVB01000070	2514743667	30098	31123
NZ_AHVB01000070	2514743664	26959	27432
NZ_AHVB01000070	2514743665	27524	28072
NZ_AHVB01000021	2514742131	12215	12946
NZ_AHVB01000021	2514742130	11666	12181
NZ_AHVB01000021	2514742133	14379	15260
NZ_AHVB01000040	2514742644	29458	30249
NZ_AHVB01000040	2514742643	28442	29461
NZ_AHVB01000021	2514742134	15361	16308
NZ_AHVB01000021	2514742137	17894	18829
NZ_AHVB01000040	2514742640	24332	24919
NZ_AHVB01000021	2514742139	20026	20343
NZ_AHVB01000021	2514742138	18835	20016
NZ_AHVB01000040	2514742649	33562	34425
NZ_AHVB01000040	2514742648	32228	33493
NZ_AHVB01000011	2514741707	3712	5445
NZ_AHVB01000061	2514743190	16279	17172
NZ_AHVB01000061	2514743191	17193	18218
NZ_AHVB01000061	2514743192	18245	18616
NZ_AHVB01000061	2514743193	18721	19509
NZ_AHVB01000061	2514743194	19517	20545
NZ_AHVB01000061	2514743195	20926	21729
NZ_AHVB01000061	2514743196	21726	22499
NZ_AHVB01000061	2514743197	22512	23612
NZ_AHVB01000061	2514743198	23609	24913
NZ_AHVB01000061	2514743199	24925	25758
NZ_AHVB01000064	2514743352	3422	4207
NZ_AHVB01000064	2514743353	4320	5441
NZ_AHVB01000042	2514742739	50196	50630
NZ_AHVB01000042	2514742738	49764	50129
NZ_AHVB01000064	2514743356	9499	9984
NZ_AHVB01000064	2514743357	10082	13153
NZ_AHVB01000064	2514743354	5725	6720
NZ_AHVB01000068	2514743607	31429	32760
NZ_AHVB01000068	2514743608	32838	33065
NZ_AHVB01000042	2514742732	45945	46274
NZ_AHVB01000064	2514743358	13150	16545
NZ_AHVB01000042	2514742730	44250	45347
NZ_AHVB01000042	2514742737	49561	49761
NZ_AHVB01000042	2514742736	49254	49586
NZ_AHVB01000042	2514742735	48368	49261
NZ_AHVB01000042	2514742734	47838	48254
NZ_AHVB01000025	2514742225	17425	18645
NZ_AHVB01000025	2514742224	16565	17293
NZ_AHVB01000025	2514742227	19408	20052
NZ_AHVB01000025	2514742226	18651	19406
NZ_AHVB01000025	2514742221	15243	16040
NZ_AHVB01000025	2514742220	14564	14944
NZ_AHVB01000025	2514742223	16243	16563
NZ_AHVB01000025	2514742222	16037	16246
NZ_AHVB01000025	2514742229	20232	21047
NZ_AHVB01000025	2514742228	20049	20228
NZ_AHVB01000052	2514742913	26312	27631
NZ_AHVB01000052	2514742912	24944	26311
NZ_AHVB01000052	2514742911	24098	24919
NZ_AHVB01000052	2514742910	23559	23777
NZ_AHVB01000052	2514742917	28710	30134
NZ_AHVB01000052	2514742916	28455	28709
NZ_AHVB01000052	2514742915	28020	28412
NZ_AHVB01000052	2514742914	27812	28033
NZ_AHVB01000076	2514743990	561	1118
NZ_AHVB01000076	2514743991	1130	2479
NZ_AHVB01000076	2514743992	2476	4275
NZ_AHVB01000052	2514742918	30263	31177
NZ_AHVB01000076	2514743994	4612	4833
NZ_AHVB01000065	2514743445	8476	8820
NZ_AHVB01000076	2514743996	5187	5618
NZ_AHVB01000076	2514743997	5690	7564
NZ_AHVB01000010	2514741703	2	466
NZ_AHVB01000029	2514742359	13972	14571
NZ_AHVB01000029	2514742358	12859	13950
NZ_AHVB01000066	2514743516	18087	18431
NZ_AHVB01000066	2514743517	18428	18694
NZ_AHVB01000066	2514743510	14349	15377
NZ_AHVB01000066	2514743511	15374	15661
NZ_AHVB01000049	2514742829	4950	5351
NZ_AHVB01000049	2514742828	3994	4953
NZ_AHVB01000049	2514742827	3516	3950
NZ_AHVB01000029	2514742350	3808	5184
NZ_AHVB01000029	2514742353	6960	7652
NZ_AHVB01000049	2514742824	296	856
NZ_AHVB01000029	2514742355	8784	9050
NZ_AHVB01000029	2514742354	7737	8783
NZ_AHVB01000029	2514742357	11345	12688
NZ_AHVB01000029	2514742356	9118	11049
NZ_AHVB01000028	2514742340	2528	3562
NZ_AHVB01000076	2514743993	4331	4615
NZ_AHVB01000072	2514743778	12013	13434
NZ_AHVB01000072	2514743779	13568	14335
NZ_AHVB01000014	2514741938	21349	21825
NZ_AHVB01000014	2514741939	21827	22813
NZ_AHVB01000014	2514741934	18192	18638
NZ_AHVB01000014	2514741935	18806	19936
NZ_AHVB01000014	2514741936	19933	20508
NZ_AHVB01000014	2514741937	20518	21264
NZ_AHVB01000014	2514741930	14400	15185
NZ_AHVB01000014	2514741931	15186	15977
NZ_AHVB01000072	2514743776	10539	10958
NZ_AHVB01000072	2514743777	11270	11977
NZ_AHVB01000061	2514743178	7944	8537
NZ_AHVB01000061	2514743179	8534	9049
NZ_AHVB01000061	2514743172	4773	5477
NZ_AHVB01000061	2514743173	5566	6030
NZ_AHVB01000061	2514743170	3033	3635
NZ_AHVB01000061	2514743171	3671	4726
NZ_AHVB01000061	2514743176	6892	7260
NZ_AHVB01000061	2514743177	7244	7858
NZ_AHVB01000061	2514743174	6126	6425
NZ_AHVB01000061	2514743175	6451	6828
NZ_AHVB01000013	2514741859	16627	16959
NZ_AHVB01000013	2514741858	14962	16647
NZ_AHVB01000013	2514741853	10553	11518
NZ_AHVB01000013	2514741852	10279	10563
NZ_AHVB01000013	2514741851	9080	10234
NZ_AHVB01000013	2514741850	8669	9040
NZ_AHVB01000013	2514741857	14493	14915
NZ_AHVB01000013	2514741856	12704	13759
NZ_AHVB01000013	2514741854	11884	12510
NZ_AHVB01000072	2514743769	4260	4943
NZ_AHVB01000072	2514743768	3516	4175
NZ_AHVB01000012	2514741797	22784	23434
NZ_AHVB01000072	2514743765	1993	2292
NZ_AHVB01000072	2514743764	1100	1996
NZ_AHVB01000028	2514742344	5794	5958
NZ_AHVB01000067	2514743553	21983	23161
NZ_AHVB01000005	2514741589	9447	10400
NZ_AHVB01000005	2514741588	9113	9427
NZ_AHVB01000005	2514741585	5841	6059
NZ_AHVB01000005	2514741584	4849	5844
NZ_AHVB01000005	2514741587	8635	9027
NZ_AHVB01000005	2514741586	6101	8323
NZ_AHVB01000005	2514741581	2675	3139
NZ_AHVB01000005	2514741580	2286	2678
NZ_AHVB01000005	2514741583	3535	4710
NZ_AHVB01000005	2514741582	3233	3538
NZ_AHVB01000007	2514741619	9631	10017
NZ_AHVB01000007	2514741618	8771	9595
NZ_AHVB01000007	2514741615	6306	7325
NZ_AHVB01000007	2514741614	4411	6087
NZ_AHVB01000007	2514741617	8206	8517
NZ_AHVB01000007	2514741616	7322	8113
NZ_AHVB01000007	2514741611	1325	2218
NZ_AHVB01000007	2514741610	344	1300
NZ_AHVB01000007	2514741613	3058	4353
NZ_AHVB01000007	2514741612	2196	2783
NZ_AHVB01000021	2514742122	2912	3682
NZ_AHVB01000040	2514742651	34972	35121
NZ_AHVB01000021	2514742120	734	1627
NZ_AHVB01000075	2514743916	14050	14529
NZ_AHVB01000040	2514742653	36413	37255
NZ_AHVB01000040	2514742654	37349	38002
NZ_AHVB01000040	2514742655	37999	38712
NZ_AHVB01000021	2514742124	4793	6112
NZ_AHVB01000021	2514742125	6118	7488
NZ_AHVB01000075	2514743940	38095	38520
NZ_AHVB01000075	2514743947	42798	46133
NZ_AHVB01000077	2514744109	73959	75386
NZ_AHVB01000055	2514742982	9662	10234
NZ_AHVB01000016	2514742030	10742	11275
NZ_AHVB01000016	2514742031	11277	11759
NZ_AHVB01000016	2514742032	11761	12270
NZ_AHVB01000016	2514742033	12263	13456
NZ_AHVB01000016	2514742034	13672	13902
NZ_AHVB01000016	2514742035	13920	14108
NZ_AHVB01000016	2514742036	14184	15167
NZ_AHVB01000016	2514742037	15228	16592
NZ_AHVB01000016	2514742038	16593	17729
NZ_AHVB01000016	2514742039	17761	18024
NZ_AHVB01000070	2514743698	55876	55983
NZ_AHVB01000068	2514743571	6214	6564
NZ_AHVB01000018	2514742104	26727	27356
NZ_AHVB01000018	2514742105	27346	27576
NZ_AHVB01000019	2514742106	1	817
NZ_AHVB01000069	2514743628	3162	4643
NZ_AHVB01000018	2514742100	23831	25000
NZ_AHVB01000018	2514742101	25206	25442
NZ_AHVB01000018	2514742102	25497	25787
NZ_AHVB01000018	2514742103	25797	26621
NZ_AHVB01000019	2514742108	1393	1692
NZ_AHVB01000020	2514742109	505	957
NZ_AHVB01000075	2514743934	32431	33420
NZ_AHVB01000069	2514743629	4640	5146
NZ_AHVB01000042	2514742698	14802	15722
NZ_AHVB01000042	2514742699	15719	16378
NZ_AHVB01000042	2514742694	9471	10670
NZ_AHVB01000042	2514742695	11473	12291
NZ_AHVB01000042	2514742696	12878	13903
NZ_AHVB01000042	2514742697	13891	14805
NZ_AHVB01000042	2514742690	5591	6346
NZ_AHVB01000042	2514742691	7020	8114
NZ_AHVB01000042	2514742692	8077	8253
NZ_AHVB01000042	2514742693	8407	9474
NZ_AHVB01000061	2514743187	13995	14567
NZ_AHVB01000061	2514743186	13333	13998
NZ_AHVB01000061	2514743185	12742	13239
NZ_AHVB01000061	2514743184	12521	12742
NZ_AHVB01000061	2514743183	11446	12090
NZ_AHVB01000061	2514743182	10696	11454
NZ_AHVB01000061	2514743181	9911	10699
NZ_AHVB01000061	2514743180	9143	9886
NZ_AHVB01000061	2514743189	15130	16197
NZ_AHVB01000069	2514743626	1298	2185
NZ_AHVB01000025	2514742218	12893	13093
NZ_AHVB01000063	2514743340	88822	89337
NZ_AHVB01000063	2514743343	90796	92121
NZ_AHVB01000063	2514743342	90271	90588
NZ_AHVB01000063	2514743345	93668	95674
NZ_AHVB01000063	2514743344	92413	93675
NZ_AHVB01000042	2514742748	58266	59381
NZ_AHVB01000063	2514743346	95686	99501
NZ_AHVB01000025	2514742210	3568	4242
NZ_AHVB01000042	2514742747	57239	58255
NZ_AHVB01000042	2514742744	53318	54442
NZ_AHVB01000042	2514742745	54565	56529
NZ_AHVB01000025	2514742214	7451	9256
NZ_AHVB01000025	2514742215	9267	12125
NZ_AHVB01000025	2514742216	12235	12606
NZ_AHVB01000025	2514742217	12675	12887
NZ_AHVB01000039	2514742588	84	1055
NZ_AHVB01000039	2514742589	1110	1934
NZ_AHVB01000038	2514742580	1099	2949
NZ_AHVB01000038	2514742581	3271	4662
NZ_AHVB01000038	2514742582	5005	5847
NZ_AHVB01000038	2514742583	5966	6913
NZ_AHVB01000038	2514742584	8332	8799
NZ_AHVB01000038	2514742585	8871	9737
NZ_AHVB01000038	2514742586	10074	10205
NZ_AHVB01000038	2514742587	10231	10746
NZ_AHVB01000054	2514742966	4649	5893
NZ_AHVB01000054	2514742967	5899	6579
NZ_AHVB01000054	2514742964	2240	3397
NZ_AHVB01000054	2514742965	3408	4460
NZ_AHVB01000054	2514742962	1341	1829
NZ_AHVB01000054	2514742963	1830	2237
NZ_AHVB01000054	2514742960	343	726
NZ_AHVB01000054	2514742961	727	1260
NZ_AHVB01000075	2514743987	80709	82679
NZ_AHVB01000075	2514743984	79630	80478
NZ_AHVB01000075	2514743983	78993	79589
NZ_AHVB01000075	2514743982	77508	78626
NZ_AHVB01000054	2514742968	6621	7376
NZ_AHVB01000054	2514742969	7336	8076
NZ_AHVB01000066	2514743509	13859	14056
NZ_AHVB01000066	2514743508	13554	13781
NZ_AHVB01000066	2514743503	9489	10790
NZ_AHVB01000066	2514743502	8513	9313
NZ_AHVB01000066	2514743501	7790	8272
NZ_AHVB01000066	2514743500	6978	7778
NZ_AHVB01000066	2514743507	12607	13461
NZ_AHVB01000066	2514743506	11990	12595
NZ_AHVB01000066	2514743505	11512	11808
NZ_AHVB01000066	2514743504	10801	11511
NZ_AHVB01000029	2514742368	23917	25044
NZ_AHVB01000029	2514742369	25058	25699
NZ_AHVB01000029	2514742364	17781	19064
NZ_AHVB01000029	2514742365	19190	20146
NZ_AHVB01000029	2514742366	20139	21389
NZ_AHVB01000029	2514742367	21459	22736
NZ_AHVB01000029	2514742360	14669	15202
NZ_AHVB01000029	2514742361	15261	15857
NZ_AHVB01000029	2514742362	15971	16246
NZ_AHVB01000029	2514742363	16432	17784
NZ_AHVB01000052	2514742889	7423	8817
NZ_AHVB01000061	2514743201	28190	29608
NZ_AHVB01000014	2514741923	6806	8239
NZ_AHVB01000014	2514741922	6361	6825
NZ_AHVB01000014	2514741921	5713	6378
NZ_AHVB01000014	2514741920	4427	4915
NZ_AHVB01000014	2514741927	12054	12383
NZ_AHVB01000014	2514741926	10706	12019
NZ_AHVB01000014	2514741925	9320	10222
NZ_AHVB01000014	2514741924	8220	9317
NZ_AHVB01000072	2514743767	2764	3519
NZ_AHVB01000072	2514743766	2267	2680
NZ_AHVB01000014	2514741929	13244	14395
NZ_AHVB01000014	2514741928	12384	13220
NZ_AHVB01000071	2514743763	43462	45237
NZ_AHVB01000071	2514743762	43215	43325
NZ_AHVB01000071	2514743761	41847	43037
NZ_AHVB01000071	2514743760	39033	41720
NZ_AHVB01000061	2514743169	2771	3016
NZ_AHVB01000061	2514743168	1354	2781
NZ_AHVB01000027	2514742336	15072	17111
NZ_AHVB01000059	2514743161	52365	53312
NZ_AHVB01000059	2514743160	51440	52174
NZ_AHVB01000059	2514743163	54151	56040
NZ_AHVB01000059	2514743162	53359	54048
NZ_AHVB01000061	2514743165	1	483
NZ_AHVB01000059	2514743164	56047	56520
NZ_AHVB01000061	2514743167	867	1322
NZ_AHVB01000061	2514743166	480	638
NZ_AHVB01000070	2514743636	261	1325
NZ_AHVB01000062	2514743208	1	1115
NZ_AHVB01000027	2514742332	11274	12284
NZ_AHVB01000027	2514742331	9373	11277
NZ_AHVB01000012	2514741828	51362	51712
NZ_AHVB01000012	2514741829	51769	52005
NZ_AHVB01000012	2514741826	50063	51043
NZ_AHVB01000012	2514741827	51006	51329
NZ_AHVB01000012	2514741824	48650	49720
NZ_AHVB01000012	2514741825	49726	50058
NZ_AHVB01000012	2514741822	44542	45864
NZ_AHVB01000012	2514741823	47941	48666
NZ_AHVB01000012	2514741820	43286	43996
NZ_AHVB01000012	2514741821	44006	44395
NZ_AHVB01000025	2514742236	27494	28195
NZ_AHVB01000025	2514742237	28192	28941
NZ_AHVB01000025	2514742234	25852	26208
NZ_AHVB01000042	2514742727	42862	43167
NZ_AHVB01000042	2514742720	36152	37243
NZ_AHVB01000025	2514742233	23703	25793
NZ_AHVB01000042	2514742722	38182	38538
NZ_AHVB01000025	2514742231	21794	22303
NZ_AHVB01000007	2514741620	10092	11357
NZ_AHVB01000007	2514741621	11426	12289
NZ_AHVB01000007	2514741622	12286	12849
NZ_AHVB01000007	2514741623	12836	12985
NZ_AHVB01000007	2514741624	12989	14182
NZ_AHVB01000007	2514741625	14277	15119
NZ_AHVB01000007	2514741626	15213	15866
NZ_AHVB01000007	2514741627	15863	16576
NZ_AHVB01000007	2514741628	16573	17724
NZ_AHVB01000007	2514741629	17702	18625
NZ_AHVB01000042	2514742729	43581	44171
NZ_AHVB01000072	2514743842	77357	78022
NZ_AHVB01000072	2514743846	82992	83296
NZ_AHVB01000073	2514743847	220	669
NZ_AHVB01000052	2514742896	12741	13196
NZ_AHVB01000042	2514742723	38579	38932
NZ_AHVB01000052	2514742905	21868	22011
NZ_AHVB01000073	2514743848	673	1953
NZ_AHVB01000073	2514743849	1965	2507
NZ_AHVB01000052	2514742903	20916	21209
NZ_AHVB01000002	2514741558	131	1138
NZ_AHVB01000002	2514741559	1160	1753
NZ_AHVB01000001	2514741557	1	220
NZ_AHVB01000016	2514742027	8222	8428
NZ_AHVB01000016	2514742026	6164	8209
NZ_AHVB01000016	2514742025	5934	6164
NZ_AHVB01000016	2514742024	5370	5717
NZ_AHVB01000016	2514742023	4384	5373
NZ_AHVB01000016	2514742022	2900	3904
NZ_AHVB01000016	2514742021	2006	2812
NZ_AHVB01000016	2514742020	1623	2009
NZ_AHVB01000016	2514742029	9813	10610
NZ_AHVB01000016	2514742028	8556	9797
NZ_AHVB01000052	2514742897	13322	14587
NZ_AHVB01000021	2514742119	278	670
NZ_AHVB01000020	2514742118	5606	5830
NZ_AHVB01000020	2514742113	3068	3511
NZ_AHVB01000020	2514742112	2251	2886
NZ_AHVB01000020	2514742111	1613	2101
NZ_AHVB01000020	2514742110	1012	1572
NZ_AHVB01000020	2514742117	5073	5606
NZ_AHVB01000020	2514742116	4533	5039
NZ_AHVB01000020	2514742115	4201	4470
NZ_AHVB01000020	2514742114	3501	4199
NZ_AHVB01000065	2514743446	8882	10483
NZ_AHVB01000065	2514743447	10563	11732
NZ_AHVB01000065	2514743444	8055	8474
NZ_AHVB01000042	2514742683	1	264
NZ_AHVB01000041	2514742682	8799	9482
NZ_AHVB01000041	2514742681	8472	8795
NZ_AHVB01000041	2514742680	5113	7068
NZ_AHVB01000042	2514742687	3239	3817
NZ_AHVB01000042	2514742686	1941	3242
NZ_AHVB01000042	2514742685	982	1959
NZ_AHVB01000042	2514742684	299	985
NZ_AHVB01000065	2514743442	6839	7027
NZ_AHVB01000042	2514742689	4438	5598
NZ_AHVB01000042	2514742688	3810	4436
NZ_AHVB01000065	2514743443	7134	8009
NZ_AHVB01000065	2514743440	4421	5428
NZ_AHVB01000065	2514743441	5577	6746
NZ_AHVB01000064	2514743374	30088	30648
NZ_AHVB01000064	2514743375	30658	32556
NZ_AHVB01000064	2514743376	32616	32936
NZ_AHVB01000064	2514743377	32942	33301
NZ_AHVB01000043	2514742759	869	3529
NZ_AHVB01000064	2514743371	28797	29123
NZ_AHVB01000025	2514742209	2742	3563
NZ_AHVB01000025	2514742208	1963	2745
NZ_AHVB01000025	2514742207	1282	1914
NZ_AHVB01000042	2514742754	64623	65765
NZ_AHVB01000025	2514742205	1	175
NZ_AHVB01000043	2514742756	1	393
NZ_AHVB01000042	2514742751	61087	62400
NZ_AHVB01000042	2514742750	60222	61076
NZ_AHVB01000042	2514742753	63507	64532
NZ_AHVB01000042	2514742752	62509	63510
NZ_AHVB01000063	2514743290	45840	46136
NZ_AHVB01000039	2514742599	7912	8172
NZ_AHVB01000039	2514742598	7185	7871
NZ_AHVB01000039	2514742597	6942	7178
NZ_AHVB01000039	2514742596	6436	6879
NZ_AHVB01000039	2514742595	5520	6455
NZ_AHVB01000039	2514742594	4594	5523
NZ_AHVB01000039	2514742593	4387	4479
NZ_AHVB01000039	2514742592	3518	4390
NZ_AHVB01000039	2514742591	2774	3505
NZ_AHVB01000039	2514742590	1924	2718
NZ_AHVB01000055	2514742975	3008	3835
NZ_AHVB01000075	2514743973	68893	70335
NZ_AHVB01000055	2514742977	4663	5910
NZ_AHVB01000055	2514742976	3837	4514
NZ_AHVB01000054	2514742971	9810	11102
NZ_AHVB01000054	2514742970	8073	9482
NZ_AHVB01000055	2514742973	275	2149
NZ_AHVB01000054	2514742972	11244	11933
NZ_AHVB01000070	2514743693	52331	52675
NZ_AHVB01000075	2514743978	72391	72852
NZ_AHVB01000072	2514743830	66760	67827
NZ_AHVB01000055	2514742979	7411	7710
NZ_AHVB01000055	2514742978	6057	7418
NZ_AHVB01000067	2514743529	339	863
NZ_AHVB01000057	2514743088	24854	25378
NZ_AHVB01000057	2514743089	25532	27052
NZ_AHVB01000057	2514743086	23834	24187
NZ_AHVB01000057	2514743087	24193	24825
NZ_AHVB01000057	2514743084	22751	23215
NZ_AHVB01000057	2514743085	23307	23837
NZ_AHVB01000057	2514743082	21839	22243
NZ_AHVB01000057	2514743083	22256	22732
NZ_AHVB01000057	2514743080	20081	21121
NZ_AHVB01000057	2514743081	21592	21756
NZ_AHVB01000070	2514743683	45083	45595
NZ_AHVB01000068	2514743578	9868	10452
NZ_AHVB01000068	2514743579	10470	10916
NZ_AHVB01000068	2514743576	9085	9651
NZ_AHVB01000029	2514742346	29	808
NZ_AHVB01000068	2514743574	8186	8719
NZ_AHVB01000068	2514743575	8722	9033
NZ_AHVB01000068	2514743572	6699	7319
NZ_AHVB01000068	2514743573	7309	8181
NZ_AHVB01000068	2514743570	5224	6069
NZ_AHVB01000029	2514742347	805	1806
NZ_AHVB01000029	2514742373	28655	29077
NZ_AHVB01000029	2514742372	27551	28462
NZ_AHVB01000029	2514742371	26513	27550
NZ_AHVB01000029	2514742370	25696	26151
NZ_AHVB01000030	2514742377	5886	6701
NZ_AHVB01000030	2514742376	3682	5568
NZ_AHVB01000030	2514742375	947	2254
NZ_AHVB01000030	2514742374	301	909
NZ_AHVB01000030	2514742379	8070	8525
NZ_AHVB01000030	2514742378	6669	8039
NZ_AHVB01000074	2514743886	21701	21874
NZ_AHVB01000074	2514743887	21867	22619
NZ_AHVB01000074	2514743884	18221	20737
NZ_AHVB01000074	2514743885	20910	21056
NZ_AHVB01000074	2514743882	17046	17426
NZ_AHVB01000074	2514743883	17423	18175
NZ_AHVB01000074	2514743880	15217	16161
NZ_AHVB01000074	2514743881	16314	17036
NZ_AHVB01000074	2514743888	22620	23618
NZ_AHVB01000074	2514743889	23603	24082
NZ_AHVB01000072	2514743792	26463	28307
NZ_AHVB01000014	2514741957	40517	41416
NZ_AHVB01000014	2514741954	37583	38725
NZ_AHVB01000072	2514743791	25389	26453
NZ_AHVB01000014	2514741952	35274	36866
NZ_AHVB01000014	2514741953	36879	37397
NZ_AHVB01000014	2514741950	33249	33935
NZ_AHVB01000014	2514741951	33941	35167
NZ_AHVB01000072	2514743798	33086	33730
NZ_AHVB01000072	2514743799	33779	35212
NZ_AHVB01000014	2514741958	42461	43600
NZ_AHVB01000014	2514741959	43652	45154
NZ_AHVB01000064	2514743402	53616	54320
NZ_AHVB01000064	2514743403	54426	55472
NZ_AHVB01000064	2514743400	52070	52921
NZ_AHVB01000064	2514743401	52918	53619
NZ_AHVB01000059	2514743158	48221	48706
NZ_AHVB01000064	2514743407	59212	60717
NZ_AHVB01000064	2514743404	55474	56298
NZ_AHVB01000064	2514743405	56584	58482
NZ_AHVB01000059	2514743154	44651	45520
NZ_AHVB01000059	2514743155	45513	46478
NZ_AHVB01000064	2514743408	61069	61608
NZ_AHVB01000059	2514743157	46895	48127
NZ_AHVB01000059	2514743150	42428	42862
NZ_AHVB01000059	2514743151	42855	43499
NZ_AHVB01000059	2514743152	43496	43744
NZ_AHVB01000059	2514743153	43787	44542
NZ_AHVB01000012	2514741839	59237	59599
NZ_AHVB01000012	2514741838	58343	59125
NZ_AHVB01000012	2514741835	55318	56127
NZ_AHVB01000012	2514741834	53785	54195
NZ_AHVB01000012	2514741837	56869	57624
NZ_AHVB01000012	2514741836	56129	56872
NZ_AHVB01000012	2514741831	52697	52846
NZ_AHVB01000012	2514741830	52002	52631
NZ_AHVB01000012	2514741833	53245	53484
NZ_AHVB01000012	2514741832	52876	53133
NZ_AHVB01000042	2514742710	23860	24630
NZ_AHVB01000052	2514742919	31285	32184
NZ_AHVB01000042	2514742713	26262	27617
NZ_AHVB01000007	2514741637	23536	25059
NZ_AHVB01000007	2514741636	23146	23553
NZ_AHVB01000007	2514741635	21919	23052
NZ_AHVB01000007	2514741634	21229	21705
NZ_AHVB01000007	2514741633	20800	21171
NZ_AHVB01000007	2514741632	19841	20689
NZ_AHVB01000007	2514741631	19514	19837
NZ_AHVB01000007	2514741630	18627	19421
NZ_AHVB01000007	2514741639	25056	25349
NZ_AHVB01000007	2514741638	24953	25141
NZ_AHVB01000066	2514743513	16603	17523
NZ_AHVB01000013	2514741900	59218	59898
NZ_AHVB01000076	2514744000	9065	9679
NZ_AHVB01000063	2514743251	12792	14138
NZ_AHVB01000063	2514743250	12408	12515
NZ_AHVB01000064	2514743427	79664	81028
NZ_AHVB01000064	2514743396	48872	49141
NZ_AHVB01000030	2514742380	8522	9364
NZ_AHVB01000063	2514743258	16695	17750
NZ_AHVB01000064	2514743421	72175	72411
NZ_AHVB01000070	2514743678	40505	40792
NZ_AHVB01000070	2514743690	50641	51696
NZ_AHVB01000023	2514742168	1568	3457
NZ_AHVB01000023	2514742169	3560	4249
NZ_AHVB01000023	2514742167	2	1561
NZ_AHVB01000022	2514742164	18429	18926
NZ_AHVB01000022	2514742165	18949	20070
NZ_AHVB01000022	2514742162	15863	16435
NZ_AHVB01000022	2514742163	16432	17016
NZ_AHVB01000022	2514742160	14996	15526
NZ_AHVB01000022	2514742161	15616	15870
NZ_AHVB01000064	2514743369	27270	28058
NZ_AHVB01000064	2514743368	26545	27273
NZ_AHVB01000059	2514743136	29979	31343
NZ_AHVB01000064	2514743362	20376	21524
NZ_AHVB01000064	2514743361	19968	20276
NZ_AHVB01000064	2514743360	17022	19955
NZ_AHVB01000064	2514743367	25146	26399
NZ_AHVB01000064	2514743366	23917	24885
NZ_AHVB01000064	2514743365	23319	23945
NZ_AHVB01000043	2514742760	3629	4759
NZ_AHVB01000044	2514742761	121	270
NZ_AHVB01000044	2514742762	276	1637
NZ_AHVB01000044	2514742763	1623	1748
NZ_AHVB01000044	2514742764	1795	1977
NZ_AHVB01000044	2514742765	2000	2515
NZ_AHVB01000044	2514742766	2601	3281
NZ_AHVB01000044	2514742768	3727	4482
NZ_AHVB01000044	2514742769	4479	5756
NZ_AHVB01000036	2514742562	36242	36520
NZ_AHVB01000036	2514742563	36577	37794
NZ_AHVB01000036	2514742560	34847	35851
NZ_AHVB01000036	2514742561	35889	36245
NZ_AHVB01000036	2514742566	40362	40859
NZ_AHVB01000066	2514743514	17516	17902
NZ_AHVB01000036	2514742564	37762	38286
NZ_AHVB01000036	2514742565	38332	40035
NZ_AHVB01000036	2514742568	40998	41654
NZ_AHVB01000036	2514742569	41737	42066
NZ_AHVB01000040	2514742625	7812	8102
NZ_AHVB01000075	2514743961	58133	58963
NZ_AHVB01000075	2514743954	51097	52128
NZ_AHVB01000044	2514742788	21560	21808
NZ_AHVB01000075	2514743962	58960	59721
NZ_AHVB01000075	2514743965	61305	62519
NZ_AHVB01000075	2514743964	60427	61308
NZ_AHVB01000075	2514743967	63405	64556
NZ_AHVB01000075	2514743966	62643	63320
NZ_AHVB01000044	2514742782	13062	13505
NZ_AHVB01000044	2514742783	13516	13953
NZ_AHVB01000044	2514742780	11851	12402
NZ_AHVB01000044	2514742781	12409	13056
NZ_AHVB01000044	2514742786	15463	18180
NZ_AHVB01000044	2514742787	18185	21541
NZ_AHVB01000044	2514742784	13956	14258
NZ_AHVB01000044	2514742785	14272	15456
NZ_AHVB01000066	2514743515	17899	18090
NZ_AHVB01000058	2514743099	8155	8293
NZ_AHVB01000058	2514743098	5508	6545
NZ_AHVB01000058	2514743095	3945	4496
NZ_AHVB01000058	2514743094	3128	3967
NZ_AHVB01000058	2514743097	5043	5462
NZ_AHVB01000058	2514743096	4675	5046
NZ_AHVB01000057	2514743090	27068	27347
NZ_AHVB01000058	2514743093	1640	3124
NZ_AHVB01000058	2514743092	649	1539
NZ_AHVB01000068	2514743569	5073	5234
NZ_AHVB01000068	2514743568	3872	5005
NZ_AHVB01000064	2514743428	81171	82439
NZ_AHVB01000068	2514743565	1705	2514
NZ_AHVB01000068	2514743564	1370	1618
NZ_AHVB01000068	2514743567	3049	3870
NZ_AHVB01000068	2514743566	2588	3043
NZ_AHVB01000067	2514743561	31519	32652
NZ_AHVB01000067	2514743560	31036	31512
NZ_AHVB01000068	2514743563	40	1359
NZ_AHVB01000067	2514743562	32732	33760
NZ_AHVB01000026	2514742306	36245	36820
NZ_AHVB01000026	2514742307	36807	36947
NZ_AHVB01000026	2514742304	35751	36050
NZ_AHVB01000026	2514742305	36056	36220
NZ_AHVB01000026	2514742302	35032	35217
NZ_AHVB01000026	2514742303	35219	35761
NZ_AHVB01000026	2514742300	33903	34433
NZ_AHVB01000026	2514742301	34466	35029
NZ_AHVB01000026	2514742308	37061	38038
NZ_AHVB01000026	2514742309	38122	40344
NZ_AHVB01000064	2514743429	82504	84678
NZ_AHVB01000046	2514742795	601	1191
NZ_AHVB01000075	2514743959	56414	57229
NZ_AHVB01000074	2514743895	27146	27658
NZ_AHVB01000074	2514743894	26431	27156
NZ_AHVB01000074	2514743897	28260	29528
NZ_AHVB01000074	2514743896	27772	28296
NZ_AHVB01000074	2514743891	24586	25308
NZ_AHVB01000074	2514743890	24093	24554
NZ_AHVB01000074	2514743893	25917	26387
NZ_AHVB01000074	2514743892	25560	25805
NZ_AHVB01000074	2514743899	30112	31443
NZ_AHVB01000074	2514743898	29525	29974
NZ_AHVB01000072	2514743781	15092	15805
NZ_AHVB01000014	2514741944	27529	28221
NZ_AHVB01000072	2514743783	16300	16770
NZ_AHVB01000014	2514741946	29003	30901
NZ_AHVB01000014	2514741941	23784	24632
NZ_AHVB01000014	2514741940	22819	23778
NZ_AHVB01000014	2514741943	25726	27303
NZ_AHVB01000014	2514741942	24643	25662
NZ_AHVB01000072	2514743789	22740	24704
NZ_AHVB01000072	2514743788	22044	22655
NZ_AHVB01000014	2514741949	32956	33183
NZ_AHVB01000014	2514741948	31261	31905
NZ_AHVB01000052	2514742948	64709	65317
NZ_AHVB01000059	2514743142	36333	36824
NZ_AHVB01000059	2514743141	35656	36198
NZ_AHVB01000059	2514743140	34300	35295
NZ_AHVB01000059	2514743147	40920	41300
NZ_AHVB01000059	2514743146	40363	40914
NZ_AHVB01000059	2514743145	38932	40383
NZ_AHVB01000059	2514743144	37885	38904
NZ_AHVB01000052	2514742940	54591	55208
NZ_AHVB01000033	2514742413	654	1166
NZ_AHVB01000052	2514742942	56588	58462
NZ_AHVB01000052	2514742943	58570	59655
NZ_AHVB01000033	2514742416	2424	3746
NZ_AHVB01000052	2514742945	60456	61085
NZ_AHVB01000052	2514742946	61394	62761
NZ_AHVB01000033	2514742415	1394	2419
NZ_AHVB01000013	2514741849	7620	8657
NZ_AHVB01000012	2514741800	24489	25145
NZ_AHVB01000012	2514741801	25142	25930
NZ_AHVB01000012	2514741802	26022	28517
NZ_AHVB01000012	2514741803	28580	29257
NZ_AHVB01000012	2514741804	29308	30627
NZ_AHVB01000012	2514741805	30647	31216
NZ_AHVB01000012	2514741806	31434	32717
NZ_AHVB01000012	2514741807	32723	32821
NZ_AHVB01000012	2514741808	33875	35119
NZ_AHVB01000012	2514741809	35128	35460
NZ_AHVB01000077	2514744032	3698	4900
NZ_AHVB01000077	2514744033	4960	5745
NZ_AHVB01000077	2514744030	2231	2545
NZ_AHVB01000077	2514744031	2568	3704
NZ_AHVB01000077	2514744036	7895	8929
NZ_AHVB01000077	2514744037	8926	9783
NZ_AHVB01000077	2514744034	5761	6510
NZ_AHVB01000077	2514744035	6715	7911
NZ_AHVB01000077	2514744038	10114	11793
NZ_AHVB01000077	2514744039	11837	12103
NZ_AHVB01000067	2514743550	20232	20489
NZ_AHVB01000067	2514743551	20649	20897
NZ_AHVB01000052	2514742891	9132	9812
NZ_AHVB01000067	2514743552	20944	21996
NZ_AHVB01000070	2514743658	22255	22551
NZ_AHVB01000067	2514743554	23158	23670
NZ_AHVB01000067	2514743555	23783	24277
NZ_AHVB01000067	2514743556	24277	28482
NZ_AHVB01000042	2514742700	16371	16685
NZ_AHVB01000070	2514743650	15162	15818
NZ_AHVB01000009	2514741694	11053	11235
NZ_AHVB01000064	2514743385	37092	37271
NZ_AHVB01000035	2514742488	73508	74368
NZ_AHVB01000064	2514743384	36268	37095
NZ_AHVB01000064	2514743411	63125	63487
NZ_AHVB01000012	2514741798	23628	24242
NZ_AHVB01000012	2514741799	24239	24487
NZ_AHVB01000064	2514743386	37268	38053
NZ_AHVB01000012	2514741790	16877	17140
NZ_AHVB01000012	2514741791	17137	17637
NZ_AHVB01000012	2514741792	17979	18194
NZ_AHVB01000012	2514741793	18314	19132
NZ_AHVB01000012	2514741794	19129	20388
NZ_AHVB01000012	2514741795	20395	21504
NZ_AHVB01000012	2514741796	21514	22686
NZ_AHVB01000064	2514743380	34396	34983
NZ_AHVB01000064	2514743383	35991	36188
NZ_AHVB01000070	2514743645	10993	11472
NZ_AHVB01000064	2514743382	35701	35979
NZ_AHVB01000042	2514742708	21785	22501
NZ_AHVB01000025	2514742257	45632	46810
NZ_AHVB01000064	2514743389	41611	42867
NZ_AHVB01000064	2514743388	40537	41517
NZ_AHVB01000028	2514742345	5948	6052
NZ_AHVB01000005	2514741578	1067	1612
NZ_AHVB01000005	2514741579	1616	2014
NZ_AHVB01000003	2514741574	11827	13692
NZ_AHVB01000003	2514741575	13797	14453
NZ_AHVB01000004	2514741576	1	212
NZ_AHVB01000005	2514741577	94	1086
NZ_AHVB01000003	2514741570	8548	9975
NZ_AHVB01000003	2514741571	10020	10265
NZ_AHVB01000003	2514741572	10262	10429
NZ_AHVB01000003	2514741573	10550	11578
NZ_AHVB01000005	2514741595	15909	17372
NZ_AHVB01000023	2514742179	13864	14112
NZ_AHVB01000023	2514742178	13066	13821
NZ_AHVB01000023	2514742175	10873	11046
NZ_AHVB01000023	2514742174	9481	10713
NZ_AHVB01000023	2514742177	12088	12957
NZ_AHVB01000023	2514742176	11130	12095
NZ_AHVB01000023	2514742171	5434	6168
NZ_AHVB01000023	2514742170	4296	5243
NZ_AHVB01000023	2514742173	8902	9387
NZ_AHVB01000023	2514742172	8249	8905
NZ_AHVB01000063	2514743318	72172	73170
NZ_AHVB01000063	2514743319	73288	73752
NZ_AHVB01000063	2514743316	70896	71894
NZ_AHVB01000035	2514742490	75467	76225
NZ_AHVB01000063	2514743314	69660	70175
NZ_AHVB01000063	2514743315	70181	70903
NZ_AHVB01000063	2514743312	67066	68130
NZ_AHVB01000063	2514743313	68426	69604
NZ_AHVB01000063	2514743310	63096	65846
NZ_AHVB01000063	2514743311	65876	67018
NZ_AHVB01000044	2514742775	7919	8965
NZ_AHVB01000044	2514742774	7015	7848
NZ_AHVB01000044	2514742772	6580	6738
NZ_AHVB01000044	2514742771	6254	6577
NZ_AHVB01000044	2514742770	5802	6101
NZ_AHVB01000044	2514742779	10508	11626
NZ_AHVB01000044	2514742778	9247	10476
NZ_AHVB01000036	2514742571	43125	43526
NZ_AHVB01000036	2514742570	42115	43128
NZ_AHVB01000036	2514742573	43977	45167
NZ_AHVB01000036	2514742572	43495	43995
NZ_AHVB01000036	2514742575	45823	46572
NZ_AHVB01000036	2514742574	45211	45720
NZ_AHVB01000037	2514742577	1	407
NZ_AHVB01000036	2514742576	46606	46836
NZ_AHVB01000038	2514742579	291	1076
NZ_AHVB01000038	2514742578	64	294
NZ_AHVB01000064	2514743418	69399	70031
NZ_AHVB01000046	2514742799	3902	4150
NZ_AHVB01000046	2514742798	3399	3905
NZ_AHVB01000075	2514743956	52517	53614
NZ_AHVB01000075	2514743957	53708	54889
NZ_AHVB01000075	2514743950	48218	48382
NZ_AHVB01000075	2514743951	48476	48811
NZ_AHVB01000075	2514743952	48768	49841
NZ_AHVB01000075	2514743953	49842	51095
NZ_AHVB01000045	2514742791	1	811
NZ_AHVB01000045	2514742793	1503	2264
NZ_AHVB01000045	2514742792	823	1506
NZ_AHVB01000075	2514743958	54902	56383
NZ_AHVB01000046	2514742794	234	539
NZ_AHVB01000046	2514742797	2636	3136
NZ_AHVB01000046	2514742796	1239	2495
NZ_AHVB01000062	2514743222	11959	12564
NZ_AHVB01000062	2514743223	12570	13595
NZ_AHVB01000062	2514743220	10106	11254
NZ_AHVB01000062	2514743221	11270	11878
NZ_AHVB01000062	2514743226	13895	14092
NZ_AHVB01000062	2514743227	14141	14548
NZ_AHVB01000062	2514743224	13602	13775
NZ_AHVB01000067	2514743557	28528	28950
NZ_AHVB01000067	2514743558	29074	30642
NZ_AHVB01000067	2514743559	30653	31033
NZ_AHVB01000062	2514743228	14559	14987
NZ_AHVB01000062	2514743229	14994	15356
NZ_AHVB01000026	2514742315	43672	45150
NZ_AHVB01000026	2514742314	43199	43675
NZ_AHVB01000026	2514742317	47240	49750
NZ_AHVB01000026	2514742316	45147	47240
NZ_AHVB01000026	2514742311	41439	42056
NZ_AHVB01000026	2514742310	40352	41455
NZ_AHVB01000026	2514742313	42796	43230
NZ_AHVB01000026	2514742312	42093	42794
NZ_AHVB01000026	2514742319	51095	51661
NZ_AHVB01000026	2514742318	50472	50768
NZ_AHVB01000052	2514742950	67018	67326
NZ_AHVB01000014	2514741978	60079	61197
NZ_AHVB01000014	2514741979	61199	61555
NZ_AHVB01000014	2514741970	52844	53659
NZ_AHVB01000014	2514741971	53634	54272
NZ_AHVB01000014	2514741972	54269	55168
NZ_AHVB01000014	2514741973	55202	55849
NZ_AHVB01000014	2514741974	55852	56769
NZ_AHVB01000014	2514741975	56845	57846
NZ_AHVB01000014	2514741976	57954	59417
NZ_AHVB01000014	2514741977	59414	60016
NZ_AHVB01000064	2514743424	75314	76531
NZ_AHVB01000064	2514743425	76889	78571
NZ_AHVB01000064	2514743426	78889	79677
NZ_AHVB01000032	2514742409	4063	4845
NZ_AHVB01000032	2514742408	3485	4015
NZ_AHVB01000059	2514743134	27638	28783
NZ_AHVB01000059	2514743135	29245	29973
NZ_AHVB01000064	2514743420	71298	72041
NZ_AHVB01000059	2514743133	27048	27641
NZ_AHVB01000064	2514743422	72633	73685
NZ_AHVB01000053	2514742958	8437	9279
NZ_AHVB01000053	2514742957	6888	8372
NZ_AHVB01000053	2514742956	4950	6863
NZ_AHVB01000031	2514742403	16429	17562
NZ_AHVB01000031	2514742402	15146	16432
NZ_AHVB01000032	2514742405	820	1719
NZ_AHVB01000032	2514742404	114	851
NZ_AHVB01000032	2514742407	3126	3488
NZ_AHVB01000032	2514742406	1798	3120
NZ_AHVB01000017	2514742052	5463	6056
NZ_AHVB01000059	2514743130	25345	25653
NZ_AHVB01000017	2514742053	6053	6616
NZ_AHVB01000064	2514743423	73760	75271
NZ_AHVB01000017	2514742050	4183	4644
NZ_AHVB01000012	2514741817	40848	41360
NZ_AHVB01000031	2514742401	13761	14849
NZ_AHVB01000012	2514741815	39106	40353
NZ_AHVB01000012	2514741814	38895	39086
NZ_AHVB01000012	2514741813	38265	38687
NZ_AHVB01000012	2514741812	36956	38131
NZ_AHVB01000012	2514741811	36663	36926
NZ_AHVB01000012	2514741810	35450	36652
NZ_AHVB01000017	2514742056	8790	9110
NZ_AHVB01000066	2514743525	21052	21369
NZ_AHVB01000053	2514742955	4010	4969
NZ_AHVB01000012	2514741819	42020	43162
NZ_AHVB01000012	2514741818	41372	41971
NZ_AHVB01000053	2514742954	2355	3980
NZ_AHVB01000017	2514742054	6600	7865
NZ_AHVB01000053	2514742953	1348	2361
NZ_AHVB01000017	2514742055	7905	8756
NZ_AHVB01000053	2514742952	286	1359
NZ_AHVB01000076	2514744021	34045	34434
NZ_AHVB01000076	2514744020	32792	34039
NZ_AHVB01000056	2514743048	37844	38914
NZ_AHVB01000056	2514743049	39059	39982
NZ_AHVB01000076	2514744025	36907	38226
NZ_AHVB01000059	2514743138	31780	33171
NZ_AHVB01000076	2514744026	38223	38456
NZ_AHVB01000056	2514743042	33529	33906
NZ_AHVB01000056	2514743043	33903	34388
NZ_AHVB01000056	2514743040	32566	32808
NZ_AHVB01000059	2514743139	33205	34278
NZ_AHVB01000056	2514743046	36286	37341
NZ_AHVB01000056	2514743047	37338	37841
NZ_AHVB01000056	2514743044	34394	35935
NZ_AHVB01000056	2514743045	36101	36289
NZ_AHVB01000066	2514743527	21976	22194
NZ_AHVB01000066	2514743526	21362	21970
NZ_AHVB01000052	2514742930	45455	46180
NZ_AHVB01000049	2514742823	1	285
NZ_AHVB01000012	2514741816	40405	40851
NZ_AHVB01000067	2514743528	1	264
NZ_AHVB01000012	2514741789	16515	16880
NZ_AHVB01000012	2514741788	16252	16518
NZ_AHVB01000012	2514741787	15956	16255
NZ_AHVB01000012	2514741786	15520	15966
NZ_AHVB01000012	2514741785	15161	15523
NZ_AHVB01000012	2514741784	13539	15164
NZ_AHVB01000012	2514741783	13190	13546
NZ_AHVB01000012	2514741782	12715	13185
NZ_AHVB01000012	2514741781	12197	12718
NZ_AHVB01000012	2514741780	10902	12194
NZ_AHVB01000047	2514742821	7806	8028
NZ_AHVB01000003	2514741563	1848	2471
NZ_AHVB01000003	2514741562	1366	1851
NZ_AHVB01000003	2514741561	29	1369
NZ_AHVB01000002	2514741560	1821	2822
NZ_AHVB01000003	2514741567	5686	6927
NZ_AHVB01000003	2514741566	4660	5661
NZ_AHVB01000003	2514741565	3267	4544
NZ_AHVB01000003	2514741564	2461	3261
NZ_AHVB01000003	2514741569	7796	8551
NZ_AHVB01000003	2514741568	6940	7737
NZ_AHVB01000075	2514743925	22255	24543
NZ_AHVB01000068	2514743582	12232	13023
NZ_AHVB01000021	2514742140	20383	20940
NZ_AHVB01000021	2514742141	22164	23438
NZ_AHVB01000021	2514742142	23439	24179
NZ_AHVB01000021	2514742143	24176	24535
NZ_AHVB01000021	2514742144	24522	24734
NZ_AHVB01000021	2514742145	24737	25117
NZ_AHVB01000021	2514742146	25220	25600
NZ_AHVB01000021	2514742147	25644	25949
NZ_AHVB01000021	2514742148	26023	26458
NZ_AHVB01000022	2514742149	256	828
NZ_AHVB01000076	2514744023	35244	36041
NZ_AHVB01000076	2514744022	34437	35201
NZ_AHVB01000076	2514744024	36075	36773
NZ_AHVB01000077	2514744029	966	2156
NZ_AHVB01000063	2514743309	62042	63094
NZ_AHVB01000063	2514743308	61171	61893
NZ_AHVB01000077	2514744028	110	856
NZ_AHVB01000063	2514743305	58810	59793
NZ_AHVB01000063	2514743304	57445	58734
NZ_AHVB01000063	2514743307	60715	61065
NZ_AHVB01000063	2514743306	59790	60680
NZ_AHVB01000063	2514743301	55236	55922
NZ_AHVB01000063	2514743300	54176	55252
NZ_AHVB01000063	2514743303	56919	57398
NZ_AHVB01000063	2514743302	56088	56567
NZ_AHVB01000056	2514743041	32810	33532
NZ_AHVB01000064	2514743372	29135	29305
NZ_AHVB01000064	2514743373	29308	30057
NZ_AHVB01000018	2514742096	20163	20363
NZ_AHVB01000018	2514742097	20376	21737
NZ_AHVB01000018	2514742094	18673	19041
NZ_AHVB01000018	2514742095	19237	20130
NZ_AHVB01000018	2514742092	16468	18204
NZ_AHVB01000018	2514742093	18285	18698
NZ_AHVB01000018	2514742090	14207	14674
NZ_AHVB01000018	2514742091	14832	16478
NZ_AHVB01000036	2514742548	22261	22623
NZ_AHVB01000036	2514742549	22613	23857
NZ_AHVB01000018	2514742098	21936	23147
NZ_AHVB01000018	2514742099	23281	23844
NZ_AHVB01000024	2514742204	1	570
NZ_AHVB01000064	2514743378	33291	34127
NZ_AHVB01000023	2514742202	32260	33327
NZ_AHVB01000052	2514742944	59666	60373
NZ_AHVB01000023	2514742200	30937	31107
NZ_AHVB01000062	2514743231	15494	16270
NZ_AHVB01000067	2514743546	18220	19065
NZ_AHVB01000062	2514743233	16712	17254
NZ_AHVB01000062	2514743232	16305	16715
NZ_AHVB01000067	2514743543	16533	17204
NZ_AHVB01000062	2514743234	17265	17711
NZ_AHVB01000052	2514742898	14634	16163
NZ_AHVB01000052	2514742899	16153	17184
NZ_AHVB01000026	2514742320	51668	52591
NZ_AHVB01000063	2514743238	28	1203
NZ_AHVB01000052	2514742894	10894	11316
NZ_AHVB01000052	2514742895	11319	12668
NZ_AHVB01000027	2514742324	511	1497
NZ_AHVB01000027	2514742325	1529	2872
NZ_AHVB01000027	2514742326	3227	4609
NZ_AHVB01000027	2514742327	4935	6428
NZ_AHVB01000014	2514741969	52330	52857
NZ_AHVB01000014	2514741968	51311	52342
NZ_AHVB01000014	2514741967	50906	51247
NZ_AHVB01000014	2514741966	50645	50872
NZ_AHVB01000014	2514741965	49242	50516
NZ_AHVB01000014	2514741964	48825	49241
NZ_AHVB01000014	2514741963	47687	48730
NZ_AHVB01000014	2514741962	46385	47653
NZ_AHVB01000014	2514741961	46095	46286
NZ_AHVB01000014	2514741960	45193	45984
NZ_AHVB01000065	2514743439	3109	4410
NZ_AHVB01000065	2514743438	2429	3031
NZ_AHVB01000064	2514743433	87335	88054
NZ_AHVB01000064	2514743432	86908	87300
NZ_AHVB01000064	2514743431	86130	86897
NZ_AHVB01000064	2514743430	84742	86019
NZ_AHVB01000065	2514743437	1974	2432
NZ_AHVB01000065	2514743436	120	1961
NZ_AHVB01000064	2514743435	88580	88982
NZ_AHVB01000064	2514743434	88020	88583
NZ_AHVB01000059	2514743125	20661	20969
NZ_AHVB01000075	2514743949	46978	48249
NZ_AHVB01000059	2514743126	21037	22323
NZ_AHVB01000059	2514743121	17437	18309
NZ_AHVB01000059	2514743120	16956	17381
NZ_AHVB01000059	2514743123	20170	20508
NZ_AHVB01000059	2514743122	18296	19354
NZ_AHVB01000035	2514742434	9402	10799
NZ_AHVB01000035	2514742435	10876	13014
NZ_AHVB01000075	2514743941	38504	39343
NZ_AHVB01000017	2514742047	2312	2644
NZ_AHVB01000035	2514742430	5956	6525
NZ_AHVB01000059	2514743128	23101	24276
NZ_AHVB01000035	2514742432	7660	8490
NZ_AHVB01000035	2514742433	8503	9405
NZ_AHVB01000075	2514743972	68336	68896
NZ_AHVB01000055	2514742974	2202	2885
NZ_AHVB01000075	2514743970	67411	67992
NZ_AHVB01000075	2514743971	68017	68322
NZ_AHVB01000075	2514743976	71734	71955
NZ_AHVB01000075	2514743977	72135	72407
NZ_AHVB01000075	2514743974	70613	70912
NZ_AHVB01000075	2514743975	71303	71755
NZ_AHVB01000064	2514743370	28158	28616
NZ_AHVB01000057	2514743059	3660	4532
NZ_AHVB01000057	2514743058	1951	3663
NZ_AHVB01000076	2514744016	28527	29303
NZ_AHVB01000076	2514744017	29305	29967
NZ_AHVB01000076	2514744010	22112	22429
NZ_AHVB01000076	2514744011	22452	23180
NZ_AHVB01000076	2514744012	23224	23328
NZ_AHVB01000076	2514744013	25526	26785
NZ_AHVB01000056	2514743051	40460	41410
NZ_AHVB01000056	2514743050	39986	40474
NZ_AHVB01000056	2514743053	42587	43504
NZ_AHVB01000056	2514743052	41407	42576
NZ_AHVB01000056	2514743055	44540	45481
NZ_AHVB01000056	2514743054	43574	44488
NZ_AHVB01000057	2514743057	1162	1812
NZ_AHVB01000057	2514743056	289	1029
NZ_AHVB01000013	2514741862	18206	19000
NZ_AHVB01000075	2514743979	73245	74648
NZ_AHVB01000013	2514741863	19122	19400
NZ_AHVB01000013	2514741860	16998	17654
NZ_AHVB01000013	2514741861	17693	17806
NZ_AHVB01000013	2514741866	22621	24006
NZ_AHVB01000011	2514741715	11629	12699
NZ_AHVB01000011	2514741716	12771	13319
NZ_AHVB01000067	2514743537	11891	11998
NZ_AHVB01000013	2514741865	22288	22608
NZ_AHVB01000035	2514742436	13128	13706
NZ_AHVB01000009	2514741686	3641	4132
NZ_AHVB01000009	2514741687	4146	4601
NZ_AHVB01000009	2514741684	1883	2902
NZ_AHVB01000009	2514741685	2908	3558
NZ_AHVB01000009	2514741682	981	1454
NZ_AHVB01000009	2514741683	1521	1835
NZ_AHVB01000009	2514741688	4619	4810
NZ_AHVB01000009	2514741689	4936	6057
NZ_AHVB01000049	2514742833	7630	7770
NZ_AHVB01000012	2514741772	6951	7418
NZ_AHVB01000012	2514741773	7415	7690
NZ_AHVB01000012	2514741770	5046	6599
NZ_AHVB01000012	2514741771	6596	6961
NZ_AHVB01000012	2514741776	8293	8568
NZ_AHVB01000012	2514741777	8565	9032
NZ_AHVB01000012	2514741774	7687	7950
NZ_AHVB01000012	2514741775	7940	8296
NZ_AHVB01000012	2514741778	9350	9919
NZ_AHVB01000012	2514741779	9916	10905
NZ_AHVB01000065	2514743477	31345	31545
NZ_AHVB01000073	2514743852	5273	5452
NZ_AHVB01000065	2514743476	30526	31290
NZ_AHVB01000063	2514743347	99635	100258
NZ_AHVB01000068	2514743577	9596	9832
NZ_AHVB01000076	2514744019	31650	32795
NZ_AHVB01000049	2514742836	10445	10627
NZ_AHVB01000050	2514742858	20689	22341
NZ_AHVB01000065	2514743479	31909	32613
NZ_AHVB01000065	2514743478	31526	31903
NZ_AHVB01000075	2514743907	3030	4250
NZ_AHVB01000049	2514742837	10798	11086
NZ_AHVB01000075	2514743906	2470	2880
NZ_AHVB01000070	2514743673	36405	37448
NZ_AHVB01000070	2514743672	35713	36390
NZ_AHVB01000028	2514742339	1418	2518
NZ_AHVB01000075	2514743903	978	1463
NZ_AHVB01000064	2514743379	34160	34399
NZ_AHVB01000075	2514743902	399	857
NZ_AHVB01000070	2514743660	23374	23586
NZ_AHVB01000075	2514743901	114	323
NZ_AHVB01000074	2514743900	31552	32250
NZ_AHVB01000022	2514742157	11778	12623
NZ_AHVB01000022	2514742156	10671	11735
NZ_AHVB01000022	2514742155	9575	10702
NZ_AHVB01000022	2514742154	9256	9567
NZ_AHVB01000022	2514742153	8542	9159
NZ_AHVB01000022	2514742152	7364	8419
NZ_AHVB01000022	2514742151	6008	7360
NZ_AHVB01000022	2514742150	818	5926
NZ_AHVB01000022	2514742159	13819	14907
NZ_AHVB01000022	2514742158	12613	13809
NZ_AHVB01000028	2514742337	278	994
NZ_AHVB01000075	2514743909	4695	5855
NZ_AHVB01000075	2514743908	4293	4685
NZ_AHVB01000063	2514743330	82977	83543
NZ_AHVB01000063	2514743331	83546	84331
NZ_AHVB01000063	2514743334	84702	85550
NZ_AHVB01000063	2514743335	85547	86557
NZ_AHVB01000063	2514743336	86590	87117
NZ_AHVB01000063	2514743337	87121	87726
NZ_AHVB01000063	2514743338	87783	88172
NZ_AHVB01000063	2514743339	88591	88794
NZ_AHVB01000036	2514742559	33915	34775
NZ_AHVB01000036	2514742558	32618	33982
NZ_AHVB01000036	2514742553	28559	29311
NZ_AHVB01000036	2514742552	27851	28474
NZ_AHVB01000036	2514742551	27189	27872
NZ_AHVB01000036	2514742550	23854	25344
NZ_AHVB01000036	2514742557	31282	32607
NZ_AHVB01000036	2514742556	30390	31139
NZ_AHVB01000036	2514742555	30085	30393
NZ_AHVB01000036	2514742554	29347	30048
NZ_AHVB01000018	2514742085	10101	10661
NZ_AHVB01000018	2514742084	9328	10038
NZ_AHVB01000018	2514742087	11190	12800
NZ_AHVB01000018	2514742086	10651	11193
NZ_AHVB01000018	2514742081	7980	8315
NZ_AHVB01000018	2514742080	7713	7877
NZ_AHVB01000018	2514742083	8899	9129
NZ_AHVB01000018	2514742082	8317	8886
NZ_AHVB01000018	2514742089	13633	14196
NZ_AHVB01000018	2514742088	12856	13632
NZ_AHVB01000061	2514743204	31707	32519
NZ_AHVB01000061	2514743205	32704	32886
NZ_AHVB01000061	2514743206	32955	34349
NZ_AHVB01000061	2514743207	34354	34781
NZ_AHVB01000061	2514743200	25923	27692
NZ_AHVB01000052	2514742888	6739	7314
NZ_AHVB01000061	2514743202	29666	31414
NZ_AHVB01000061	2514743203	31418	31693
NZ_AHVB01000052	2514742885	5014	5586
NZ_AHVB01000052	2514742884	3783	4985
NZ_AHVB01000027	2514742335	14492	14998
NZ_AHVB01000027	2514742334	13212	14495
NZ_AHVB01000052	2514742881	1543	2130
NZ_AHVB01000062	2514743209	1121	2137
NZ_AHVB01000052	2514742883	2261	3457
NZ_AHVB01000027	2514742330	8543	9301
NZ_AHVB01000050	2514742850	11760	12131
NZ_AHVB01000072	2514743843	78558	80939
NZ_AHVB01000072	2514743840	75284	76378
NZ_AHVB01000072	2514743841	76368	77360
NZ_AHVB01000068	2514743598	24080	24448
NZ_AHVB01000068	2514743599	24441	25259
NZ_AHVB01000072	2514743844	81122	82492
NZ_AHVB01000072	2514743845	82527	82967
NZ_AHVB01000068	2514743594	21021	22019
NZ_AHVB01000068	2514743595	22038	22274
NZ_AHVB01000068	2514743596	22315	23097
NZ_AHVB01000068	2514743597	23094	24074
NZ_AHVB01000068	2514743590	17749	18312
NZ_AHVB01000068	2514743591	18309	19106
NZ_AHVB01000068	2514743592	19107	19895
NZ_AHVB01000068	2514743593	20012	21019
NZ_AHVB01000014	2514741992	74383	74538
NZ_AHVB01000014	2514741993	75806	76408
NZ_AHVB01000014	2514741991	73026	74318
NZ_AHVB01000014	2514741996	77980	78183
NZ_AHVB01000014	2514741997	78180	79361
NZ_AHVB01000014	2514741994	76452	77126
NZ_AHVB01000014	2514741995	77277	77969
NZ_AHVB01000014	2514741998	79385	80599
NZ_AHVB01000014	2514741999	80554	83076
NZ_AHVB01000059	2514743118	15631	16035
NZ_AHVB01000059	2514743119	16032	16946
NZ_AHVB01000065	2514743448	11788	12777
NZ_AHVB01000065	2514743449	12810	13133
NZ_AHVB01000059	2514743110	7892	8353
NZ_AHVB01000059	2514743111	8441	8770
NZ_AHVB01000059	2514743112	8917	9072
NZ_AHVB01000059	2514743113	9162	10085
NZ_AHVB01000059	2514743114	10090	11004
NZ_AHVB01000059	2514743115	11010	13202
NZ_AHVB01000059	2514743116	13199	14122
NZ_AHVB01000059	2514743117	14140	15582
NZ_AHVB01000035	2514742423	31	789
NZ_AHVB01000034	2514742422	350	2662
NZ_AHVB01000033	2514742421	7446	7864
NZ_AHVB01000033	2514742420	6688	7449
NZ_AHVB01000035	2514742427	3755	4342
NZ_AHVB01000035	2514742426	2826	3758
NZ_AHVB01000035	2514742425	2170	2829
NZ_AHVB01000035	2514742424	881	2170
NZ_AHVB01000070	2514743680	42486	43247
NZ_AHVB01000070	2514743681	43256	44734
NZ_AHVB01000035	2514742429	4803	5975
NZ_AHVB01000035	2514742428	4345	4806
NZ_AHVB01000070	2514743684	45631	46485
NZ_AHVB01000070	2514743685	46538	47413
NZ_AHVB01000070	2514743686	47491	47715
NZ_AHVB01000070	2514743687	47718	48827
NZ_AHVB01000014	2514741956	39371	40435
NZ_AHVB01000072	2514743793	28304	29698
NZ_AHVB01000017	2514742057	9077	9337
NZ_AHVB01000072	2514743790	24757	25359
NZ_AHVB01000025	2514742206	377	1279
NZ_AHVB01000072	2514743796	32170	32886
NZ_AHVB01000076	2514744009	20104	22065
NZ_AHVB01000076	2514744008	17971	19923
NZ_AHVB01000072	2514743794	29788	30855
NZ_AHVB01000076	2514744003	11222	12409
NZ_AHVB01000076	2514744002	10932	11180
NZ_AHVB01000076	2514744001	9728	10783
NZ_AHVB01000072	2514743795	30969	32096
NZ_AHVB01000076	2514744007	17534	17974
NZ_AHVB01000076	2514744006	16414	17496
NZ_AHVB01000076	2514744005	13091	16258
NZ_AHVB01000076	2514744004	12533	12910
NZ_AHVB01000057	2514743068	9850	10224
NZ_AHVB01000057	2514743069	10395	11003
NZ_AHVB01000057	2514743064	7358	7897
NZ_AHVB01000057	2514743065	7908	8996
NZ_AHVB01000057	2514743066	9084	9599
NZ_AHVB01000057	2514743067	9678	9839
NZ_AHVB01000057	2514743060	4561	5007
NZ_AHVB01000057	2514743061	5056	6282
NZ_AHVB01000057	2514743062	6317	6946
NZ_AHVB01000057	2514743063	7117	7317
NZ_AHVB01000074	2514743879	14331	15236
NZ_AHVB01000074	2514743878	13442	14215
NZ_AHVB01000064	2514743406	58529	59215
NZ_AHVB01000059	2514743159	48703	49359
NZ_AHVB01000009	2514741695	11240	11389
NZ_AHVB01000040	2514742647	31767	32153
NZ_AHVB01000009	2514741697	12744	13331
NZ_AHVB01000009	2514741696	11462	12658
NZ_AHVB01000009	2514741691	7323	8315
NZ_AHVB01000009	2514741690	6191	7009
NZ_AHVB01000009	2514741693	8763	11063
NZ_AHVB01000009	2514741692	8321	8761
NZ_AHVB01000009	2514741699	14063	14203
NZ_AHVB01000009	2514741698	13554	14051
NZ_AHVB01000021	2514742132	12930	14267
NZ_AHVB01000021	2514742135	16319	17503
NZ_AHVB01000059	2514743156	46562	46735
NZ_AHVB01000040	2514742642	26547	28223
NZ_AHVB01000064	2514743409	61598	62419
NZ_AHVB01000040	2514742641	25194	26489
NZ_AHVB01000074	2514743877	12119	13393
NZ_AHVB01000021	2514742136	17514	17831
NZ_AHVB01000074	2514743876	11511	12077
NZ_AHVB01000011	2514741761	54437	55222
NZ_AHVB01000011	2514741760	53776	54447
NZ_AHVB01000012	2514741763	14	169
NZ_AHVB01000011	2514741762	55215	55472
NZ_AHVB01000012	2514741765	1507	2475
NZ_AHVB01000012	2514741764	1149	1505
NZ_AHVB01000012	2514741767	3703	4263
NZ_AHVB01000012	2514741766	2472	3710
NZ_AHVB01000012	2514741769	4708	5049
NZ_AHVB01000012	2514741768	4260	4706
NZ_AHVB01000074	2514743874	9384	10361
NZ_AHVB01000064	2514743349	1	277
NZ_AHVB01000023	2514742203	33332	33920
NZ_AHVB01000023	2514742201	31955	32263
NZ_AHVB01000063	2514743327	80222	81439
NZ_AHVB01000063	2514743326	79305	80168
NZ_AHVB01000063	2514743325	78803	79315
NZ_AHVB01000063	2514743324	77649	78806
NZ_AHVB01000063	2514743323	76798	77643
NZ_AHVB01000063	2514743322	76241	76801
NZ_AHVB01000063	2514743321	74759	76201
NZ_AHVB01000063	2514743320	73910	74758
NZ_AHVB01000063	2514743329	81912	82883
NZ_AHVB01000063	2514743328	81444	81701
NZ_AHVB01000036	2514742528	4271	5032
NZ_AHVB01000036	2514742529	5206	6075
NZ_AHVB01000036	2514742526	3275	3583
NZ_AHVB01000036	2514742527	3640	4257
NZ_AHVB01000036	2514742524	2428	2817
NZ_AHVB01000036	2514742525	3033	3272
NZ_AHVB01000035	2514742522	106705	107105
NZ_AHVB01000036	2514742523	212	2368
NZ_AHVB01000035	2514742520	104567	105331
NZ_AHVB01000035	2514742521	105345	106343
NZ_AHVB01000062	2514743219	9579	10109
NZ_AHVB01000062	2514743218	8989	9582
NZ_AHVB01000062	2514743213	5180	6532
NZ_AHVB01000062	2514743212	4251	5138
NZ_AHVB01000062	2514743211	3413	4249
NZ_AHVB01000062	2514743210	2170	3408
NZ_AHVB01000062	2514743217	8795	8911
NZ_AHVB01000062	2514743216	8002	8823
NZ_AHVB01000062	2514743215	7688	8005
NZ_AHVB01000062	2514743214	6766	7704
NZ_AHVB01000070	2514743708	65094	66119
NZ_AHVB01000040	2514742632	16981	18219
NZ_AHVB01000040	2514742633	18258	18767
NZ_AHVB01000040	2514742630	14163	15461
NZ_AHVB01000040	2514742631	15516	16934
NZ_AHVB01000023	2514742188	19811	20800
NZ_AHVB01000023	2514742189	20784	21275
NZ_AHVB01000040	2514742634	18841	19017
NZ_AHVB01000040	2514742635	19029	19730
NZ_AHVB01000023	2514742184	16308	16688
NZ_AHVB01000023	2514742185	16694	17245
NZ_AHVB01000023	2514742186	17225	18676
NZ_AHVB01000040	2514742639	23461	24354
NZ_AHVB01000023	2514742180	14109	14753
NZ_AHVB01000023	2514742181	14746	15180
NZ_AHVB01000023	2514742182	15362	16060
NZ_AHVB01000023	2514742183	16114	16308
NZ_AHVB01000068	2514743583	13119	14213
NZ_AHVB01000068	2514743600	25261	25509
NZ_AHVB01000068	2514743581	11828	12229
NZ_AHVB01000050	2514742859	22352	22804
NZ_AHVB01000068	2514743587	16169	16600
NZ_AHVB01000068	2514743586	14976	16145
NZ_AHVB01000068	2514743585	14608	14844
NZ_AHVB01000068	2514743584	14219	14611
NZ_AHVB01000050	2514742852	15893	17281
NZ_AHVB01000050	2514742853	17552	17971
NZ_AHVB01000068	2514743589	16965	17705
NZ_AHVB01000050	2514742851	12209	15853
NZ_AHVB01000050	2514742856	19966	20235
NZ_AHVB01000050	2514742857	20243	20581
NZ_AHVB01000050	2514742854	17971	18993
NZ_AHVB01000050	2514742855	19018	19917
NZ_AHVB01000014	2514741981	63180	64463
NZ_AHVB01000014	2514741980	61547	63049
NZ_AHVB01000014	2514741983	66480	66728
NZ_AHVB01000014	2514741982	64628	66445
NZ_AHVB01000014	2514741985	68015	69562
NZ_AHVB01000014	2514741984	66729	67847
NZ_AHVB01000014	2514741987	71066	71482
NZ_AHVB01000014	2514741986	69611	70987
NZ_AHVB01000014	2514741989	72226	72693
NZ_AHVB01000014	2514741988	71479	72204
NZ_AHVB01000068	2514743605	28457	29758
NZ_AHVB01000065	2514743459	18064	18957
NZ_AHVB01000065	2514743458	17204	18064
NZ_AHVB01000059	2514743109	6152	7858
NZ_AHVB01000059	2514743108	5274	6155
NZ_AHVB01000059	2514743107	4541	5203
NZ_AHVB01000059	2514743106	3697	4494
NZ_AHVB01000059	2514743105	3348	3704
NZ_AHVB01000065	2514743456	16552	16782
NZ_AHVB01000065	2514743451	13998	14219
NZ_AHVB01000059	2514743102	1449	1841
NZ_AHVB01000059	2514743101	807	1448
NZ_AHVB01000059	2514743100	1	622
NZ_AHVB01000035	2514742456	36683	37291
NZ_AHVB01000055	2514742985	11109	11954
NZ_AHVB01000035	2514742454	34262	35356
NZ_AHVB01000055	2514742987	12750	13400
NZ_AHVB01000035	2514742452	32869	33537
NZ_AHVB01000055	2514742981	8396	9613
NZ_AHVB01000070	2514743699	55975	57258
NZ_AHVB01000035	2514742451	32099	32869
NZ_AHVB01000070	2514743697	54253	55599
NZ_AHVB01000070	2514743696	54017	54256
NZ_AHVB01000070	2514743695	53483	54004
NZ_AHVB01000070	2514743694	52704	53417
NZ_AHVB01000055	2514742988	13410	14246
NZ_AHVB01000042	2514742731	45506	45955
NZ_AHVB01000035	2514742458	37697	38734
NZ_AHVB01000075	2514743922	19981	20835
NZ_AHVB01000064	2514743359	16549	17025
NZ_AHVB01000077	2514744078	45925	46269
NZ_AHVB01000077	2514744079	46305	47297
NZ_AHVB01000077	2514744076	45220	45537
NZ_AHVB01000077	2514744077	45578	45946
NZ_AHVB01000077	2514744074	43660	44748
NZ_AHVB01000077	2514744075	44915	45211
NZ_AHVB01000077	2514744072	42309	42974
NZ_AHVB01000077	2514744073	43051	43554
NZ_AHVB01000077	2514744070	41280	41921
NZ_AHVB01000077	2514744071	41929	42255
NZ_AHVB01000057	2514743073	14031	14933
NZ_AHVB01000057	2514743072	13142	13951
NZ_AHVB01000057	2514743071	11750	13084
NZ_AHVB01000057	2514743070	11097	11615
NZ_AHVB01000057	2514743077	18159	18971
NZ_AHVB01000057	2514743076	17299	18078
NZ_AHVB01000057	2514743075	16680	17297
NZ_AHVB01000057	2514743074	14959	16053
NZ_AHVB01000040	2514742636	19708	20592
NZ_AHVB01000057	2514743079	19542	20051
NZ_AHVB01000057	2514743078	19034	19483
NZ_AHVB01000040	2514742637	20664	21911
NZ_AHVB01000064	2514743350	1459	2592
NZ_AHVB01000040	2514742638	22480	23436
NZ_AHVB01000023	2514742187	18704	19723
NZ_AHVB01000064	2514743351	2812	3333
NZ_AHVB01000077	2514744102	64543	67029
NZ_AHVB01000077	2514744103	67103	67627
NZ_AHVB01000077	2514744100	62357	63313
NZ_AHVB01000077	2514744101	63315	64406
NZ_AHVB01000077	2514744106	70499	72502
NZ_AHVB01000077	2514744107	72499	73101
NZ_AHVB01000077	2514744104	67775	69478
NZ_AHVB01000077	2514744105	69475	70320
NZ_AHVB01000077	2514744108	73237	73962
NZ_AHVB01000070	2514743692	51899	52342
NZ_AHVB01000073	2514743851	4576	5271
NZ_AHVB01000066	2514743518	18694	19017
NZ_AHVB01000073	2514743850	2614	4518
NZ_AHVB01000073	2514743853	5493	5864
NZ_AHVB01000068	2514743580	11135	11761
NZ_AHVB01000073	2514743855	7265	7963
NZ_AHVB01000073	2514743854	5976	7259
NZ_AHVB01000073	2514743857	11013	12998
NZ_AHVB01000073	2514743856	8040	8486
NZ_AHVB01000011	2514741754	48331	48696
NZ_AHVB01000011	2514741755	48687	49634
NZ_AHVB01000011	2514741756	50370	51569
NZ_AHVB01000011	2514741757	51566	53044
NZ_AHVB01000011	2514741750	43699	44331
NZ_AHVB01000011	2514741751	44328	46550
NZ_AHVB01000011	2514741752	46547	47161
NZ_AHVB01000011	2514741753	47167	48135
NZ_AHVB01000011	2514741758	53020	53139
NZ_AHVB01000011	2514741759	53136	53798
NZ_AHVB01000068	2514743588	16572	16961
NZ_AHVB01000013	2514741889	45854	46162
NZ_AHVB01000076	2514743995	4817	5143
NZ_AHVB01000064	2514743355	6802	7893
NZ_AHVB01000013	2514741880	37500	37916
NZ_AHVB01000013	2514741881	38057	38908
NZ_AHVB01000013	2514741882	38905	40425
NZ_AHVB01000013	2514741883	40432	41127
NZ_AHVB01000013	2514741884	41296	41607
NZ_AHVB01000013	2514741885	41611	43596
NZ_AHVB01000013	2514741886	43611	44096
NZ_AHVB01000066	2514743519	19099	19641
NZ_AHVB01000011	2514741731	24760	25173
NZ_AHVB01000072	2514743772	6700	7137
NZ_AHVB01000070	2514743679	40887	42422
NZ_AHVB01000070	2514743688	49043	50236
NZ_AHVB01000065	2514743455	15666	16376
NZ_AHVB01000065	2514743454	15498	15641
NZ_AHVB01000065	2514743457	16757	17200
NZ_AHVB01000070	2514743689	50247	50450
NZ_AHVB01000059	2514743104	2531	3205
NZ_AHVB01000059	2514743103	1834	2541
NZ_AHVB01000065	2514743450	13117	13938
NZ_AHVB01000065	2514743453	14953	15354
NZ_AHVB01000065	2514743452	14225	14956
NZ_AHVB01000055	2514742984	10715	11086
NZ_AHVB01000036	2514742539	15854	16132
NZ_AHVB01000036	2514742538	15189	15857
NZ_AHVB01000035	2514742457	37300	37674
NZ_AHVB01000036	2514742535	10758	12125
NZ_AHVB01000036	2514742534	10200	10778
NZ_AHVB01000036	2514742537	13705	15060
NZ_AHVB01000036	2514742536	12195	13694
NZ_AHVB01000036	2514742531	7669	8418
NZ_AHVB01000055	2514742986	12122	12772
NZ_AHVB01000036	2514742533	8825	10126
NZ_AHVB01000036	2514742532	8411	8776
NZ_AHVB01000035	2514742455	35353	36681
NZ_AHVB01000055	2514742980	7712	8392
NZ_AHVB01000035	2514742453	33618	34259
NZ_AHVB01000066	2514743512	15658	16113
NZ_AHVB01000055	2514742983	10330	10710
NZ_AHVB01000029	2514742351	5186	6022
NZ_AHVB01000063	2514743268	25144	25905
NZ_AHVB01000049	2514742826	2728	3375
NZ_AHVB01000063	2514743266	23314	23667
NZ_AHVB01000063	2514743267	23657	25135
NZ_AHVB01000063	2514743264	21906	22760
NZ_AHVB01000063	2514743265	22796	23308
NZ_AHVB01000063	2514743262	20676	20900
NZ_AHVB01000049	2514742825	878	2659
NZ_AHVB01000063	2514743260	18155	19348
NZ_AHVB01000063	2514743261	19564	20673
NZ_AHVB01000035	2514742446	25708	27624
NZ_AHVB01000029	2514742352	6051	6893
NZ_AHVB01000028	2514742338	978	1421
NZ_AHVB01000075	2514743921	19340	19777
NZ_AHVB01000055	2514742989	14237	14755
NZ_AHVB01000040	2514742621	4353	6038
NZ_AHVB01000023	2514742192	23330	24403
NZ_AHVB01000040	2514742623	6794	7375
NZ_AHVB01000040	2514742622	6150	6722
NZ_AHVB01000023	2514742197	28825	29970
NZ_AHVB01000040	2514742624	7379	7558
NZ_AHVB01000040	2514742627	8494	8823
NZ_AHVB01000023	2514742194	25901	26263
NZ_AHVB01000040	2514742629	12866	13966
NZ_AHVB01000040	2514742628	11121	12869
NZ_AHVB01000023	2514742199	30636	30950
NZ_AHVB01000023	2514742198	29967	30560
NZ_AHVB01000050	2514742849	11252	11791
NZ_AHVB01000050	2514742848	9341	11134
NZ_AHVB01000074	2514743866	5148	6050
NZ_AHVB01000074	2514743867	6217	6477
NZ_AHVB01000073	2514743860	15679	17205
NZ_AHVB01000074	2514743861	1	300
NZ_AHVB01000074	2514743862	277	2253
NZ_AHVB01000074	2514743863	2260	3285
NZ_AHVB01000050	2514742841	1772	3190
NZ_AHVB01000050	2514742840	1131	1646
NZ_AHVB01000050	2514742843	4544	5011
NZ_AHVB01000050	2514742842	3196	4521
NZ_AHVB01000050	2514742845	6366	6887
NZ_AHVB01000050	2514742844	5052	6311
NZ_AHVB01000050	2514742847	8698	9309
NZ_AHVB01000050	2514742846	6986	8707
NZ_AHVB01000065	2514743460	18947	19231
NZ_AHVB01000065	2514743461	19265	19663
NZ_AHVB01000056	2514742999	4861	5304
NZ_AHVB01000056	2514742998	3436	4821
NZ_AHVB01000065	2514743464	21592	21822
NZ_AHVB01000065	2514743465	21911	22333
NZ_AHVB01000065	2514743466	22390	22845
NZ_AHVB01000065	2514743467	22881	23021
NZ_AHVB01000056	2514742993	1067	1318
NZ_AHVB01000056	2514742992	644	955
NZ_AHVB01000056	2514742991	28	657
NZ_AHVB01000055	2514742990	14742	14972
NZ_AHVB01000056	2514742997	2752	3342
NZ_AHVB01000056	2514742996	2232	2759
NZ_AHVB01000056	2514742995	1919	2185
NZ_AHVB01000056	2514742994	1339	1896
NZ_AHVB01000035	2514742445	24688	25692
NZ_AHVB01000035	2514742444	23278	24567
NZ_AHVB01000035	2514742447	27645	28340
NZ_AHVB01000070	2514743661	23579	25030
NZ_AHVB01000035	2514742441	20275	21417
NZ_AHVB01000035	2514742440	18110	19582
NZ_AHVB01000035	2514742443	22822	23253
NZ_AHVB01000035	2514742442	21419	22714
NZ_AHVB01000075	2514743918	15366	16313
NZ_AHVB01000075	2514743919	16482	17441
NZ_AHVB01000070	2514743668	31984	32955
NZ_AHVB01000070	2514743669	32948	33907
NZ_AHVB01000035	2514742449	29795	31804
NZ_AHVB01000035	2514742448	28501	29832
NZ_AHVB01000065	2514743488	41601	42008
NZ_AHVB01000065	2514743489	42033	43265
NZ_AHVB01000065	2514743482	34052	35092
NZ_AHVB01000065	2514743483	35187	35993
NZ_AHVB01000065	2514743480	32597	33598
NZ_AHVB01000065	2514743481	33599	34027
NZ_AHVB01000065	2514743486	37355	38005
NZ_AHVB01000065	2514743487	38016	41546
NZ_AHVB01000065	2514743484	35996	36751
NZ_AHVB01000065	2514743485	36933	37397
NZ_AHVB01000077	2514744069	40300	41190
NZ_AHVB01000077	2514744068	39905	40150
NZ_AHVB01000066	2514743520	19666	19953
NZ_AHVB01000077	2514744065	38213	38566
NZ_AHVB01000077	2514744064	37213	38004
NZ_AHVB01000077	2514744067	39155	39886
NZ_AHVB01000077	2514744066	38629	39048
NZ_AHVB01000077	2514744061	34538	35908
NZ_AHVB01000077	2514744060	33976	34362
NZ_AHVB01000077	2514744063	36467	37177
NZ_AHVB01000077	2514744062	36113	36328
NZ_AHVB01000056	2514743006	8514	8906
NZ_AHVB01000056	2514743007	8918	9088
NZ_AHVB01000056	2514743004	7558	7938
NZ_AHVB01000056	2514743005	7949	8503
NZ_AHVB01000056	2514743002	6495	7100
NZ_AHVB01000056	2514743003	7106	7552
NZ_AHVB01000056	2514743000	5315	5779
NZ_AHVB01000056	2514743001	5791	6498
NZ_AHVB01000056	2514743008	9091	9642
NZ_AHVB01000056	2514743009	9654	10400
NZ_AHVB01000070	2514743682	44724	45077
NZ_AHVB01000029	2514742348	2030	2908
NZ_AHVB01000077	2514744111	76632	80072
NZ_AHVB01000077	2514744110	75386	76492
NZ_AHVB01000071	2514743718	1519	1983
NZ_AHVB01000071	2514743719	2136	3209
NZ_AHVB01000070	2514743712	70074	70817
NZ_AHVB01000070	2514743713	70814	71551
NZ_AHVB01000070	2514743710	67188	68363
NZ_AHVB01000070	2514743711	68508	69950
NZ_AHVB01000071	2514743716	248	904
NZ_AHVB01000071	2514743717	975	1559
NZ_AHVB01000070	2514743714	71642	75232
NZ_AHVB01000071	2514743715	81	251
NZ_AHVB01000011	2514741749	42618	43694
NZ_AHVB01000011	2514741748	41071	42621
NZ_AHVB01000011	2514741743	34320	34676
NZ_AHVB01000011	2514741742	33487	34323
NZ_AHVB01000011	2514741741	32568	33494
NZ_AHVB01000011	2514741740	31810	32469
NZ_AHVB01000011	2514741747	40314	41102
NZ_AHVB01000011	2514741746	36320	40162
NZ_AHVB01000011	2514741745	35691	36131
NZ_AHVB01000011	2514741744	34825	35685
NZ_AHVB01000072	2514743770	4983	5885
NZ_AHVB01000072	2514743771	5897	6700
NZ_AHVB01000066	2514743523	20530	20832
NZ_AHVB01000072	2514743773	7127	7558
NZ_AHVB01000072	2514743774	7555	8739
NZ_AHVB01000072	2514743775	8752	9012
NZ_AHVB01000014	2514741932	15974	16381
NZ_AHVB01000014	2514741933	16532	18118
NZ_AHVB01000075	2514743937	35513	35926
NZ_AHVB01000066	2514743522	20238	20537
NZ_AHVB01000077	2514744044	15693	16163
NZ_AHVB01000036	2514742544	19931	20449
NZ_AHVB01000036	2514742545	20708	20908
NZ_AHVB01000036	2514742546	20982	21551
NZ_AHVB01000013	2514741873	32178	32513
NZ_AHVB01000036	2514742547	21548	22255
NZ_AHVB01000036	2514742540	16231	16908
NZ_AHVB01000036	2514742541	16956	17654
NZ_AHVB01000036	2514742542	17659	17865
NZ_AHVB01000036	2514742543	18181	19920
NZ_AHVB01000014	2514741945	28339	28926
NZ_AHVB01000026	2514742290	23941	25092
NZ_AHVB01000026	2514742291	25093	26103
NZ_AHVB01000026	2514742292	26100	26945
NZ_AHVB01000026	2514742293	26942	28225
NZ_AHVB01000026	2514742294	28241	29491
NZ_AHVB01000026	2514742295	29526	30521
NZ_AHVB01000026	2514742296	30643	31596
NZ_AHVB01000026	2514742297	31705	32994
NZ_AHVB01000026	2514742298	33068	33334
NZ_AHVB01000026	2514742299	33331	33621
NZ_AHVB01000035	2514742500	86843	87409
NZ_AHVB01000035	2514742501	87410	88024
NZ_AHVB01000035	2514742502	88154	89734
NZ_AHVB01000035	2514742503	89738	90421
NZ_AHVB01000035	2514742504	90503	91084
NZ_AHVB01000035	2514742505	91158	91613
NZ_AHVB01000035	2514742506	91592	92929
NZ_AHVB01000035	2514742507	93062	94366
NZ_AHVB01000035	2514742508	94352	95146
NZ_AHVB01000035	2514742509	95265	96317
NZ_AHVB01000017	2514742058	9376	10023
NZ_AHVB01000017	2514742059	10144	10374
NZ_AHVB01000014	2514741947	30967	31278
NZ_AHVB01000063	2514743279	34484	35443
NZ_AHVB01000063	2514743278	33784	34482
NZ_AHVB01000063	2514743275	30943	31986
NZ_AHVB01000063	2514743274	29915	30604
NZ_AHVB01000063	2514743277	32715	33800
NZ_AHVB01000063	2514743276	32001	32678
NZ_AHVB01000063	2514743271	27892	28653
NZ_AHVB01000063	2514743270	27599	27886
NZ_AHVB01000063	2514743273	29655	29918
NZ_AHVB01000063	2514743272	28731	29678
NZ_AHVB01000039	2514742614	23115	24833
NZ_AHVB01000039	2514742615	24830	26017
NZ_AHVB01000039	2514742616	26005	27168
NZ_AHVB01000040	2514742617	1	208
NZ_AHVB01000039	2514742610	16927	18411
NZ_AHVB01000039	2514742611	18641	21097
NZ_AHVB01000039	2514742612	21141	22187
NZ_AHVB01000039	2514742613	22200	23111
NZ_AHVB01000040	2514742618	475	1413
NZ_AHVB01000040	2514742619	1406	2194
NZ_AHVB01000051	2514742878	14483	14731
NZ_AHVB01000052	2514742879	1	442
NZ_AHVB01000051	2514742874	13340	13672
NZ_AHVB01000051	2514742875	13656	14036
NZ_AHVB01000051	2514742876	14206	14337
NZ_AHVB01000051	2514742877	14328	14468
NZ_AHVB01000051	2514742870	7416	8471
NZ_AHVB01000051	2514742871	8437	12186
NZ_AHVB01000051	2514742872	12221	12694
NZ_AHVB01000051	2514742873	12685	12957
NZ_AHVB01000035	2514742478	57461	58780
NZ_AHVB01000035	2514742479	58770	60503
NZ_AHVB01000065	2514743475	29980	30465
NZ_AHVB01000065	2514743474	29430	29876
NZ_AHVB01000065	2514743473	28835	29359
NZ_AHVB01000065	2514743472	26312	26728
NZ_AHVB01000065	2514743470	24874	25929
NZ_AHVB01000035	2514742470	45477	45872
NZ_AHVB01000035	2514742471	46003	46794
NZ_AHVB01000035	2514742472	46916	50233
NZ_AHVB01000035	2514742473	50230	50526
NZ_AHVB01000035	2514742474	50625	51683
NZ_AHVB01000035	2514742475	51740	53476
NZ_AHVB01000035	2514742476	53477	54799
NZ_AHVB01000035	2514742477	54800	57454
NZ_AHVB01000070	2514743671	34591	35676
NZ_AHVB01000070	2514743670	33909	34607
NZ_AHVB01000026	2514742278	13543	14427
NZ_AHVB01000026	2514742279	14695	15096
NZ_AHVB01000070	2514743675	38473	38736
NZ_AHVB01000070	2514743674	37787	38476
NZ_AHVB01000070	2514743677	39738	40499
NZ_AHVB01000070	2514743676	38713	39660
NZ_AHVB01000026	2514742272	8861	10069
NZ_AHVB01000026	2514742273	10128	10349
NZ_AHVB01000026	2514742270	5965	7164
NZ_AHVB01000026	2514742271	7179	8849
NZ_AHVB01000026	2514742276	11314	11814
NZ_AHVB01000026	2514742277	12017	13429
NZ_AHVB01000026	2514742274	10700	10888
NZ_AHVB01000026	2514742275	10872	11093
NZ_AHVB01000066	2514743499	6732	6974
NZ_AHVB01000066	2514743498	6397	6732
NZ_AHVB01000066	2514743491	1	838
NZ_AHVB01000065	2514743490	43374	43754
NZ_AHVB01000066	2514743493	1287	1457
NZ_AHVB01000066	2514743492	959	1138
NZ_AHVB01000066	2514743495	1854	3737
NZ_AHVB01000066	2514743494	1492	1851
NZ_AHVB01000066	2514743497	5844	6383
NZ_AHVB01000066	2514743496	3742	5832
NZ_AHVB01000077	2514744050	24258	24557
NZ_AHVB01000077	2514744051	24722	24895
NZ_AHVB01000077	2514744052	24906	25193
NZ_AHVB01000077	2514744053	25360	25962
NZ_AHVB01000077	2514744054	26027	27046
NZ_AHVB01000077	2514744055	27200	28834
NZ_AHVB01000077	2514744056	29533	30414
NZ_AHVB01000077	2514744057	30398	31078
NZ_AHVB01000077	2514744058	31108	31704
NZ_AHVB01000077	2514744059	31736	32083
NZ_AHVB01000056	2514743015	12105	12305
NZ_AHVB01000056	2514743014	11802	12098
NZ_AHVB01000056	2514743017	12930	13394
NZ_AHVB01000056	2514743016	12302	12925
NZ_AHVB01000056	2514743011	10776	11201
NZ_AHVB01000056	2514743010	10403	10765
NZ_AHVB01000056	2514743013	11548	11916
NZ_AHVB01000056	2514743012	11207	11542
NZ_AHVB01000074	2514743873	8813	9370
NZ_AHVB01000074	2514743872	8287	8625
NZ_AHVB01000074	2514743871	7703	8182
NZ_AHVB01000074	2514743870	7356	7712
NZ_AHVB01000056	2514743019	13815	14534
NZ_AHVB01000056	2514743018	13406	13804
NZ_AHVB01000074	2514743875	10354	11346
NZ_AHVB01000066	2514743524	20825	21055
NZ_AHVB01000027	2514742328	6717	8126
NZ_AHVB01000027	2514742329	8310	8552
NZ_AHVB01000048	2514742822	1	424
NZ_AHVB01000027	2514742333	12286	13215
NZ_AHVB01000067	2514743542	15214	16464
NZ_AHVB01000072	2514743837	72199	73341
NZ_AHVB01000062	2514743237	18739	19746
NZ_AHVB01000062	2514743236	17825	18412
NZ_AHVB01000070	2514743709	66085	67137
NZ_AHVB01000063	2514743239	1254	2306
NZ_AHVB01000026	2514742321	52666	54117
NZ_AHVB01000070	2514743701	58253	58462
NZ_AHVB01000070	2514743700	57385	58170
NZ_AHVB01000070	2514743703	60828	61874
NZ_AHVB01000070	2514743702	59655	60455
NZ_AHVB01000070	2514743705	62320	63027
NZ_AHVB01000026	2514742322	54104	54298
NZ_AHVB01000070	2514743707	63801	64985
NZ_AHVB01000070	2514743706	63112	63531
NZ_AHVB01000072	2514743836	71606	71983
NZ_AHVB01000027	2514742323	1	444
NZ_AHVB01000063	2514743288	44805	45017
NZ_AHVB01000052	2514742892	9872	10450
NZ_AHVB01000052	2514742893	10450	10932
NZ_AHVB01000052	2514742890	8830	9021
NZ_AHVB01000067	2514743548	19347	19748
NZ_AHVB01000072	2514743835	71228	71527
NZ_AHVB01000013	2514741888	44748	45857
NZ_AHVB01000042	2514742711	24662	25267
NZ_AHVB01000011	2514741738	30931	31533
NZ_AHVB01000011	2514741739	31530	31817
NZ_AHVB01000011	2514741736	28328	29320
NZ_AHVB01000011	2514741737	29478	30821
NZ_AHVB01000011	2514741734	26530	27732
NZ_AHVB01000011	2514741735	27729	28259
NZ_AHVB01000011	2514741732	25207	25926
NZ_AHVB01000011	2514741733	25971	26465
NZ_AHVB01000011	2514741730	23647	24234
NZ_AHVB01000013	2514741887	44131	44742
NZ_AHVB01000025	2514742240	30546	31805
NZ_AHVB01000075	2514743955	52112	52327
NZ_AHVB01000072	2514743834	70568	71233
NZ_AHVB01000042	2514742714	27865	28212
NZ_AHVB01000042	2514742717	33641	33937
NZ_AHVB01000025	2514742244	33826	34038
NZ_AHVB01000072	2514743833	69309	70466
NZ_AHVB01000007	2514741642	26003	26233
NZ_AHVB01000007	2514741643	26214	26528
NZ_AHVB01000007	2514741640	25342	25764
NZ_AHVB01000007	2514741641	25761	26006
NZ_AHVB01000007	2514741646	27500	28051
NZ_AHVB01000007	2514741647	28002	28526
NZ_AHVB01000007	2514741644	26525	26800
NZ_AHVB01000007	2514741645	26776	27381
NZ_AHVB01000072	2514743832	68439	69257
NZ_AHVB01000007	2514741648	28527	28976
NZ_AHVB01000007	2514741649	29034	29708
NZ_AHVB01000052	2514742938	53486	53956
NZ_AHVB01000072	2514743831	68017	68343
NZ_AHVB01000042	2514742755	66895	67050
NZ_AHVB01000040	2514742646	30907	31731
NZ_AHVB01000072	2514743805	42471	42740
NZ_AHVB01000035	2514742459	38819	39919
NZ_AHVB01000040	2514742645	30342	30653
