NC_011529	643422099	1410670	1410870
NC_011529	643422098	1409693	1410628
NC_011529	643422093	1405237	1405884
NC_011529	643422091	1403465	1404352
NC_011529	643422090	1402842	1403369
NC_011529	643422097	1408604	1409683
NC_011529	643422096	1407988	1408539
NC_011529	643422095	1407539	1408015
NC_011529	643422094	1405939	1406688
NC_011529	643421834	1169734	1170234
NC_011529	643421835	1170314	1171039
NC_011529	643421836	1171096	1171509
NC_011529	643421837	1171511	1171738
NC_011529	643421830	1165050	1166210
NC_011529	643421831	1166217	1167701
NC_011529	643421832	1167920	1169086
NC_011529	643421833	1169205	1169657
NC_011529	643422277	1579197	1579826
NC_011529	643422276	1578527	1579225
NC_011529	643422275	1578205	1578453
NC_011529	643422274	1577028	1578203
NC_011529	643422273	1575839	1576990
NC_011529	643422272	1574986	1575849
NC_011529	643422271	1574335	1574562
NC_011529	643422270	1573170	1574309
NC_011529	643422475	1800169	1800324
NC_011529	643422474	1798778	1800058
NC_011529	643422477	1800613	1801146
NC_011529	643422476	1800327	1800623
NC_011529	643422471	1795105	1796091
NC_011529	643422470	1792815	1795034
NC_011529	643422473	1797197	1798477
NC_011529	643422472	1796355	1796939
NC_011529	643420739	192267	192575
NC_011529	643422479	1801328	1801894
NC_011529	643422478	1801146	1801331
NC_011529	643422509	1823067	1823729
NC_011529	643421647	1022109	1022447
NC_011529	643421646	1021810	1022091
NC_011529	643422501	1815296	1815625
NC_011529	643422500	1814586	1815290
NC_011529	643422503	1816775	1817386
NC_011529	643422502	1815744	1816778
NC_011529	643422505	1818543	1819340
NC_011529	643421397	792678	792884
NC_011529	643422507	1820723	1821805
NC_011529	643422506	1819398	1820726
NC_011529	643421396	792029	792568
NC_011529	643421643	1019409	1019834
NC_011529	643421642	1017809	1019194
NC_011529	643421393	789237	789761
NC_011529	643421640	1016668	1016985
NC_011529	643420653	104050	104925
NC_011529	643420652	103106	103939
NC_011529	643420651	102152	102877
NC_011529	643420657	108093	109415
NC_011529	643420656	106821	107945
NC_011529	643420655	105987	106763
NC_011529	643420654	104986	105990
NC_011529	643420659	110513	110806
NC_011529	643420658	109485	110513
NC_011529	643421638	1013262	1014077
NC_011529	643421639	1014074	1016590
NC_011529	643421636	1011767	1012969
NC_011529	643421637	1013033	1013185
NC_011529	643421634	1009604	1010308
NC_011529	643421635	1010315	1011688
NC_011529	643421632	1007910	1009091
NC_011529	643421633	1009103	1009522
NC_011529	643421630	1005748	1006785
NC_011529	643421631	1006818	1007837
NC_011529	643420727	181334	182824
NC_011529	643420726	179650	181131
NC_011529	643420725	178841	179590
NC_011529	643420724	178120	178857
NC_011529	643420723	176708	178033
NC_011529	643420722	175303	176613
NC_011529	643420721	174424	175293
NC_011529	643420720	173585	174202
NC_011529	643420729	184074	184424
NC_011529	643420728	182821	184077
NC_011529	643421522	903834	904295
NC_011529	643421523	904321	905448
NC_011529	643420839	279260	281725
NC_011529	643421293	700151	701437
NC_011529	643421294	701688	702080
NC_011529	643421295	702389	702925
NC_011529	643421296	703075	705273
NC_011529	643421525	906746	908197
NC_011529	643421298	706509	707315
NC_011529	643420832	268577	269317
NC_011529	643421528	911299	911898
NC_011529	643420830	266920	267771
NC_011529	643420837	273678	277922
NC_011529	643420836	273301	273600
NC_011529	643420835	272081	273247
NC_011529	643420834	270696	272021
NC_011529	643422372	1680932	1681363
NC_011529	643422373	1681364	1681672
NC_011529	643422279	1583391	1585349
NC_011529	643422278	1579867	1583280
NC_011529	643421746	1097226	1097714
NC_011529	643421747	1097752	1099995
NC_011529	643421744	1095868	1096500
NC_011529	643421745	1096497	1097222
NC_011529	643421742	1092449	1093561
NC_011529	643421743	1093533	1095878
NC_011529	643421740	1091237	1092100
NC_011529	643421741	1092075	1092437
NC_011529	643421748	1100033	1100782
NC_011529	643421749	1100803	1101828
NC_011529	643420909	348859	350742
NC_011529	643420908	348135	348869
NC_011529	643420907	347380	348060
NC_011529	643420906	346485	347279
NC_011529	643420905	345954	346478
NC_011529	643420904	345481	345882
NC_011529	643420903	343965	345491
NC_011529	643420902	342852	343889
NC_011529	643420901	342323	342712
NC_011529	643420900	341772	342326
NC_011529	643421933	1248192	1250594
NC_011529	643421932	1246841	1247944
NC_011529	643421789	1132513	1133274
NC_011529	643420943	380974	381528
NC_011529	643422088	1401861	1402418
NC_011529	643422089	1402483	1402734
NC_011529	643422084	1399914	1400588
NC_011529	643422085	1400553	1400993
NC_011529	643422087	1401283	1401864
NC_011529	643422080	1395932	1397704
NC_011529	643422081	1397715	1398020
NC_011529	643422082	1398035	1399483
NC_011529	643422083	1399564	1399917
NC_011529	643421140	556149	556751
NC_011529	643421141	556787	557539
NC_011529	643420949	388137	388859
NC_011529	643420948	387065	388111
NC_011529	643421416	804995	805348
NC_011529	643421417	805371	805979
NC_011529	643421414	803936	804415
NC_011529	643421147	563339	565189
NC_011529	643422260	1561937	1563028
NC_011529	643422261	1563114	1564316
NC_011529	643422262	1564267	1564704
NC_011529	643422263	1564701	1565834
NC_011529	643422264	1565834	1566859
NC_011529	643422265	1567851	1569401
NC_011529	643422266	1569422	1570165
NC_011529	643421149	566006	570175
NC_011529	643422268	1570769	1572199
NC_011529	643422269	1572205	1573140
NC_011529	643420941	379505	380125
NC_011529	643420940	379073	379435
NC_011529	643422466	1789969	1790412
NC_011529	643422467	1790415	1791050
NC_011529	643421999	1318009	1318581
NC_011529	643421998	1317212	1318012
NC_011529	643422462	1782453	1785872
NC_011529	643422463	1785872	1788040
NC_011529	643422460	1780751	1781317
NC_011529	643422461	1781711	1782448
NC_011529	643421993	1312498	1313388
NC_011529	643421992	1312208	1312501
NC_011529	643421991	1311808	1312221
NC_011529	643421990	1311374	1311616
NC_011529	643421997	1316485	1317078
NC_011529	643421996	1314946	1316508
NC_011529	643421995	1314443	1314898
NC_011529	643421994	1313508	1314440
NC_011529	643422518	1829046	1830113
NC_011529	643422519	1830158	1830988
NC_011529	643422512	1825063	1826295
NC_011529	643422513	1826415	1826792
NC_011529	643422510	1823751	1824521
NC_011529	643422511	1824624	1825034
NC_011529	643422516	1827860	1828471
NC_011529	643422517	1828418	1828882
NC_011529	643422514	1826937	1827107
NC_011529	643422515	1827104	1827766
NC_011529	643420644	96859	97710
NC_011529	643420645	97796	98005
NC_011529	643420646	98098	99399
NC_011529	643420647	99440	100243
NC_011529	643420640	94352	94852
NC_011529	643420641	94857	95096
NC_011529	643420642	95093	96439
NC_011529	643420643	96710	96817
NC_011529	643420648	100367	101704
NC_011529	643420738	190645	192153
NC_011529	643421602	974875	976200
NC_011529	643421353	753871	754386
NC_011529	643421600	973675	974502
NC_011529	643421355	755300	756523
NC_011529	643421354	754452	755324
NC_011529	643421357	757828	758409
NC_011529	643421604	977179	977958
NC_011529	643421359	759128	759544
NC_011529	643421358	758366	759094
NC_011529	643420732	185131	185838
NC_011529	643420733	185957	186637
NC_011529	643420734	186729	187007
NC_011529	643420735	186994	187683
NC_011529	643420736	187871	189157
NC_011529	643420737	189304	190644
NC_011529	643421342	744330	745010
NC_011529	643421615	986545	986970
NC_011529	643421340	742731	743468
NC_011529	643421517	898435	899196
NC_011529	643421516	897647	898438
NC_011529	643421515	897084	897599
NC_011529	643421341	743555	744277
NC_011529	643420828	265571	266404
NC_011529	643421512	895326	895916
NC_011529	643421511	893255	895150
NC_011529	643421510	890696	893128
NC_011529	643420824	261281	261880
NC_011529	643420825	262215	263825
NC_011529	643420826	263822	264766
NC_011529	643420827	264753	265532
NC_011529	643420820	259183	260628
NC_011529	643420821	260693	261037
NC_011529	643420822	260816	260938
NC_011529	643420748	202180	202617
NC_011529	643421344	745342	746478
NC_011529	643421613	983401	984144
NC_011529	643421193	611467	611694
NC_011529	643421192	610846	611244
NC_011529	643421191	610014	610808
NC_011529	643421190	609019	610017
NC_011529	643421197	615428	616231
NC_011529	643421196	614035	615276
NC_011529	643421195	613693	613947
NC_011529	643421194	611706	613682
NC_011529	643421199	616866	617348
NC_011529	643421198	616332	616817
NC_011529	643420747	201878	202180
NC_011529	643421779	1124753	1125331
NC_011529	643420746	200689	201864
NC_011529	643421773	1119842	1120474
NC_011529	643421772	1119042	1119803
NC_011529	643421771	1118357	1119004
NC_011529	643421770	1117977	1118360
NC_011529	643421777	1122877	1123473
NC_011529	643421776	1122619	1122822
NC_011529	643421775	1122089	1122508
NC_011529	643421774	1120516	1121835
NC_011529	643421179	599067	599573
NC_011529	643421178	598786	599070
NC_011529	643421171	590079	591314
NC_011529	643421170	589701	590006
NC_011529	643421173	591980	594619
NC_011529	643421172	591326	591841
NC_011529	643421175	595588	596346
NC_011529	643421174	594677	595504
NC_011529	643421177	597575	598681
NC_011529	643421176	596501	597505
NC_011529	643420910	350863	351450
NC_011529	643420911	351453	352085
NC_011529	643420912	352075	352362
NC_011529	643420913	352465	353784
NC_011529	643420914	353781	354167
NC_011529	643420915	354162	354968
NC_011529	643420916	355063	356070
NC_011529	643420917	356083	356565
NC_011529	643420918	356555	357556
NC_011529	643420919	357534	358352
NC_011529	643422071	1386364	1387623
NC_011529	643422070	1385875	1386300
NC_011529	643422073	1388778	1389335
NC_011529	643422072	1387731	1387946
NC_011529	643422075	1390140	1391828
NC_011529	643422074	1389443	1390150
NC_011529	643422077	1392845	1394503
NC_011529	643422076	1391869	1392771
NC_011529	643422079	1395411	1395770
NC_011529	643422078	1394814	1395401
NC_011529	643422215	1516122	1516580
NC_011529	643422214	1515202	1515975
NC_011529	643422217	1517924	1518883
NC_011529	643422216	1516653	1517927
NC_011529	643422211	1513217	1513969
NC_011529	643422210	1512120	1513181
NC_011529	643422213	1514356	1515084
NC_011529	643422212	1513966	1514346
NC_011529	643422219	1519547	1520119
NC_011529	643422218	1518894	1519451
NC_011529	643422185	1482121	1482387
NC_011529	643422184	1481421	1482119
NC_011529	643422187	1483012	1483533
NC_011529	643422186	1482459	1482971
NC_011529	643422181	1478988	1479920
NC_011529	643422180	1478074	1478991
NC_011529	643422183	1480556	1481428
NC_011529	643422182	1480028	1480456
NC_011529	643422189	1485894	1488266
NC_011529	643422188	1483639	1485897
NC_011529	643422329	1631909	1633369
NC_011529	643422328	1630854	1631897
NC_011529	643422459	1779817	1780740
NC_011529	643422458	1779399	1779569
NC_011529	643422321	1623395	1624225
NC_011529	643422320	1622035	1623249
NC_011529	643422451	1771558	1772958
NC_011529	643422450	1770019	1771479
NC_011529	643422325	1625951	1626652
NC_011529	643422324	1625000	1625902
NC_011529	643422327	1628221	1630653
NC_011529	643422326	1626636	1627862
NC_011529	643421988	1309274	1309729
NC_011529	643421989	1309938	1311284
NC_011529	643421984	1305818	1306906
NC_011529	643421985	1306914	1308047
NC_011529	643421986	1308031	1308303
NC_011529	643421987	1308426	1309214
NC_011529	643421980	1302027	1303361
NC_011529	643421981	1303402	1304418
NC_011529	643421982	1304418	1305140
NC_011529	643421983	1305176	1305778
NC_011529	643422508	1821808	1822446
NC_011529	643422529	1836231	1837565
NC_011529	643422528	1835746	1836180
NC_011529	643422524	1833797	1834384
NC_011529	643422523	1832608	1833672
NC_011529	643422522	1832230	1832607
NC_011529	643422521	1831427	1832233
NC_011529	643422520	1831002	1831382
NC_011529	643421463	850366	850470
NC_011529	643420999	432205	432666
NC_011529	643421361	760441	761625
NC_011529	643422504	1817464	1818423
NC_011529	643420992	426336	426770
NC_011529	643420993	426893	427924
NC_011529	643421614	984126	986495
NC_011529	643421343	745052	745345
NC_011529	643421616	986967	987629
NC_011529	643421617	987635	991201
NC_011529	643421610	981227	981994
NC_011529	643421347	749627	750235
NC_011529	643421612	982389	983231
NC_011529	643421345	746619	748040
NC_011529	643420745	197966	200683
NC_011529	643420744	194598	197960
NC_011529	643421348	750255	751712
NC_011529	643421349	751740	752207
NC_011529	643421618	991250	991633
NC_011529	643421619	991856	992260
NC_011529	643420743	194333	194581
NC_011529	643420589	66420	66755
NC_011529	643420588	66046	66423
NC_011529	643420583	64146	64547
NC_011529	643420582	63424	64143
NC_011529	643420581	63150	63410
NC_011529	643420580	62376	63143
NC_011529	643420587	65864	66160
NC_011529	643420586	65657	65857
NC_011529	643420585	65034	65660
NC_011529	643420584	64558	65028
NC_011529	643421508	889543	890055
NC_011529	643421509	890268	890642
NC_011529	643421500	882787	883200
NC_011529	643421501	883181	884443
NC_011529	643421502	884685	885977
NC_011529	643421503	886004	886240
NC_011529	643421505	886790	887932
NC_011529	643421506	888060	888995
NC_011529	643421507	889034	889546
NC_011529	643420699	153895	155043
NC_011529	643420698	152983	153801
NC_011529	643420697	151769	152758
NC_011529	643420696	151305	151754
NC_011529	643420695	148982	151303
NC_011529	643420694	148806	148976
NC_011529	643420693	147490	148698
NC_011529	643420692	146837	147436
NC_011529	643421184	603427	604521
NC_011529	643421185	604606	605739
NC_011529	643421186	605772	606038
NC_011529	643421187	606087	606743
NC_011529	643421180	599611	601314
NC_011529	643421181	601464	601700
NC_011529	643421182	601725	601913
NC_011529	643421183	602029	603396
NC_011529	643421188	606831	607877
NC_011529	643421189	607942	609015
NC_011529	643421768	1117070	1117231
NC_011529	643421769	1117568	1118005
NC_011529	643421764	1113903	1114307
NC_011529	643421765	1114308	1114601
NC_011529	643421766	1114580	1115863
NC_011529	643421767	1115979	1117073
NC_011529	643421760	1111608	1112267
NC_011529	643421761	1112422	1112967
NC_011529	643421762	1112979	1113293
NC_011529	643421763	1113345	1113902
NC_011529	643421168	588679	589359
NC_011529	643421169	589349	589627
NC_011529	643421162	582548	583531
NC_011529	643421163	583575	584633
NC_011529	643421160	581147	582040
NC_011529	643421161	582052	582546
NC_011529	643421166	586852	587256
NC_011529	643421167	587253	588584
NC_011529	643421164	584768	585790
NC_011529	643421165	585844	586728
NC_011529	643420965	403938	404609
NC_011529	643420964	403007	403969
NC_011529	643420967	405296	406411
NC_011529	643420966	404606	405235
NC_011529	643420961	400644	401303
NC_011529	643420960	399163	400542
NC_011529	643420963	402429	403007
NC_011529	643420962	401281	402369
NC_011529	643420969	407475	407981
NC_011529	643420968	406293	407240
NC_011529	643422062	1376915	1377757
NC_011529	643422063	1377906	1378808
NC_011529	643422060	1374537	1375799
NC_011529	643422061	1375920	1376867
NC_011529	643422066	1382924	1383220
NC_011529	643422067	1383799	1384434
NC_011529	643422064	1378818	1380524
NC_011529	643422065	1380525	1382825
NC_011529	643422068	1384238	1385170
NC_011529	643422206	1506011	1508116
NC_011529	643422207	1508116	1509363
NC_011529	643420898	340407	341237
NC_011529	643422205	1500693	1506008
NC_011529	643422202	1498586	1499266
NC_011529	643422200	1497785	1498267
NC_011529	643422250	1550749	1552248
NC_011529	643422253	1553851	1554453
NC_011529	643421545	927521	927856
NC_011529	643422209	1510927	1511943
NC_011529	643422196	1493599	1494576
NC_011529	643422197	1494608	1495141
NC_011529	643422194	1491997	1492833
NC_011529	643422252	1552677	1553789
NC_011529	643422192	1489794	1490945
NC_011529	643422193	1490948	1491994
NC_011529	643422190	1488321	1489220
NC_011529	643422191	1489266	1489784
NC_011529	643422255	1556637	1557608
NC_011529	643422198	1495190	1496506
NC_011529	643422199	1496507	1497712
NC_011529	643422256	1557715	1558443
NC_011529	643422338	1639782	1641389
NC_011529	643422339	1641743	1642594
NC_011529	643422448	1767180	1769162
NC_011529	643422449	1769295	1769585
NC_011529	643422444	1763378	1764445
NC_011529	643422333	1635864	1636625
NC_011529	643422330	1633380	1634339
NC_011529	643422331	1634350	1635357
NC_011529	643422336	1639052	1639459
NC_011529	643422441	1755727	1759485
NC_011529	643422334	1636635	1637504
NC_011529	643422335	1637501	1638832
NC_011529	643421971	1290632	1291612
NC_011529	643421970	1289130	1290632
NC_011529	643421973	1292970	1293365
NC_011529	643421972	1291759	1292946
NC_011529	643421975	1293877	1294380
NC_011529	643421974	1293365	1293880
NC_011529	643421977	1296243	1298003
NC_011529	643421976	1294418	1295986
NC_011529	643421979	1299380	1302034
NC_011529	643421978	1298013	1299383
NC_011529	643421006	435572	435922
NC_011529	643421540	922544	923152
NC_011529	643422530	1837698	1838702
NC_011529	643422531	1838696	1840315
NC_011529	643422532	1840400	1841452
NC_011529	643422533	1841442	1842287
NC_011529	643422534	1842330	1843391
NC_011529	643422535	1843369	1844502
NC_011529	643422536	1844495	1844797
NC_011529	643422537	1844891	1845508
NC_011529	643422538	1845509	1846861
NC_011529	643422539	1846966	1847520
NC_011529	643421885	1207661	1208065
NC_011529	643421884	1206859	1207464
NC_011529	643421887	1208759	1210210
NC_011529	643421886	1208143	1208481
NC_011529	643421881	1206093	1206323
NC_011529	643421880	1205854	1206096
NC_011529	643421883	1206611	1206883
NC_011529	643421882	1206304	1206618
NC_011529	643421889	1211242	1211454
NC_011529	643421888	1210210	1211076
NC_011529	643421580	958400	959104
NC_011529	643422201	1498245	1498472
NC_011529	643421581	959117	959497
NC_011529	643421377	775247	775855
NC_011529	643421376	772728	775130
NC_011529	643421375	772400	772717
NC_011529	643421374	771663	772019
NC_011529	643421373	770560	771411
NC_011529	643421372	769859	770563
NC_011529	643421371	769158	769862
NC_011529	643421370	768428	769078
NC_011529	643421131	546088	547614
NC_011529	643420757	207515	207718
NC_011529	643420754	205689	206954
NC_011529	643420752	205090	205425
NC_011529	643420753	205422	205622
NC_011529	643420750	203077	203724
NC_011529	643420751	203960	205084
NC_011529	643420598	70399	70845
NC_011529	643420599	70856	71461
NC_011529	643422365	1672996	1673178
NC_011529	643420594	68858	69028
NC_011529	643420595	69040	69432
NC_011529	643420596	69443	69997
NC_011529	643420597	70008	70388
NC_011529	643420590	66761	67186
NC_011529	643420591	67197	67562
NC_011529	643420592	67562	68293
NC_011529	643420593	68305	68856
NC_011529	643421130	544818	546041
NC_011529	643422364	1672182	1672958
NC_011529	643421579	957535	958188
NC_011529	643421578	957092	957538
NC_011529	643421575	954845	955219
NC_011529	643421574	953602	954648
NC_011529	643421577	956367	957080
NC_011529	643421576	955262	956338
NC_011529	643421571	951000	951404
NC_011529	643421570	950237	951007
NC_011529	643421573	951897	953459
NC_011529	643421572	951401	951886
NC_011529	643422367	1676828	1677202
NC_011529	643420680	136183	137088
NC_011529	643420681	137075	137848
NC_011529	643420682	137851	138618
NC_011529	643420683	138666	139952
NC_011529	643420684	140219	141382
NC_011529	643420685	141492	142103
NC_011529	643420686	142114	144060
NC_011529	643420687	144066	145400
NC_011529	643420688	145449	145793
NC_011529	643420689	145798	146481
NC_011529	643421791	1134666	1134845
NC_011529	643421790	1133359	1134669
NC_011529	643421793	1135538	1136215
NC_011529	643421792	1135197	1135499
NC_011529	643421795	1137647	1138795
NC_011529	643421794	1136309	1137586
NC_011529	643421797	1139467	1140114
NC_011529	643421796	1138860	1139462
NC_011529	643421799	1140637	1141089
NC_011529	643421798	1140117	1140635
NC_011529	643421611	981997	982236
NC_011529	643421401	794852	796564
NC_011529	643421400	794589	794705
NC_011529	643421403	797444	797896
NC_011529	643421402	796561	797442
NC_011529	643421405	799239	799778
NC_011529	643421404	797937	799166
NC_011529	643421407	800962	801477
NC_011529	643421158	579317	579970
NC_011529	643421157	578484	579212
NC_011529	643421408	801560	801721
NC_011529	643421155	574828	577053
NC_011529	643421153	572684	574426
NC_011529	643421152	571725	572642
NC_011529	643421151	570567	571616
NC_011529	643421150	570267	570542
NC_011529	643420976	414074	414910
NC_011529	643420977	414910	416766
NC_011529	643420974	412098	412601
NC_011529	643420975	412733	413965
NC_011529	643420972	409669	411300
NC_011529	643420973	411370	412101
NC_011529	643420970	408067	408804
NC_011529	643420971	408855	409511
NC_011529	643420978	417286	418620
NC_011529	643420979	418875	419600
NC_011529	643421089	508118	509824
NC_011529	643421088	507269	508009
NC_011529	643421085	504458	505327
NC_011529	643421084	503598	504170
NC_011529	643421087	506333	507127
NC_011529	643421086	505386	506213
NC_011529	643421081	500077	500250
NC_011529	643421080	498574	499794
NC_011529	643421083	502293	503480
NC_011529	643421082	500315	502189
NC_011529	643422057	1369681	1371642
NC_011529	643422056	1368397	1369524
NC_011529	643422055	1368053	1368289
NC_011529	643422053	1366836	1367663
NC_011529	643422052	1365607	1366803
NC_011529	643422051	1364668	1365504
NC_011529	643422050	1363966	1364574
NC_011529	643422059	1373454	1374305
NC_011529	643422058	1371745	1373418
NC_011529	643421201	617950	618345
NC_011529	643421200	617349	617870
NC_011529	643422239	1542339	1543406
NC_011529	643422238	1540468	1542327
NC_011529	643422233	1534872	1535384
NC_011529	643422232	1533149	1534861
NC_011529	643422231	1532405	1532791
NC_011529	643422230	1531753	1532430
NC_011529	643422237	1539478	1540461
NC_011529	643422236	1538036	1539466
NC_011529	643422235	1536582	1537655
NC_011529	643422234	1535478	1536575
NC_011529	643420881	324677	324964
NC_011529	643422309	1611688	1611999
NC_011529	643422308	1610866	1611558
NC_011529	643422307	1609343	1610866
NC_011529	643422306	1608429	1609346
NC_011529	643422305	1607696	1608121
NC_011529	643422304	1607084	1607692
NC_011529	643422303	1606317	1607063
NC_011529	643422302	1605464	1606114
NC_011529	643422301	1604546	1605454
NC_011529	643422300	1603938	1604447
NC_011529	643421962	1282133	1282516
NC_011529	643421963	1282616	1283251
NC_011529	643421960	1280533	1281372
NC_011529	643421961	1281439	1282143
NC_011529	643421966	1285390	1286136
NC_011529	643421967	1286264	1287190
NC_011529	643421964	1283263	1283937
NC_011529	643421965	1284009	1285424
NC_011529	643421968	1287229	1288176
NC_011529	643421969	1288112	1289125
NC_011529	643421550	931496	932647
NC_011529	643421896	1216379	1217188
NC_011529	643421897	1217259	1217666
NC_011529	643421894	1213608	1215788
NC_011529	643421895	1215836	1216393
NC_011529	643421892	1212879	1213223
NC_011529	643421893	1213224	1213469
NC_011529	643421890	1211441	1212202
NC_011529	643421891	1212183	1212821
NC_011529	643421898	1217677	1218954
NC_011529	643421899	1218951	1219709
NC_011529	643422204	1499968	1500654
NC_011529	643420763	212603	212782
NC_011529	643420762	211960	212541
NC_011529	643420761	211715	211963
NC_011529	643420760	210287	211486
NC_011529	643420767	214422	214598
NC_011529	643420766	213583	214410
NC_011529	643420765	213289	213486
NC_011529	643420764	213001	213285
NC_011529	643420769	215538	216152
NC_011529	643420768	214603	215403
NC_011529	643420561	43637	44659
NC_011529	643420560	42953	43543
NC_011529	643420563	45563	46408
NC_011529	643420562	44714	45553
NC_011529	643420565	46791	48038
NC_011529	643420564	46419	46742
NC_011529	643420567	48772	49647
NC_011529	643420566	48035	48775
NC_011529	643420569	50799	51635
NC_011529	643420568	49644	50648
NC_011529	643420749	202628	203071
NC_011529	643421113	529740	530981
NC_011529	643422208	1509623	1510249
NC_011529	643421444	833434	834279
NC_011529	643421447	838098	838379
NC_011529	643421110	527152	527373
NC_011529	643421568	949630	949989
NC_011529	643421569	949982	950236
NC_011529	643421566	948784	949359
NC_011529	643421567	949349	949633
NC_011529	643421564	945773	946654
NC_011529	643421565	946658	948280
NC_011529	643421562	943673	943867
NC_011529	643421563	943872	945776
NC_011529	643421560	940903	942795
NC_011529	643421561	942863	943672
NC_011529	643422195	1492817	1493608
NC_011529	643421443	832602	833624
NC_011529	643421442	831224	832498
NC_011529	643421290	699287	699517
NC_011529	643421292	699796	700104
NC_011529	643421368	765717	766286
NC_011529	643421369	766292	768202
NC_011529	643421521	901246	903786
NC_011529	643421360	759541	760293
NC_011529	643421526	908345	910189
NC_011529	643421362	761764	763047
NC_011529	643421363	763497	763949
NC_011529	643421364	763946	764368
NC_011529	643421365	764434	764766
NC_011529	643421366	764763	764930
NC_011529	643421367	764933	765682
NC_011529	643421782	1127387	1127881
NC_011529	643421783	1127891	1128802
NC_011529	643421780	1125429	1126763
NC_011529	643421781	1127155	1127358
NC_011529	643421786	1130184	1130693
NC_011529	643421787	1130698	1131051
NC_011529	643421784	1128809	1129120
NC_011529	643421785	1129244	1130083
NC_011529	643421788	1131041	1132504
NC_011529	643421297	705418	706482
NC_011529	643421412	803014	803538
NC_011529	643421413	803592	803906
NC_011529	643421142	557499	559424
NC_011529	643421143	559928	560386
NC_011529	643421144	560452	561618
NC_011529	643421145	561615	562172
NC_011529	643421146	562153	563238
NC_011529	643421415	804483	805007
NC_011529	643421148	565310	566014
NC_011529	643420942	380122	380940
NC_011529	643421418	806173	806766
NC_011529	643421419	807102	807989
NC_011529	643420947	386238	387062
NC_011529	643420946	384182	386038
NC_011529	643420945	383357	384136
NC_011529	643420944	381622	383367
NC_011529	643420789	231958	232845
NC_011529	643420788	230598	231623
NC_011529	643421529	911967	913985
NC_011529	643420781	224445	225380
NC_011529	643420780	223747	224448
NC_011529	643420783	226396	227172
NC_011529	643420782	225469	226428
NC_011529	643420785	228209	229345
NC_011529	643420784	227169	228203
NC_011529	643420787	230165	230539
NC_011529	643420786	229347	230045
NC_011529	643421098	515978	516520
NC_011529	643421099	516523	517380
NC_011529	643421096	514360	515577
NC_011529	643421097	515623	515898
NC_011529	643421094	512808	513377
NC_011529	643421095	513408	514025
NC_011529	643421092	511655	512179
NC_011529	643421093	512176	512811
NC_011529	643421090	509938	511401
NC_011529	643421091	511404	511613
NC_011529	643422048	1363330	1363605
NC_011529	643422049	1363679	1363993
NC_011529	643422040	1356339	1357334
NC_011529	643422041	1357465	1358382
NC_011529	643422042	1358513	1359877
NC_011529	643422043	1359861	1360595
NC_011529	643422044	1360637	1361173
NC_011529	643422045	1361316	1361600
NC_011529	643422046	1361712	1362605
NC_011529	643422047	1362747	1363340
NC_011529	643422228	1529056	1530465
NC_011529	643422229	1530586	1531740
NC_011529	643422224	1526073	1526630
NC_011529	643422225	1526631	1526936
NC_011529	643422226	1526961	1527536
NC_011529	643422227	1527681	1528997
NC_011529	643422220	1520112	1520819
NC_011529	643422221	1520990	1523023
NC_011529	643422222	1523066	1524508
NC_011529	643422223	1524547	1525923
NC_011529	643422310	1612001	1613980
NC_011529	643422311	1613996	1614484
NC_011529	643422312	1614522	1615133
NC_011529	643422313	1615139	1616239
NC_011529	643422314	1616236	1616544
NC_011529	643422315	1616550	1618307
NC_011529	643422316	1618307	1619704
NC_011529	643422317	1619732	1620370
NC_011529	643422318	1620478	1621245
NC_011529	643422319	1621256	1622029
NC_011529	643421955	1274306	1274461
NC_011529	643421954	1273662	1274228
NC_011529	643421953	1273057	1273665
NC_011529	643421952	1272111	1272986
NC_011529	643421951	1270398	1271978
NC_011529	643421950	1269706	1270392
NC_011529	643421959	1279974	1280240
NC_011529	643422332	1635391	1635867
NC_011529	643422445	1764762	1765724
NC_011529	643422446	1765781	1766572
NC_011529	643422447	1766586	1767173
NC_011529	643422440	1754957	1755730
NC_011529	643422337	1639465	1639740
NC_011529	643422442	1759461	1761383
NC_011529	643422443	1761620	1763254
NC_011529	643421450	839667	840323
NC_011529	643422464	1788037	1789518
NC_011529	643421299	707341	707508
NC_011529	643420774	219214	220596
NC_011529	643420775	220672	222033
NC_011529	643420776	222108	222677
NC_011529	643420777	222743	223339
NC_011529	643420770	216149	216397
NC_011529	643420771	216399	217058
NC_011529	643420772	217055	217855
NC_011529	643420773	217845	219212
NC_011529	643420778	223336	223515
NC_011529	643420779	223565	223750
NC_011529	643420572	54235	54828
NC_011529	643420573	54831	55592
NC_011529	643420570	51635	53059
NC_011529	643420571	53132	54034
NC_011529	643420576	58197	58745
NC_011529	643420577	58963	60105
NC_011529	643420574	55623	56777
NC_011529	643420575	56942	58108
NC_011529	643420578	60403	61320
NC_011529	643420579	61322	62365
NC_011529	643421553	933720	934433
NC_011529	643421552	933015	933623
NC_011529	643421223	637055	637756
NC_011529	643421222	636641	637051
NC_011529	643421557	937706	938428
NC_011529	643421556	936763	937656
NC_011529	643421227	640988	641995
NC_011529	643421226	639465	640919
NC_011529	643421229	642692	643207
NC_011529	643421228	641992	642579
NC_011529	643421559	940254	940892
NC_011529	643421558	939053	940156
NC_011529	643421319	725713	725994
NC_011529	643421318	725041	725712
NC_011529	643421315	719961	721769
NC_011529	643421314	719598	719792
NC_011529	643421317	724641	724835
NC_011529	643421316	721780	724644
NC_011529	643421311	716298	716981
NC_011529	643421310	715472	716293
NC_011529	643421313	718455	719603
NC_011529	643421312	717010	718395
NC_011529	643421427	812919	813926
NC_011529	643421134	549584	550567
NC_011529	643421137	552776	553423
NC_011529	643421424	810845	811534
NC_011529	643421423	810256	810843
NC_011529	643421422	809726	810256
NC_011529	643421421	808596	809729
NC_011529	643421420	807989	808606
NC_011529	643420954	392765	394030
NC_011529	643420955	394096	394566
NC_011529	643420956	394587	396308
NC_011529	643420957	396395	397735
NC_011529	643421139	555062	556111
NC_011529	643421138	553515	554945
NC_011529	643421429	814651	815439
NC_011529	643421428	813923	814645
NC_011529	643420798	238366	239139
NC_011529	643420799	239140	239394
NC_011529	643420792	234185	234661
NC_011529	643420793	234875	235456
NC_011529	643420790	232997	233416
NC_011529	643420791	233413	234159
NC_011529	643420796	237495	237980
NC_011529	643420797	237977	238369
NC_011529	643420794	235453	235893
NC_011529	643420795	235919	237484
NC_011529	643422039	1355144	1356328
NC_011529	643422038	1354815	1355132
NC_011529	643422035	1352305	1352613
NC_011529	643422034	1351697	1352257
NC_011529	643422037	1353817	1354752
NC_011529	643422036	1352624	1353811
NC_011529	643422031	1348773	1349132
NC_011529	643422030	1348397	1348732
NC_011529	643422033	1350508	1351470
NC_011529	643422032	1349239	1350528
NC_011529	643421049	471805	472965
NC_011529	643421048	471403	471795
NC_011529	643421041	465860	466741
NC_011529	643421040	463887	465815
NC_011529	643421043	468080	468316
NC_011529	643421042	466735	467982
NC_011529	643421045	469262	469438
NC_011529	643421044	468326	468805
NC_011529	643421047	470109	471359
NC_011529	643421046	469556	470119
NC_011529	643422141	1449296	1449781
NC_011529	643422140	1448895	1449299
NC_011529	643422143	1451413	1452000
NC_011529	643422142	1449793	1451361
NC_011529	643422145	1452641	1452904
NC_011529	643422144	1452138	1452644
NC_011529	643422147	1453269	1453535
NC_011529	643422146	1452901	1453272
NC_011529	643422149	1453825	1454271
NC_011529	643422148	1453532	1453828
NC_011529	643421221	636003	636644
NC_011529	643421220	635758	636006
NC_011529	643421551	932647	932973
NC_011529	643421948	1267819	1268985
NC_011529	643421949	1268989	1269570
NC_011529	643422495	1812316	1812705
NC_011529	643422366	1673201	1676398
NC_011529	643422361	1669180	1670532
NC_011529	643422360	1668118	1669140
NC_011529	643422363	1670980	1672062
NC_011529	643422362	1670535	1670897
NC_011529	643421940	1260482	1261609
NC_011529	643421225	638945	639490
NC_011529	643421942	1262287	1263222
NC_011529	643421943	1263212	1263703
NC_011529	643422369	1678209	1678736
NC_011529	643422368	1677265	1678095
NC_011529	643421946	1265828	1266748
NC_011529	643421947	1266815	1267729
NC_011529	643421555	935913	936761
NC_011529	643421554	934533	935912
NC_011529	643421386	782741	783109
NC_011529	643420700	155082	155267
NC_011529	643420703	156347	156997
NC_011529	643421385	782358	782735
NC_011529	643421382	780424	780540
NC_011529	643421441	829649	831103
NC_011529	643421383	780711	781514
NC_011529	643420706	158447	158914
NC_011529	643421440	828943	829587
NC_011529	643421838	1171739	1172635
NC_011529	643421287	695654	695989
NC_011529	643421839	1172619	1172900
NC_011529	643421286	694826	695470
NC_011529	643420547	30064	30699
NC_011529	643420546	29596	29994
NC_011529	643420545	29247	29543
NC_011529	643420544	28388	29206
NC_011529	643420543	27646	28395
NC_011529	643420542	26879	27649
NC_011529	643420541	26172	26882
NC_011529	643420540	25378	26160
NC_011529	643420549	31271	32272
NC_011529	643420548	30696	31220
NC_011529	643421544	926764	927489
NC_011529	643421233	646160	647218
NC_011529	643421546	927853	928674
NC_011529	643421231	644476	644697
NC_011529	643421236	649968	650927
NC_011529	643421541	923272	924441
NC_011529	643421542	924458	925210
NC_011529	643421543	925314	926732
NC_011529	643420895	337129	338016
NC_011529	643421238	651536	652819
NC_011529	643421239	652816	653988
NC_011529	643421548	930299	930889
NC_011529	643421549	930932	931486
NC_011529	643420893	335632	336807
NC_011529	643420892	334514	335623
NC_011529	643421308	714144	714500
NC_011529	643421309	714681	715475
NC_011529	643421306	712627	713331
NC_011529	643421307	713337	714116
NC_011529	643421304	709780	710940
NC_011529	643421305	710933	712624
NC_011529	643421302	708121	708531
NC_011529	643421303	708536	709783
NC_011529	643421300	707512	707637
NC_011529	643421301	707732	708133
NC_011529	643421438	825483	826676
NC_011529	643421439	826673	827971
NC_011529	643421430	815677	816381
NC_011529	643421431	816496	816990
NC_011529	643421432	817328	818323
NC_011529	643422267	1570184	1570729
NC_011529	643421434	820846	823179
NC_011529	643421435	823185	823745
NC_011529	643421436	823745	824617
NC_011529	643421437	824617	825486
NC_011529	643421126	541829	542611
NC_011529	643421127	542670	543167
NC_011529	643421124	540373	540645
NC_011529	643421125	540796	541767
NC_011529	643421122	538325	539179
NC_011529	643421123	539179	540369
NC_011529	643421120	536662	537810
NC_011529	643421121	537807	538319
NC_011529	643421128	543199	544104
NC_011529	643421129	544245	544694
NC_011529	643422028	1346347	1347513
NC_011529	643422029	1347538	1348290
NC_011529	643422026	1344790	1345827
NC_011529	643422027	1345861	1346340
NC_011529	643422024	1343569	1344288
NC_011529	643422025	1344275	1344814
NC_011529	643422022	1341942	1342589
NC_011529	643422023	1342624	1343523
NC_011529	643422021	1341022	1341945
NC_011529	643421058	479372	480085
NC_011529	643421059	480163	480612
NC_011529	643421052	474692	475237
NC_011529	643421053	475321	475776
NC_011529	643421050	473544	474248
NC_011529	643421056	477496	478098
NC_011529	643421057	478189	479244
NC_011529	643421054	475806	477236
NC_011529	643421055	477226	477477
NC_011529	643421135	550659	552449
NC_011529	643421426	812296	812922
NC_011529	643421425	811528	812286
NC_011529	643421136	552428	552763
NC_011529	643420958	397738	398601
NC_011529	643420959	398677	399087
NC_011529	643421133	548638	549534
NC_011529	643421132	547607	548641
NC_011529	643422152	1456224	1456571
NC_011529	643422153	1456576	1457103
NC_011529	643422150	1454268	1454627
NC_011529	643422151	1454624	1456222
NC_011529	643422156	1458955	1459947
NC_011529	643422157	1459944	1460402
NC_011529	643422154	1457103	1457672
NC_011529	643422155	1457669	1458949
NC_011529	643422158	1460676	1461164
NC_011529	643422159	1461211	1461384
NC_011529	643420950	388859	390082
NC_011529	643421519	899889	900281
NC_011529	643420951	390058	390936
NC_011529	643420952	391027	391962
NC_011529	643420953	392104	392712
NC_011529	643422488	1807729	1808070
NC_011529	643422489	1808140	1808790
NC_011529	643422480	1801934	1802470
NC_011529	643422481	1802582	1803034
NC_011529	643422482	1803162	1803278
NC_011529	643422484	1803917	1804174
NC_011529	643422486	1804922	1805980
NC_011529	643422487	1806044	1807732
NC_011529	643422376	1685139	1685693
NC_011529	643422377	1685834	1688800
NC_011529	643422374	1681789	1683525
NC_011529	643422375	1683769	1685133
NC_011529	643421939	1259299	1260495
NC_011529	643421938	1258589	1259065
NC_011529	643422370	1678741	1680612
NC_011529	643422371	1680637	1680858
NC_011529	643421935	1254314	1254889
NC_011529	643421934	1250591	1252192
NC_011529	643421937	1256859	1258358
NC_011529	643421936	1255554	1256738
NC_011529	643421931	1246171	1246635
NC_011529	643421930	1244707	1246155
NC_011529	643422378	1688892	1689356
NC_011529	643422379	1689494	1692226
NC_011529	643421841	1173626	1174033
NC_011529	643421840	1172944	1173585
NC_011529	643421843	1174861	1175694
NC_011529	643421842	1174092	1174934
NC_011529	643421845	1175757	1177013
NC_011529	643421844	1175500	1175718
NC_011529	643421847	1178275	1179057
NC_011529	643421846	1177252	1178220
NC_011529	643421849	1180681	1181943
NC_011529	643421848	1179126	1180382
NC_011529	643421518	899193	899822
NC_011529	643422248	1549337	1549762
NC_011529	643420558	41527	42039
NC_011529	643420559	42118	42972
NC_011529	643420550	32309	33151
NC_011529	643420551	33235	34362
NC_011529	643420552	34369	34833
NC_011529	643420553	34836	35222
NC_011529	643420554	35233	36801
NC_011529	643420555	36951	37382
NC_011529	643420556	37451	40924
NC_011529	643420557	40924	41418
NC_011529	643422465	1789515	1789988
NC_011529	643421207	621770	622114
NC_011529	643421206	621078	621767
NC_011529	643421205	620964	621083
NC_011529	643421204	620716	620910
NC_011529	643421203	619282	620475
NC_011529	643421202	618303	619295
NC_011529	643420888	330443	331519
NC_011529	643420889	331582	332388
NC_011529	643420886	328995	329387
NC_011529	643420887	329520	330446
NC_011529	643420884	326389	327990
NC_011529	643420885	327987	328877
NC_011529	643420882	324977	325357
NC_011529	643420883	325364	326263
NC_011529	643421209	623840	625165
NC_011529	643421208	622462	623829
NC_011529	643422468	1791090	1791719
NC_011529	643422469	1791716	1792807
NC_011529	643420758	207885	209315
NC_011529	643420759	209322	210239
NC_011529	643421333	738507	739166
NC_011529	643421332	737617	738474
NC_011529	643421331	736795	737433
NC_011529	643421330	735703	736755
NC_011529	643421337	740288	740668
NC_011529	643421336	739912	740283
NC_011529	643421335	739453	739878
NC_011529	643421334	739157	739456
NC_011529	643421339	741380	742594
NC_011529	643421338	740787	741296
NC_011529	643421119	535816	536661
NC_011529	643421118	535259	535819
NC_011529	643421449	839371	839664
NC_011529	643421448	838389	839381
NC_011529	643421445	834406	836190
NC_011529	643421112	528737	529585
NC_011529	643421111	527497	528699
NC_011529	643421446	836374	838074
NC_011529	643421117	534728	535198
NC_011529	643421116	534384	534731
NC_011529	643421115	532003	534204
NC_011529	643421114	531042	531995
NC_011529	643421689	1050548	1051285
NC_011529	643421688	1049954	1050397
NC_011529	643421379	776366	776980
NC_011529	643421683	1045434	1046642
NC_011529	643421682	1044615	1045427
NC_011529	643421681	1043825	1044652
NC_011529	643421680	1043188	1043835
NC_011529	643421687	1048944	1049714
NC_011529	643421686	1047925	1049019
NC_011529	643421685	1047699	1047941
NC_011529	643421684	1046639	1047709
NC_011529	643422013	1333455	1333709
NC_011529	643422012	1332949	1333458
NC_011529	643422011	1331505	1332866
NC_011529	643422010	1330213	1331508
NC_011529	643422017	1336109	1338025
NC_011529	643422016	1335446	1335991
NC_011529	643422015	1334159	1335436
NC_011529	643422014	1333706	1334155
NC_011529	643422019	1339388	1340494
NC_011529	643422018	1338020	1339297
NC_011529	643421069	487831	488280
NC_011529	643421068	487523	487816
NC_011529	643421067	486073	487410
NC_011529	643421066	485334	486080
NC_011529	643421065	483311	485218
NC_011529	643421064	482389	483192
NC_011529	643421063	481929	482312
NC_011529	643421062	481526	481897
NC_011529	643421061	481092	481469
NC_011529	643421060	480784	481086
NC_011529	643421599	973346	973678
NC_011529	643421598	972923	973318
NC_011529	643421597	972316	972801
NC_011529	643421596	971488	972255
NC_011529	643421595	970797	971483
NC_011529	643421594	969803	970804
NC_011529	643421593	969344	969793
NC_011529	643421592	968300	969331
NC_011529	643421591	967408	968217
NC_011529	643421590	966620	967402
NC_011529	643422167	1466833	1468170
NC_011529	643422166	1466361	1466552
NC_011529	643422165	1465349	1466341
NC_011529	643422164	1464413	1464916
NC_011529	643422163	1463866	1464393
NC_011529	643422162	1462664	1463869
NC_011529	643422161	1462117	1462602
NC_011529	643422160	1461381	1462079
NC_011529	643422169	1468841	1469125
NC_011529	643422168	1468245	1468844
NC_011529	643422349	1651987	1652322
NC_011529	643422348	1650705	1651973
NC_011529	643422343	1646085	1647140
NC_011529	643422342	1645143	1645892
NC_011529	643422341	1643624	1644829
NC_011529	643422340	1642591	1643631
NC_011529	643422347	1649925	1650668
NC_011529	643422346	1648641	1649831
NC_011529	643422345	1648261	1648569
NC_011529	643422344	1647122	1648249
NC_011529	643421928	1242868	1243653
NC_011529	643421929	1243858	1244706
NC_011529	643421926	1240974	1241768
NC_011529	643421927	1242126	1242857
NC_011529	643421924	1240483	1240587
NC_011529	643421922	1239642	1240007
NC_011529	643421920	1238308	1238853
NC_011529	643421921	1238853	1239635
NC_011529	643421852	1183865	1185025
NC_011529	643421853	1185027	1185431
NC_011529	643421850	1181949	1182629
NC_011529	643421851	1182802	1183854
NC_011529	643421856	1186423	1186956
NC_011529	643421857	1186961	1187368
NC_011529	643421854	1185537	1185830
NC_011529	643421855	1185849	1186352
NC_011529	643421858	1187582	1188121
NC_011529	643421859	1188031	1188366
NC_011529	643421816	1152613	1152885
NC_011529	643420529	17841	18380
NC_011529	643420528	17057	17779
NC_011529	643420525	14754	15152
NC_011529	643420524	14275	14661
NC_011529	643420527	16353	17060
NC_011529	643420526	15273	16313
NC_011529	643420521	12484	12699
NC_011529	643420520	11580	11834
NC_011529	643420523	13936	14226
NC_011529	643420522	12754	13932
NC_011529	643420631	89168	89326
NC_011529	643420633	89876	90175
NC_011529	643420632	89425	89751
NC_011529	643420635	91494	92255
NC_011529	643420634	90200	91522
NC_011529	643420637	92811	93263
NC_011529	643420639	93581	94297
NC_011529	643420638	93249	93575
NC_011529	643421324	730258	732516
NC_011529	643421325	732519	732713
NC_011529	643421326	732788	734209
NC_011529	643421327	734306	734767
NC_011529	643421320	725994	726278
NC_011529	643421321	726320	726994
NC_011529	643421322	727050	727496
NC_011529	643421323	727480	728091
NC_011529	643421328	734929	735396
NC_011529	643421329	735506	735706
NC_011529	643421108	525810	526328
NC_011529	643421109	526374	527105
NC_011529	643421458	847311	847709
NC_011529	643421459	848076	848615
NC_011529	643421456	845483	846370
NC_011529	643421457	846370	847239
NC_011529	643421106	524037	525032
NC_011529	643421455	844895	845338
NC_011529	643421100	517395	518045
NC_011529	643421101	518042	519211
NC_011529	643421102	519291	520895
NC_011529	643421451	840401	841192
NC_011529	643420987	423683	423832
NC_011529	643420986	422986	423627
NC_011529	643420985	422765	423043
NC_011529	643420984	422351	422701
NC_011529	643420983	421989	422321
NC_011529	643420982	421025	422011
NC_011529	643420981	420696	421022
NC_011529	643420980	419527	420645
NC_011529	643421694	1053634	1054575
NC_011529	643421695	1054591	1054743
NC_011529	643421696	1054779	1055924
NC_011529	643421697	1056098	1057888
NC_011529	643421690	1051298	1051525
NC_011529	643421691	1051747	1051857
NC_011529	643421692	1051854	1052552
NC_011529	643421693	1052670	1053440
NC_011529	643421218	634097	634981
NC_011529	643421219	634969	635715
NC_011529	643421210	625249	626244
NC_011529	643421212	626783	627535
NC_011529	643421213	627600	628757
NC_011529	643421214	628774	629355
NC_011529	643421215	629512	632166
NC_011529	643421216	632410	633228
NC_011529	643421217	633150	634112
NC_011529	643422004	1323272	1324975
NC_011529	643422005	1325015	1325407
NC_011529	643422006	1325659	1326444
NC_011529	643422007	1326680	1327255
NC_011529	643422000	1318605	1320347
NC_011529	643422001	1320904	1321479
NC_011529	643422002	1321476	1322825
NC_011529	643422003	1322884	1323267
NC_011529	643422008	1327289	1329445
NC_011529	643422009	1329486	1330148
NC_011529	643421070	488328	489617
NC_011529	643421071	489614	490411
NC_011529	643421072	490422	491297
NC_011529	643421073	491294	492397
NC_011529	643421074	492769	493758
NC_011529	643421075	493791	495833
NC_011529	643421076	495836	496327
NC_011529	643421077	496333	496710
NC_011529	643421078	496716	497774
NC_011529	643421079	497780	498286
NC_011529	643420859	304356	304589
NC_011529	643420858	303061	304359
NC_011529	643421582	959421	961421
NC_011529	643421275	685723	685920
NC_011529	643421584	962122	962868
NC_011529	643421586	963130	964341
NC_011529	643421587	964335	965516
NC_011529	643420851	296530	297198
NC_011529	643421589	966022	966630
NC_011529	643420853	298165	299160
NC_011529	643420852	297243	297965
NC_011529	643420855	299497	301260
NC_011529	643420854	299157	299519
NC_011529	643420857	302216	302914
NC_011529	643420856	301262	302053
NC_011529	643421820	1157017	1158336
NC_011529	643422496	1812728	1813219
NC_011529	643422493	1810744	1811532
NC_011529	643422492	1810351	1810728
NC_011529	643422178	1476931	1477485
NC_011529	643422179	1477528	1478016
NC_011529	643422491	1809305	1810099
NC_011529	643422170	1469112	1469795
NC_011529	643422171	1469962	1470267
NC_011529	643422172	1470299	1471516
NC_011529	643422173	1471678	1472895
NC_011529	643422174	1472958	1473863
NC_011529	643422175	1474039	1475331
NC_011529	643422176	1475513	1476343
NC_011529	643422177	1476423	1476875
NC_011529	643421941	1261693	1262244
NC_011529	643422240	1543403	1544317
NC_011529	643422241	1544291	1544782
NC_011529	643421944	1263693	1264640
NC_011529	643421945	1264643	1265827
NC_011529	643422494	1811628	1812332
NC_011529	643422499	1814212	1814580
NC_011529	643422498	1813448	1814224
NC_011529	643422358	1664644	1665963
NC_011529	643422359	1666089	1668047
NC_011529	643422354	1657257	1658384
NC_011529	643422355	1658415	1662449
NC_011529	643422356	1662459	1663706
NC_011529	643422357	1663706	1664605
NC_011529	643422350	1652362	1654239
NC_011529	643422351	1654575	1655420
NC_011529	643422352	1655423	1656790
NC_011529	643422353	1656820	1657224
NC_011529	643421913	1232550	1232753
NC_011529	643421912	1231888	1232418
NC_011529	643421911	1231033	1231824
NC_011529	643421910	1229921	1230973
NC_011529	643421917	1235654	1236562
NC_011529	643421916	1235368	1235697
NC_011529	643421915	1234414	1235316
NC_011529	643421914	1232938	1234110
NC_011529	643421919	1237946	1238311
NC_011529	643421918	1236618	1237940
NC_011529	643421159	580158	581144
NC_011529	643421406	799788	800873
NC_011529	643421409	801732	802079
NC_011529	643421156	577168	578313
NC_011529	643421867	1196126	1196272
NC_011529	643421866	1195054	1196052
NC_011529	643421865	1194334	1195008
NC_011529	643421864	1192768	1194147
NC_011529	643421863	1190810	1192756
NC_011529	643421862	1190205	1190813
NC_011529	643421861	1189183	1190190
NC_011529	643421860	1188584	1189162
NC_011529	643422490	1808834	1808947
NC_011529	643421869	1197177	1197818
NC_011529	643421868	1196321	1197133
NC_011529	643420538	24573	25022
NC_011529	643420539	25077	25313
NC_011529	643420536	23969	24256
NC_011529	643420537	24266	24583
NC_011529	643420534	23342	23551
NC_011529	643420535	23624	23875
NC_011529	643420532	20236	20919
NC_011529	643420533	21353	23269
NC_011529	643420530	18313	19359
NC_011529	643420531	19415	19738
NC_011529	643420622	85593	85955
NC_011529	643420623	85962	86390
NC_011529	643420620	84668	85450
NC_011529	643420627	87156	87329
NC_011529	643420624	86402	86809
NC_011529	643420625	86843	87040
NC_011529	643420628	87336	88361
NC_011529	643420629	88376	88981
NC_011529	643420998	431743	432144
NC_011529	643421462	849845	850252
NC_011529	643421461	849562	849789
NC_011529	643421460	848935	849528
NC_011529	643421467	852513	853088
NC_011529	643421466	852037	852456
NC_011529	643421465	851459	852040
NC_011529	643421464	850542	851156
NC_011529	643420990	425305	425568
NC_011529	643420991	425565	426326
NC_011529	643421469	853649	854005
NC_011529	643421468	853085	853543
NC_011529	643420994	427921	428868
NC_011529	643420995	428937	430259
NC_011529	643420996	430264	431268
NC_011529	643420997	431252	431746
NC_011529	643421661	1032643	1032765
NC_011529	643421660	1032108	1032611
NC_011529	643421663	1033168	1033617
NC_011529	643421662	1032825	1032974
NC_011529	643421665	1033871	1034605
NC_011529	643421664	1033382	1033828
NC_011529	643421667	1034893	1035720
NC_011529	643421666	1034615	1034830
NC_011529	643421669	1036116	1036832
NC_011529	643421668	1035739	1036074
NC_011529	643421269	682110	682334
NC_011529	643421268	681403	682110
NC_011529	643421265	676288	678963
NC_011529	643421264	675616	676233
NC_011529	643421267	679421	681196
NC_011529	643421266	679111	679326
NC_011529	643421260	673454	673879
NC_011529	643421263	675166	675612
NC_011529	643421262	674212	675027
NC_011529	643421603	976202	977008
NC_011529	643421350	752200	752850
NC_011529	643421601	974484	974783
NC_011529	643421005	434852	435580
NC_011529	643421004	434172	434789
NC_011529	643421007	435984	436556
NC_011529	643421352	753129	753662
NC_011529	643421001	433116	433223
NC_011529	643421000	432720	433067
NC_011529	643421003	433614	434078
NC_011529	643421002	433262	433513
NC_011529	643421411	802660	803010
NC_011529	643421607	978673	980184
NC_011529	643421009	437454	437840
NC_011529	643421008	436568	437383
NC_011529	643421606	978297	978545
NC_011529	643420848	292438	293148
NC_011529	643420849	293284	293964
NC_011529	643421605	977955	978206
NC_011529	643420842	285947	287371
NC_011529	643420843	287594	288262
NC_011529	643420840	282016	284364
NC_011529	643420841	284522	285907
NC_011529	643420846	291064	292254
NC_011529	643420847	292251	292454
NC_011529	643420845	288910	291063
NC_011529	643420730	184469	184912
NC_011529	643421410	802297	802656
NC_011529	643420731	184932	185138
NC_011529	643421609	980787	981230
NC_011529	643421608	980336	980725
NC_011529	643422109	1421316	1422170
NC_011529	643422108	1421045	1421272
NC_011529	643422105	1418111	1419982
NC_011529	643422104	1414934	1417909
NC_011529	643422107	1420345	1420992
NC_011529	643422106	1420051	1420377
NC_011529	643422101	1411343	1412191
NC_011529	643422100	1410861	1411337
NC_011529	643422103	1413601	1414923
NC_011529	643422102	1412197	1413594
NC_011529	643421719	1070734	1071864
NC_011529	643421718	1070557	1070724
NC_011529	643421711	1065629	1067236
NC_011529	643421710	1064806	1065579
NC_011529	643421713	1067776	1068339
NC_011529	643421712	1067233	1067772
NC_011529	643421715	1068651	1069574
NC_011529	643421714	1068423	1069133
NC_011529	643421717	1070128	1070463
NC_011529	643421716	1069555	1070124
NC_011529	643421489	874248	876041
NC_011529	643421488	872985	874244
NC_011529	643421481	866754	867017
NC_011529	643421480	866053	866754
NC_011529	643421483	867772	868065
NC_011529	643421482	867010	867768
NC_011529	643421485	869735	870481
NC_011529	643421484	868088	869668
NC_011529	643421487	871634	872848
NC_011529	643421486	870555	871559
NC_011529	643421905	1222015	1223142
NC_011529	643421906	1223352	1225169
NC_011529	643421907	1225480	1227450
NC_011529	643421900	1219865	1220071
NC_011529	643421901	1220083	1220382
NC_011529	643421902	1220383	1220751
NC_011529	643421903	1220752	1221360
NC_011529	643421908	1227491	1229251
NC_011529	643421909	1229253	1229924
NC_011529	643422299	1603384	1603905
NC_011529	643422298	1602825	1603352
NC_011529	643422295	1599285	1600040
NC_011529	643422294	1598736	1599203
NC_011529	643422297	1602228	1602803
NC_011529	643422296	1600173	1601951
NC_011529	643422291	1595281	1595577
NC_011529	643422290	1595089	1595256
NC_011529	643422293	1598383	1598772
NC_011529	643422292	1595636	1598365
NC_011529	643421878	1205173	1205430
NC_011529	643421879	1205456	1205857
NC_011529	643421870	1197818	1198534
NC_011529	643421871	1198545	1199687
NC_011529	643421872	1199688	1200476
NC_011529	643421873	1200519	1201367
NC_011529	643421874	1201419	1201937
NC_011529	643421875	1202057	1203205
NC_011529	643421876	1203284	1203691
NC_011529	643421877	1203674	1205176
NC_011529	643422439	1753918	1754964
NC_011529	643422438	1752785	1753915
NC_011529	643422431	1746411	1746590
NC_011529	643422430	1745530	1746321
NC_011529	643422433	1746996	1748003
NC_011529	643422432	1746610	1746885
NC_011529	643422435	1748735	1749760
NC_011529	643422434	1747978	1748721
NC_011529	643422437	1751939	1752652
NC_011529	643422436	1750066	1751910
NC_011529	643421520	900376	901167
NC_011529	643421527	910200	911264
NC_011529	643422497	1813243	1813443
NC_011529	643421524	905572	906690
NC_011529	643421104	521451	522899
NC_011529	643421105	523025	524026
NC_011529	643421454	843254	844696
NC_011529	643421107	525061	525825
NC_011529	643421452	841189	842208
NC_011529	643421453	842343	843269
NC_011529	643420617	83221	83670
NC_011529	643420615	82480	83109
NC_011529	643420614	81899	82201
NC_011529	643420613	81381	81683
NC_011529	643420612	79865	80839
NC_011529	643420611	79038	79868
NC_011529	643420610	77788	78792
NC_011529	643421103	520987	521373
NC_011529	643420619	84220	84639
NC_011529	643420618	83681	84223
NC_011529	643421514	896429	897076
NC_011529	643421513	896097	896462
NC_011529	643420829	266361	266732
NC_011529	643421474	858797	859315
NC_011529	643421475	859371	860441
NC_011529	643421476	860393	860674
NC_011529	643421477	860830	861963
NC_011529	643421470	855641	856996
NC_011529	643421471	857189	857464
NC_011529	643421472	857576	858205
NC_011529	643421473	858255	858800
NC_011529	643421478	861993	864770
NC_011529	643421479	864851	865903
NC_011529	643421672	1037770	1037973
NC_011529	643421673	1038013	1038576
NC_011529	643421670	1036865	1037326
NC_011529	643421671	1037390	1037530
NC_011529	643421676	1039862	1040512
NC_011529	643421677	1040509	1041429
NC_011529	643421674	1038640	1039023
NC_011529	643421675	1039447	1039869
NC_011529	643421678	1041426	1042226
NC_011529	643421679	1042214	1043191
NC_011529	643420989	424751	425251
NC_011529	643421278	687785	688531
NC_011529	643421279	688599	689390
NC_011529	643421276	685922	686914
NC_011529	643421277	686911	687783
NC_011529	643421274	685424	685720
NC_011529	643420988	423866	424126
NC_011529	643421272	684858	685160
NC_011529	643421273	685163	685348
NC_011529	643421270	682560	683744
NC_011529	643421271	683974	684804
NC_011529	643420823	261034	261276
NC_011529	643421016	442886	443347
NC_011529	643421017	443467	444798
NC_011529	643421014	441498	441809
NC_011529	643421015	441810	442889
NC_011529	643421012	439757	439975
NC_011529	643421013	440156	441496
NC_011529	643421010	438181	439545
NC_011529	643421011	439542	439796
NC_011529	643421018	444877	446178
NC_011529	643421019	446209	446793
NC_011529	643420878	322554	323702
NC_011529	643420877	321664	322371
NC_011529	643420876	320349	321599
NC_011529	643420875	319989	320345
NC_011529	643420874	317881	319929
NC_011529	643420873	316489	317820
NC_011529	643420872	315962	316474
NC_011529	643420871	315239	315859
NC_011529	643420870	314424	315230
NC_011529	643422118	1428248	1428649
NC_011529	643422119	1428823	1430100
NC_011529	643422116	1427309	1427665
NC_011529	643422117	1427662	1428228
NC_011529	643422114	1424246	1425466
NC_011529	643422115	1425563	1427200
NC_011529	643422112	1423097	1423444
NC_011529	643422113	1423567	1424241
NC_011529	643422110	1422170	1422832
NC_011529	643422111	1422874	1423023
NC_011529	643421708	1063778	1064185
NC_011529	643421709	1064230	1064793
NC_011529	643421702	1059717	1060217
NC_011529	643421703	1060286	1061098
NC_011529	643421700	1058622	1059059
NC_011529	643421701	1059085	1059693
NC_011529	643421706	1062858	1063442
NC_011529	643421707	1063420	1063791
NC_011529	643421704	1061150	1061620
NC_011529	643421705	1061659	1062846
NC_011529	643421498	879804	881696
NC_011529	643421499	881811	882767
NC_011529	643421492	876598	877110
NC_011529	643421493	877200	877406
NC_011529	643421490	876141	876419
NC_011529	643421491	876422	876595
NC_011529	643421496	878252	878863
NC_011529	643421497	878905	879852
NC_011529	643421494	877412	877624
NC_011529	643421495	877703	878074
NC_011529	643422288	1593026	1593280
NC_011529	643422289	1593266	1594894
NC_011529	643422286	1591834	1591953
NC_011529	643422287	1591993	1592757
NC_011529	643422284	1589836	1590453
NC_011529	643422285	1590516	1591829
NC_011529	643422282	1587989	1588534
NC_011529	643422283	1588554	1589696
NC_011529	643422280	1585419	1586336
NC_011529	643422281	1586378	1587832
NC_011529	643421778	1123587	1124756
NC_011529	643421808	1147194	1147520
NC_011529	643421805	1144531	1145709
NC_011529	643421804	1144038	1144445
NC_011529	643421807	1145999	1147204
NC_011529	643421806	1145723	1145986
NC_011529	643421801	1141517	1142287
NC_011529	643421800	1141186	1141530
NC_011529	643421803	1143637	1143828
NC_011529	643421802	1142321	1143571
NC_011529	643420838	278165	279202
NC_011529	643422429	1744746	1745537
NC_011529	643422422	1739589	1740710
NC_011529	643422423	1740707	1741186
NC_011529	643422420	1737726	1738394
NC_011529	643422421	1738401	1739576
NC_011529	643422426	1742622	1743512
NC_011529	643422424	1741183	1741626
NC_011529	643422425	1741623	1742618
NC_011529	643420514	4079	4774
NC_011529	643420515	4815	5831
NC_011529	643420516	5832	6473
NC_011529	643420517	6437	7906
NC_011529	643420513	1	3927
NC_011529	643420518	8069	9247
NC_011529	643420519	9286	11511
NC_011529	643420833	269443	270687
NC_011529	643420850	296280	296537
NC_011529	643420608	76688	76939
NC_011529	643420609	77020	77727
NC_011529	643420600	71458	72165
NC_011529	643420601	72177	72644
NC_011529	643420602	72656	73102
NC_011529	643420603	73138	74583
NC_011529	643420604	74659	75249
NC_011529	643420605	75242	75769
NC_011529	643420606	75812	76084
NC_011529	643420607	76094	76687
NC_011529	643421537	920844	921275
NC_011529	643420831	267776	268567
NC_011529	643421395	790922	791896
NC_011529	643421394	789829	790920
NC_011529	643421645	1020872	1021771
NC_011529	643421644	1019834	1020859
NC_011529	643421391	786938	788365
NC_011529	643421390	785823	786938
NC_011529	643421641	1016998	1017705
NC_011529	643421392	788343	789086
NC_011529	643421399	793276	794571
NC_011529	643421398	792887	793216
NC_011529	643421649	1022981	1023397
NC_011529	643421648	1022525	1022977
NC_011529	643421243	657511	658653
NC_011529	643421242	656336	657142
NC_011529	643421241	655119	656165
NC_011529	643421240	654076	655083
NC_011529	643421247	662165	662476
NC_011529	643421246	660336	661988
NC_011529	643421245	659703	660263
NC_011529	643421244	658792	659664
NC_011529	643421249	663203	664462
NC_011529	643421248	662483	663145
NC_011529	643421232	645060	646199
NC_011529	643421029	455208	455492
NC_011529	643421028	454504	455214
NC_011529	643421023	449304	449876
NC_011529	643421022	448765	449298
NC_011529	643421021	447579	448754
NC_011529	643421020	446875	447573
NC_011529	643421027	454163	454507
NC_011529	643421026	452679	454166
NC_011529	643421025	450820	452682
NC_011529	643421024	449887	450816
NC_011529	643420860	304686	305216
NC_011529	643420861	305268	308933
NC_011529	643420862	309336	310130
NC_011529	643420863	310206	310418
NC_011529	643420864	310415	310744
NC_011529	643420865	310749	311474
NC_011529	643420866	311613	312833
NC_011529	643420867	312843	313598
NC_011529	643420868	313600	314244
NC_011529	643420869	314241	314420
NC_011529	643422123	1432557	1433387
NC_011529	643422122	1431883	1432560
NC_011529	643422121	1430702	1431880
NC_011529	643422120	1430214	1430426
NC_011529	643422127	1437189	1438631
NC_011529	643422126	1436684	1437184
NC_011529	643422125	1434543	1436678
NC_011529	643422124	1433434	1434192
NC_011529	643422129	1439852	1441924
NC_011529	643422128	1438635	1439849
NC_011529	643421739	1089767	1090993
NC_011529	643421738	1089322	1089762
NC_011529	643421737	1088246	1089325
NC_011529	643421736	1087564	1087893
NC_011529	643421735	1086601	1087554
NC_011529	643421734	1085678	1086385
NC_011529	643421733	1084607	1085638
NC_011529	643421732	1083830	1084570
NC_011529	643421731	1083110	1083775
NC_011529	643421730	1082302	1083099
NC_011529	643422387	1703315	1709128
NC_011529	643422386	1700832	1701923
NC_011529	643422385	1699714	1700832
NC_011529	643422384	1698600	1699724
NC_011529	643422383	1696082	1698436
NC_011529	643422382	1693755	1696085
NC_011529	643422381	1692847	1693653
NC_011529	643422380	1692416	1692850
NC_011529	643421378	775888	776223
NC_011529	643421230	643210	644400
NC_011529	643422389	1709932	1712184
NC_011529	643422388	1709207	1709929
NC_011529	643421547	929227	930207
NC_011529	643420899	341221	341775
NC_011529	643421237	650970	651503
NC_011529	643421234	647359	648642
NC_011529	643421235	648725	649975
NC_011529	643420897	339593	340447
NC_011529	643420896	338115	339596
NC_011529	643420891	333258	334517
NC_011529	643420890	332446	333261
NC_011529	643422259	1560512	1561783
NC_011529	643422258	1559631	1560515
NC_011529	643421818	1154207	1156117
NC_011529	643421819	1156196	1156873
NC_011529	643422251	1552317	1552667
NC_011529	643421817	1152878	1154044
NC_011529	643421814	1150468	1151904
NC_011529	643421815	1151901	1152407
NC_011529	643421812	1149064	1149966
NC_011529	643422254	1554564	1556498
NC_011529	643422257	1558440	1559579
NC_011529	643421811	1148299	1149018
NC_011529	643422419	1735946	1737121
NC_011529	643422418	1734419	1735939
NC_011529	643422417	1733339	1733761
NC_011529	643422416	1732764	1733333
NC_011529	643422415	1730948	1732372
NC_011529	643422414	1730051	1730917
NC_011529	643422413	1729584	1730054
NC_011529	643422412	1729408	1729596
NC_011529	643422411	1728787	1729344
NC_011529	643422410	1728384	1728782
NC_011529	643421346	748051	749373
NC_011529	643420679	135158	136186
NC_011529	643420678	133762	135021
NC_011529	643420675	130368	130685
NC_011529	643420674	128316	130013
NC_011529	643420677	131567	133150
NC_011529	643420676	130682	131410
NC_011529	643420671	125393	125809
NC_011529	643420670	124865	125311
NC_011529	643420673	126242	128191
NC_011529	643420672	125832	126245
NC_011529	643421658	1029039	1029530
NC_011529	643421659	1029624	1032017
NC_011529	643421650	1023584	1024183
NC_011529	643421651	1024192	1024425
NC_011529	643421652	1024439	1025125
NC_011529	643421653	1025160	1025435
NC_011529	643421654	1025446	1025601
NC_011529	643421655	1025722	1027410
NC_011529	643421656	1027556	1028413
NC_011529	643421657	1028454	1028939
NC_011529	643420701	155288	155746
NC_011529	643421387	783178	784035
NC_011529	643421384	782057	782263
NC_011529	643420702	155776	156267
NC_011529	643420705	158092	158409
NC_011529	643420704	157003	158022
NC_011529	643421380	776996	777229
NC_011529	643421381	777406	779334
NC_011529	643420709	160492	160695
NC_011529	643420708	159674	160141
NC_011529	643421388	784305	784874
NC_011529	643421389	785016	785591
NC_011529	643421254	668970	669416
NC_011529	643421255	669413	670351
NC_011529	643421256	670361	671254
NC_011529	643421257	670847	671704
NC_011529	643421250	664576	666306
NC_011529	643421251	666449	666955
NC_011529	643421252	666969	667439
NC_011529	643421253	667471	668910
NC_011529	643421258	671705	672370
NC_011529	643421259	672360	673202
NC_011529	643421433	820128	820841
NC_011529	643421038	462955	463527
NC_011529	643421039	463539	463817
NC_011529	643421034	457619	458878
NC_011529	643421035	459188	460321
NC_011529	643421036	460318	461607
NC_011529	643421037	461893	463020
NC_011529	643421030	455489	455899
NC_011529	643421031	455896	456150
NC_011529	643421032	456147	456653
NC_011529	643421033	456928	457428
NC_011529	643420815	252934	255375
NC_011529	643420814	252278	252970
NC_011529	643420817	256511	256804
NC_011529	643420816	255422	256432
NC_011529	643420811	250786	251337
NC_011529	643420810	248322	250391
NC_011529	643420813	251868	252224
NC_011529	643420812	251621	251866
NC_011529	643420819	258042	259178
NC_011529	643420818	256801	258000
NC_011529	643422134	1445900	1446181
NC_011529	643422135	1446187	1447215
NC_011529	643422136	1447258	1447539
NC_011529	643422137	1447536	1447895
NC_011529	643422130	1441935	1442858
NC_011529	643422131	1442869	1444623
NC_011529	643422132	1444625	1445122
NC_011529	643422133	1445119	1445940
NC_011529	643421288	696117	696956
NC_011529	643422138	1447888	1448142
NC_011529	643422139	1448143	1448898
NC_011529	643421720	1072044	1072667
NC_011529	643421721	1072706	1073368
NC_011529	643421722	1073418	1075340
NC_011529	643421723	1075349	1077079
NC_011529	643421724	1077093	1078733
NC_011529	643421725	1078735	1079433
NC_011529	643421726	1079489	1079968
NC_011529	643421727	1079968	1080444
NC_011529	643421728	1080477	1081808
NC_011529	643421729	1081812	1082288
NC_011529	643420929	368058	369560
NC_011529	643420928	366326	368044
NC_011529	643420921	358754	359731
NC_011529	643420920	358349	358732
NC_011529	643420923	360644	361510
NC_011529	643420922	359728	360519
NC_011529	643420925	362489	363754
NC_011529	643420924	361516	362433
NC_011529	643420927	365169	365972
NC_011529	643420926	363822	365198
NC_011529	643421698	1057902	1058123
NC_011529	643421224	637770	638885
NC_011529	643421823	1159107	1159451
NC_011529	643421822	1158620	1158922
NC_011529	643421821	1158402	1158596
NC_011529	643422249	1549759	1550592
NC_011529	643421827	1161987	1162529
NC_011529	643421826	1161095	1161949
NC_011529	643421825	1159737	1160900
NC_011529	643421824	1159482	1159652
NC_011529	643422242	1544905	1545198
NC_011529	643422243	1545238	1545732
NC_011529	643421829	1163925	1164986
NC_011529	643421828	1162513	1163751
NC_011529	643422246	1547070	1548023
NC_011529	643422247	1548033	1549340
NC_011529	643422244	1545802	1546662
NC_011529	643422245	1546649	1547101
NC_011529	643422398	1720324	1720563
NC_011529	643422399	1720565	1721518
NC_011529	643422390	1712287	1712883
NC_011529	643422391	1712968	1713957
NC_011529	643422392	1714069	1714623
NC_011529	643422393	1714620	1715903
NC_011529	643422394	1715900	1716820
NC_011529	643422395	1716822	1717820
NC_011529	643422396	1717813	1719555
NC_011529	643422397	1719614	1720333
NC_011529	643422400	1721579	1722601
NC_011529	643422401	1722829	1723050
NC_011529	643422402	1723160	1723423
NC_011529	643422403	1723469	1723873
NC_011529	643422404	1724638	1725282
NC_011529	643422405	1725405	1726463
NC_011529	643422406	1726473	1727474
NC_011529	643422407	1727520	1727807
NC_011529	643422408	1727765	1728106
NC_011529	643422409	1728181	1728384
NC_011529	643422453	1774242	1775150
NC_011529	643422452	1773009	1774196
NC_011529	643422323	1624670	1624885
NC_011529	643422322	1624248	1624490
NC_011529	643421351	752843	753127
NC_011529	643422457	1778531	1779124
NC_011529	643421699	1058120	1058611
NC_011529	643422456	1777491	1778498
NC_011529	643422455	1776525	1777358
NC_011529	643422454	1775228	1776538
NC_011529	643420668	121958	123289
NC_011529	643420669	123861	124868
NC_011529	643420666	120838	121293
NC_011529	643420667	121290	121961
NC_011529	643420664	118962	120032
NC_011529	643420665	120160	120744
NC_011529	643420662	113674	116577
NC_011529	643420663	116865	118955
NC_011529	643420660	110915	111121
NC_011529	643420661	111142	111951
NC_011529	643421629	1004504	1005709
NC_011529	643421628	1002918	1004360
NC_011529	643421625	999396	1001204
NC_011529	643421624	999169	999333
NC_011529	643421627	1002053	1002796
NC_011529	643421626	1001316	1002056
NC_011529	643421621	993251	993691
NC_011529	643421620	992257	993216
NC_011529	643421623	998473	999027
NC_011529	643421622	993807	994457
NC_011529	643420712	162509	163903
NC_011529	643420713	164188	165909
NC_011529	643420710	160762	162036
NC_011529	643420711	162111	162512
NC_011529	643420716	169996	171873
NC_011529	643420717	172012	172218
NC_011529	643420714	165961	167247
NC_011529	643420715	167384	169885
NC_011529	643420718	172558	172758
NC_011529	643420719	172769	173476
NC_011529	643421356	757004	757261
NC_011529	643421531	914700	916838
NC_011529	643421530	914076	914699
NC_011529	643421533	918184	918528
NC_011529	643421532	916982	918226
NC_011529	643421535	919310	920296
NC_011529	643421534	918541	919305
NC_011529	643421289	697357	699222
NC_011529	643421536	920298	920747
NC_011529	643421539	921973	922551
NC_011529	643421538	921241	921972
NC_011529	643421285	693931	694809
NC_011529	643421284	693681	693860
NC_011529	643421283	692235	693533
NC_011529	643421282	691348	692238
NC_011529	643421281	689847	691358
NC_011529	643421280	689434	689841
NC_011529	643420806	243454	244356
NC_011529	643420807	244367	246346
NC_011529	643420804	241082	241699
NC_011529	643420805	241699	243450
NC_011529	643420802	240029	240334
NC_011529	643420803	240285	241085
NC_011529	643420800	239387	239743
NC_011529	643420801	239740	240024
NC_011529	643420808	246353	247804
NC_011529	643420809	247819	248316
NC_011529	643421755	1106784	1107188
NC_011529	643421754	1105241	1106779
NC_011529	643421757	1108571	1109140
NC_011529	643421756	1107193	1108341
NC_011529	643421751	1103204	1103950
NC_011529	643421750	1101851	1103134
NC_011529	643421752	1103915	1104991
NC_011529	643421759	1110628	1111566
NC_011529	643421758	1109195	1110460
NC_011529	643420938	377466	378626
NC_011529	643420939	378720	379070
NC_011529	643420932	371606	372832
NC_011529	643420933	372822	372938
NC_011529	643420930	369632	370684
NC_011529	643420931	370845	371588
NC_011529	643420936	375701	377020
NC_011529	643420937	377127	377504
NC_011529	643420934	373079	373765
NC_011529	643420935	373803	375695
