NC_012883	644843683	1460770	1461957
NC_012883	644843125	969599	970456
NC_012883	644843176	1020356	1021390
NC_012883	644843177	1021517	1021705
NC_012883	644842173	128868	129047
NC_012883	644842172	128483	128686
NC_012883	644842175	130375	130722
NC_012883	644842174	129147	130319
NC_012883	644843127	973466	974035
NC_012883	644842129	83171	83962
NC_012883	644842176	130765	131046
NC_012883	644844069	1790554	1790700
NC_012883	644844068	1790154	1790489
NC_012883	644844065	1788527	1789000
NC_012883	644844064	1787581	1788117
NC_012883	644844067	1789439	1790005
NC_012883	644844066	1788955	1789083
NC_012883	644844061	1785769	1786248
NC_012883	644844060	1784777	1785784
NC_012883	644844063	1786751	1787479
NC_012883	644844062	1786259	1786720
NC_012883	644842650	552648	553352
NC_012883	644843708	1486083	1486415
NC_012883	644842935	796903	798501
NC_012883	644842934	795986	796570
NC_012883	644842937	799621	800412
NC_012883	644842936	798572	799636
NC_012883	644842931	792270	794030
NC_012883	644842930	792001	792273
NC_012883	644842933	795631	796002
NC_012883	644842932	794159	794338
NC_012883	644842939	801414	801665
NC_012883	644842938	800521	801435
NC_012883	644842658	559629	560177
NC_012883	644842659	560383	560922
NC_012883	644843051	906829	906984
NC_012883	644842849	727596	727727
NC_012883	644842848	726215	727516
NC_012883	644842841	720798	721268
NC_012883	644842840	719977	720801
NC_012883	644842843	722195	723166
NC_012883	644842842	721338	721994
NC_012883	644842845	723850	724005
NC_012883	644842844	723168	723488
NC_012883	644842847	725368	726051
NC_012883	644842846	723974	725266
NC_012883	644843099	946655	947803
NC_012883	644843098	946304	946489
NC_012883	644843095	944631	945098
NC_012883	644843094	943887	944588
NC_012883	644843097	946121	946300
NC_012883	644843096	945422	945931
NC_012883	644843091	942327	942743
NC_012883	644843090	940914	941996
NC_012883	644843093	943462	943842
NC_012883	644843092	942757	943359
NC_012883	644843309	1141950	1142504
NC_012883	644843695	1474159	1474929
NC_012883	644843305	1138315	1139346
NC_012883	644843304	1137900	1138274
NC_012883	644843307	1140319	1141389
NC_012883	644843306	1139402	1140322
NC_012883	644843301	1134150	1135550
NC_012883	644843300	1131450	1133954
NC_012883	644843303	1137004	1137870
NC_012883	644843302	1135614	1136714
NC_012883	644843525	1311241	1312089
NC_012883	644843524	1310576	1311040
NC_012883	644843527	1313567	1314127
NC_012883	644843526	1312090	1313532
NC_012883	644843520	1307648	1308646
NC_012883	644843523	1309882	1310574
NC_012883	644843522	1308894	1309895
NC_012883	644843529	1314975	1316114
NC_012883	644843528	1314124	1314969
NC_012883	644843054	908768	909202
NC_012883	644842148	108686	110077
NC_012883	644842149	110052	110738
NC_012883	644842140	99132	99659
NC_012883	644842141	99744	100931
NC_012883	644842142	101187	103487
NC_012883	644842143	103498	104961
NC_012883	644842144	104987	105988
NC_012883	644842145	105969	106841
NC_012883	644842146	106886	107689
NC_012883	644842147	107938	108696
NC_012883	644843411	1212928	1213290
NC_012883	644843410	1212034	1212816
NC_012883	644843413	1214514	1214681
NC_012883	644843412	1213364	1214521
NC_012883	644843414	1214672	1215226
NC_012883	644843417	1215886	1216278
NC_012883	644843416	1215593	1215880
NC_012883	644843419	1218003	1218899
NC_012883	644843418	1216372	1218006
NC_012883	644843639	1414985	1416049
NC_012883	644843638	1413557	1414954
NC_012883	644843631	1407470	1407586
NC_012883	644843630	1407243	1407425
NC_012883	644843633	1408954	1409547
NC_012883	644843632	1408036	1408908
NC_012883	644843635	1411027	1411755
NC_012883	644843634	1409544	1410689
NC_012883	644843637	1413127	1413489
NC_012883	644843636	1411752	1413125
NC_012883	644842328	288768	290051
NC_012883	644842329	290094	290549
NC_012883	644842324	284678	285715
NC_012883	644842325	285955	287082
NC_012883	644842326	287079	287972
NC_012883	644842327	287965	288768
NC_012883	644842320	281026	282192
NC_012883	644842321	282171	283133
NC_012883	644842322	283130	283609
NC_012883	644842323	283615	284538
NC_012883	644842311	261855	267467
NC_012883	644843779	1540547	1540663
NC_012883	644842456	387052	387750
NC_012883	644842454	385091	386137
NC_012883	644842455	386208	387041
NC_012883	644842450	382669	383508
NC_012883	644842451	383582	384886
NC_012883	644842458	388207	388407
NC_012883	644842459	388410	388733
NC_012883	644842319	280098	281015
NC_012883	644843771	1535901	1536503
NC_012883	644842210	164950	165126
NC_012883	644842211	165114	165758
NC_012883	644842212	165792	166082
NC_012883	644842213	166072	167997
NC_012883	644842214	168066	168530
NC_012883	644842215	168735	169406
NC_012883	644842216	169393	169989
NC_012883	644842217	170021	170965
NC_012883	644842218	171042	172448
NC_012883	644842219	172522	173865
NC_012883	644843943	1688294	1689130
NC_012883	644843942	1687536	1688297
NC_012883	644843941	1686937	1687539
NC_012883	644843940	1686271	1686747
NC_012883	644843947	1692340	1693638
NC_012883	644843946	1690902	1692035
NC_012883	644843945	1690058	1690876
NC_012883	644843944	1689117	1690058
NC_012883	644843949	1693894	1694016
NC_012883	644843948	1693635	1693796
NC_012883	644842429	367224	367724
NC_012883	644843823	1579281	1580288
NC_012883	644842423	363096	364082
NC_012883	644843829	1584397	1584669
NC_012883	644843895	1645959	1647134
NC_012883	644843894	1645215	1645418
NC_012883	644843897	1647385	1647684
NC_012883	644843896	1647232	1647363
NC_012883	644843891	1643853	1644482
NC_012883	644843893	1644886	1645158
NC_012883	644843892	1644555	1644914
NC_012883	644843899	1649418	1650359
NC_012883	644843898	1647699	1649414
NC_012883	644844078	1798101	1798409
NC_012883	644844079	1798780	1799289
NC_012883	644844077	1797820	1798038
NC_012883	644844074	1795506	1797656
NC_012883	644844072	1792755	1794086
NC_012883	644844073	1794184	1795509
NC_012883	644844070	1790835	1791365
NC_012883	644844071	1791323	1792591
NC_012883	644842926	783785	786226
NC_012883	644842927	788334	788795
NC_012883	644842924	782618	783373
NC_012883	644842925	783562	783675
NC_012883	644842922	781826	782350
NC_012883	644842923	782351	782608
NC_012883	644842920	780574	781113
NC_012883	644842921	781117	781677
NC_012883	644842928	788919	790376
NC_012883	644842929	790471	791976
NC_012883	644842858	733947	734315
NC_012883	644842859	734428	734988
NC_012883	644842852	728654	729166
NC_012883	644842853	729169	729849
NC_012883	644842850	727706	728242
NC_012883	644842851	728179	728643
NC_012883	644842856	732343	733509
NC_012883	644842857	733512	733919
NC_012883	644842854	729855	731105
NC_012883	644842855	731289	732341
NC_012883	644842221	174565	174894
NC_012883	644842552	467484	467873
NC_012883	644843086	937926	938840
NC_012883	644843087	938908	939972
NC_012883	644843084	936332	937606
NC_012883	644843085	937738	937929
NC_012883	644843082	934725	935141
NC_012883	644843083	935214	936269
NC_012883	644843080	933022	933363
NC_012883	644843081	933450	934724
NC_012883	644842550	466541	467170
NC_012883	644842128	82587	82997
NC_012883	644843318	1147159	1147275
NC_012883	644843319	1147278	1147898
NC_012883	644843316	1146055	1146570
NC_012883	644842557	471236	471448
NC_012883	644843314	1144371	1145126
NC_012883	644843315	1145126	1145914
NC_012883	644843312	1143725	1143955
NC_012883	644843313	1144074	1144211
NC_012883	644843310	1142486	1143151
NC_012883	644842556	470250	471239
NC_012883	644842227	180907	181368
NC_012883	644842554	468763	469770
NC_012883	644843536	1320910	1321695
NC_012883	644843534	1319243	1320229
NC_012883	644843535	1320319	1320903
NC_012883	644843532	1317549	1318766
NC_012883	644843533	1318773	1319111
NC_012883	644843530	1316128	1316640
NC_012883	644843531	1316630	1317493
NC_012883	644843539	1322115	1322969
NC_012883	644843189	1034567	1035118
NC_012883	644842121	78432	78554
NC_012883	644842139	98788	99150
NC_012883	644842138	97361	98572
NC_012883	644842135	91689	93356
NC_012883	644842134	89867	91621
NC_012883	644842137	94663	97350
NC_012883	644842136	93353	94681
NC_012883	644842131	87399	87809
NC_012883	644842130	84064	87402
NC_012883	644842133	88917	89837
NC_012883	644842132	87812	88858
NC_012883	644843402	1207186	1207347
NC_012883	644843403	1207363	1207620
NC_012883	644843400	1206246	1206488
NC_012883	644843401	1206485	1207117
NC_012883	644843406	1209009	1209818
NC_012883	644843407	1209820	1210560
NC_012883	644843404	1207868	1208188
NC_012883	644843405	1208244	1208834
NC_012883	644843408	1210560	1211315
NC_012883	644843409	1211312	1212022
NC_012883	644843628	1404999	1406174
NC_012883	644843629	1406179	1407246
NC_012883	644843622	1401237	1402085
NC_012883	644843623	1402069	1402407
NC_012883	644843620	1399318	1400184
NC_012883	644843621	1400190	1401254
NC_012883	644843626	1402935	1404221
NC_012883	644843627	1404493	1404978
NC_012883	644843625	1402559	1402897
NC_012883	644842683	583730	584449
NC_012883	644842682	583299	583694
NC_012883	644842681	582523	583290
NC_012883	644842680	581136	582413
NC_012883	644842687	586722	587627
NC_012883	644842686	585558	586721
NC_012883	644842685	584985	585452
NC_012883	644842684	584415	584978
NC_012883	644842689	588736	591207
NC_012883	644842688	587639	588694
NC_012883	644842045	3111	3653
NC_012883	644842044	4	1137
NC_012883	644842047	3904	4902
NC_012883	644842046	3632	3850
NC_012883	644842049	5847	8144
NC_012883	644842048	4906	5778
NC_012883	644842669	568678	569328
NC_012883	644842668	568067	568690
NC_012883	644842661	561736	562377
NC_012883	644842660	560912	561733
NC_012883	644842663	562808	563110
NC_012883	644842662	562440	562802
NC_012883	644842665	564443	564736
NC_012883	644842664	563225	564397
NC_012883	644842667	566120	568009
NC_012883	644842666	564786	566120
NC_012883	644842597	508794	510218
NC_012883	644842596	507463	508791
NC_012883	644842267	219049	220176
NC_012883	644842266	217771	218913
NC_012883	644842593	505092	505586
NC_012883	644842592	503296	505026
NC_012883	644842591	502694	503305
NC_012883	644842590	500880	502673
NC_012883	644842269	220359	221000
NC_012883	644842599	512477	512992
NC_012883	644842598	510375	512213
NC_012883	644843954	1696307	1696936
NC_012883	644843955	1696946	1698040
NC_012883	644843956	1698069	1698971
NC_012883	644843957	1699052	1699861
NC_012883	644843950	1694016	1694318
NC_012883	644843951	1694426	1694881
NC_012883	644843952	1694898	1695701
NC_012883	644843953	1695703	1696320
NC_012883	644843958	1700409	1700957
NC_012883	644843959	1701021	1701644
NC_012883	644842469	396672	397346
NC_012883	644842468	395846	396667
NC_012883	644842463	390709	391779
NC_012883	644842461	389213	390535
NC_012883	644842460	388889	389188
NC_012883	644842467	395067	395849
NC_012883	644842466	394380	395018
NC_012883	644842465	393475	394377
NC_012883	644842464	391765	393309
NC_012883	644843886	1639620	1641305
NC_012883	644843887	1641390	1641821
NC_012883	644843884	1638610	1639269
NC_012883	644843885	1639308	1639643
NC_012883	644843882	1637250	1638044
NC_012883	644843883	1638446	1638565
NC_012883	644843880	1634980	1636200
NC_012883	644843881	1636151	1637002
NC_012883	644843888	1641827	1642552
NC_012883	644843889	1642604	1643659
NC_012883	644844043	1767968	1768099
NC_012883	644844042	1767580	1767900
NC_012883	644844041	1767264	1767497
NC_012883	644844040	1766858	1767478
NC_012883	644844047	1769488	1770762
NC_012883	644844046	1768883	1769455
NC_012883	644844045	1768660	1768830
NC_012883	644844044	1768391	1768657
NC_012883	644844049	1771690	1772439
NC_012883	644844048	1770814	1771587
NC_012883	644842919	779237	780439
NC_012883	644842918	778285	778962
NC_012883	644842913	774662	775390
NC_012883	644842912	773529	774665
NC_012883	644842911	772616	773548
NC_012883	644842910	771820	772623
NC_012883	644842917	777226	778251
NC_012883	644842916	776982	777128
NC_012883	644842915	776109	776927
NC_012883	644842914	775387	776046
NC_012883	644842052	10045	10974
NC_012883	644843058	910332	911021
NC_012883	644842199	153203	153796
NC_012883	644843113	960305	961273
NC_012883	644842193	147436	148152
NC_012883	644843050	905555	906802
NC_012883	644842058	16495	16872
NC_012883	644843052	907048	908343
NC_012883	644842869	740933	742618
NC_012883	644842868	738777	740930
NC_012883	644842867	738060	738773
NC_012883	644842866	737054	737992
NC_012883	644842865	736782	736904
NC_012883	644842864	736603	736788
NC_012883	644842863	736384	736500
NC_012883	644842861	735601	735972
NC_012883	644842860	735061	735600
NC_012883	644843057	909928	910041
NC_012883	644843056	909764	909931
NC_012883	644843323	1149142	1149591
NC_012883	644843322	1148718	1149020
NC_012883	644843321	1148362	1148688
NC_012883	644843320	1147882	1148250
NC_012883	644843327	1151317	1152747
NC_012883	644843326	1151082	1151327
NC_012883	644843325	1150463	1151065
NC_012883	644843324	1149684	1150385
NC_012883	644843329	1153275	1153388
NC_012883	644843328	1152776	1153231
NC_012883	644843187	1033007	1033621
NC_012883	644843186	1031896	1032957
NC_012883	644843185	1031545	1031802
NC_012883	644843184	1030481	1031548
NC_012883	644843183	1029270	1030460
NC_012883	644843182	1028915	1029037
NC_012883	644843181	1025739	1028951
NC_012883	644843180	1024565	1025662
NC_012883	644842126	81528	82202
NC_012883	644842127	82199	82540
NC_012883	644842125	81117	81563
NC_012883	644842122	78828	79931
NC_012883	644842123	80112	80438
NC_012883	644842120	77671	78285
NC_012883	644843188	1033618	1034490
NC_012883	644843437	1235710	1236894
NC_012883	644843436	1234752	1235699
NC_012883	644843435	1233760	1234641
NC_012883	644843434	1232150	1233529
NC_012883	644843433	1231394	1232125
NC_012883	644843432	1230829	1231359
NC_012883	644843431	1230415	1230696
NC_012883	644843430	1230198	1230395
NC_012883	644843439	1237286	1238221
NC_012883	644843438	1236905	1237222
NC_012883	644843619	1398833	1399267
NC_012883	644843618	1397909	1398823
NC_012883	644843617	1397508	1397912
NC_012883	644843616	1394643	1397459
NC_012883	644843615	1393623	1394603
NC_012883	644843614	1391486	1393639
NC_012883	644843613	1390563	1391489
NC_012883	644843612	1389586	1390557
NC_012883	644843611	1389070	1389420
NC_012883	644843610	1388539	1389012
NC_012883	644843395	1203121	1204191
NC_012883	644842694	596774	597913
NC_012883	644842695	598084	599517
NC_012883	644842696	599514	600020
NC_012883	644842697	600017	600298
NC_012883	644842690	591380	592945
NC_012883	644842691	593076	594071
NC_012883	644842692	594117	595097
NC_012883	644842693	595285	596769
NC_012883	644842698	600288	601451
NC_012883	644842699	601640	601765
NC_012883	644843059	911041	911832
NC_012883	644842053	10964	11983
NC_012883	644842050	8206	8742
NC_012883	644842051	8743	10041
NC_012883	644842056	14536	15963
NC_012883	644842057	16091	16333
NC_012883	644842054	11980	13743
NC_012883	644842055	13812	14552
NC_012883	644843503	1289144	1289440
NC_012883	644843502	1287561	1289114
NC_012883	644843501	1286716	1287477
NC_012883	644843500	1285231	1286706
NC_012883	644843055	909199	909666
NC_012883	644843506	1290541	1291254
NC_012883	644843505	1290281	1290544
NC_012883	644843504	1289447	1290229
NC_012883	644842678	578854	580122
NC_012883	644842679	580134	580916
NC_012883	644842672	571448	571696
NC_012883	644842673	571870	572928
NC_012883	644842670	569325	570548
NC_012883	644842671	570577	571335
NC_012883	644842676	576546	577346
NC_012883	644842677	577333	578703
NC_012883	644842674	573017	574528
NC_012883	644842675	574535	576217
NC_012883	644842588	496413	500057
NC_012883	644842589	500221	500769
NC_012883	644842580	490514	491026
NC_012883	644842581	491152	491577
NC_012883	644842582	491580	492032
NC_012883	644842583	492107	492445
NC_012883	644842584	492408	492722
NC_012883	644842585	492769	493668
NC_012883	644842586	493700	494722
NC_012883	644842587	494982	496379
NC_012883	644842276	227785	229518
NC_012883	644842277	229564	229851
NC_012883	644842274	224839	225687
NC_012883	644842275	225831	227603
NC_012883	644842272	222613	223899
NC_012883	644842273	223997	224743
NC_012883	644842270	221049	221231
NC_012883	644842271	221398	222483
NC_012883	644842278	229844	230113
NC_012883	644842279	230124	231116
NC_012883	644843849	1604486	1604773
NC_012883	644842478	406327	407796
NC_012883	644842479	407759	408139
NC_012883	644842474	402420	405275
NC_012883	644842475	405368	405754
NC_012883	644842476	405823	406035
NC_012883	644842477	406041	406244
NC_012883	644842470	397315	398889
NC_012883	644842471	398958	400094
NC_012883	644842472	400091	400333
NC_012883	644842473	400604	402409
NC_012883	644843308	1141386	1141892
NC_012883	644844054	1778797	1779519
NC_012883	644844055	1779529	1779909
NC_012883	644844056	1779906	1780658
NC_012883	644844057	1780705	1782285
NC_012883	644844050	1772436	1773371
NC_012883	644844051	1773352	1774821
NC_012883	644844052	1774843	1774956
NC_012883	644844053	1776785	1778611
NC_012883	644844058	1782449	1783450
NC_012883	644844059	1784178	1784786
NC_012883	644843989	1726651	1727217
NC_012883	644843988	1725418	1726515
NC_012883	644843987	1723842	1725218
NC_012883	644843986	1722712	1723845
NC_012883	644843985	1721460	1722719
NC_012883	644843984	1720816	1721316
NC_012883	644843983	1720022	1720528
NC_012883	644843982	1719777	1720025
NC_012883	644843981	1719367	1719780
NC_012883	644843980	1719099	1719374
NC_012883	644842401	339810	340631
NC_012883	644842400	339722	339838
NC_012883	644843804	1560353	1560664
NC_012883	644842402	340628	340969
NC_012883	644842405	343348	344229
NC_012883	644842404	342027	343334
NC_012883	644842908	770550	771404
NC_012883	644842909	771370	771723
NC_012883	644842904	767702	768109
NC_012883	644842905	768187	769338
NC_012883	644842906	769544	770020
NC_012883	644842406	344231	345076
NC_012883	644842900	765246	765491
NC_012883	644842901	765494	765910
NC_012883	644842902	765903	766196
NC_012883	644842903	766193	767722
NC_012883	644842870	742734	743306
NC_012883	644842871	743409	743984
NC_012883	644842872	743994	744173
NC_012883	644842873	744230	744691
NC_012883	644842874	744805	745026
NC_012883	644842875	745011	745370
NC_012883	644842876	745591	747669
NC_012883	644842877	747666	749414
NC_012883	644842878	749419	750516
NC_012883	644842879	750524	751840
NC_012883	644843334	1156814	1157356
NC_012883	644843335	1157480	1158262
NC_012883	644843336	1158269	1158634
NC_012883	644843330	1153447	1154181
NC_012883	644843331	1154153	1155049
NC_012883	644843332	1155116	1156447
NC_012883	644843333	1156453	1156839
NC_012883	644843339	1159054	1160304
NC_012883	644843198	1042104	1042583
NC_012883	644843199	1042670	1045363
NC_012883	644843190	1035118	1036998
NC_012883	644843191	1037025	1037501
NC_012883	644843192	1037544	1037870
NC_012883	644843193	1037854	1038075
NC_012883	644843194	1038072	1038356
NC_012883	644843195	1038412	1040211
NC_012883	644843196	1040208	1041557
NC_012883	644843197	1041569	1042126
NC_012883	644842113	72546	73163
NC_012883	644842112	71357	72427
NC_012883	644842111	70713	71354
NC_012883	644842110	69588	70676
NC_012883	644842117	75774	76121
NC_012883	644842116	74675	75784
NC_012883	644842115	73565	74617
NC_012883	644842114	73168	73542
NC_012883	644843420	1219044	1220078
NC_012883	644843421	1220712	1221263
NC_012883	644842119	76333	77646
NC_012883	644843423	1221731	1222624
NC_012883	644843424	1222587	1223642
NC_012883	644843425	1223832	1225157
NC_012883	644843426	1226634	1227581
NC_012883	644843427	1227578	1228399
NC_012883	644843600	1379762	1380235
NC_012883	644843601	1380242	1381375
NC_012883	644843602	1381446	1383098
NC_012883	644843603	1383283	1383894
NC_012883	644843604	1383925	1384317
NC_012883	644843605	1384310	1385017
NC_012883	644843606	1384998	1385693
NC_012883	644843607	1385805	1386119
NC_012883	644843608	1386116	1386790
NC_012883	644843609	1386787	1388484
NC_012883	644842067	24826	25380
NC_012883	644842066	24230	24394
NC_012883	644842065	23280	24131
NC_012883	644843049	904815	905489
NC_012883	644842063	21283	22593
NC_012883	644842062	20018	21169
NC_012883	644842061	18809	20008
NC_012883	644842060	17592	18578
NC_012883	644843514	1300351	1301280
NC_012883	644843043	896114	897289
NC_012883	644843516	1304061	1305260
NC_012883	644843041	894261	895130
NC_012883	644843046	902572	903765
NC_012883	644843047	903762	903965
NC_012883	644842069	25979	26164
NC_012883	644842068	25413	25976
NC_012883	644842649	551950	552651
NC_012883	644842648	551102	551953
NC_012883	644842647	550561	551013
NC_012883	644842646	550323	550592
NC_012883	644842645	549601	550266
NC_012883	644842644	549272	549418
NC_012883	644842643	549149	549265
NC_012883	644842642	547707	548642
NC_012883	644842641	546567	547616
NC_012883	644842640	545472	546566
NC_012883	644842249	199030	199737
NC_012883	644842248	198483	198902
NC_012883	644842243	194102	194401
NC_012883	644842242	193209	194105
NC_012883	644842241	191576	193114
NC_012883	644842240	190455	191570
NC_012883	644842247	196389	197438
NC_012883	644842246	195538	196200
NC_012883	644842245	194786	195568
NC_012883	644842244	194382	194789
NC_012883	644842481	409249	409461
NC_012883	644842480	408449	409252
NC_012883	644842483	409780	410517
NC_012883	644842482	409451	409777
NC_012883	644842485	411866	412621
NC_012883	644842484	410640	411860
NC_012883	644842487	413266	413445
NC_012883	644842486	412623	413282
NC_012883	644842489	414255	414878
NC_012883	644842488	413449	414258
NC_012883	644842701	603300	603425
NC_012883	644842772	659418	659597
NC_012883	644843548	1329865	1329978
NC_012883	644843990	1727198	1727488
NC_012883	644843991	1727559	1729493
NC_012883	644843992	1729582	1730469
NC_012883	644843993	1730449	1731696
NC_012883	644843994	1731777	1732013
NC_012883	644843995	1732006	1732584
NC_012883	644843996	1732718	1733008
NC_012883	644843997	1733033	1733461
NC_012883	644843998	1733385	1733708
NC_012883	644843999	1733869	1734087
NC_012883	644843768	1532608	1532961
NC_012883	644842805	690200	690373
NC_012883	644842804	689104	689550
NC_012883	644842807	690940	691362
NC_012883	644842806	690395	690868
NC_012883	644842801	686745	687074
NC_012883	644842800	685278	686537
NC_012883	644842803	688718	689119
NC_012883	644842802	687064	687846
NC_012883	644842709	607689	608492
NC_012883	644842809	692272	693114
NC_012883	644842808	691471	692265
NC_012883	644843643	1419054	1419221
NC_012883	644844089	1808588	1808815
NC_012883	644844088	1807360	1808520
NC_012883	644844087	1806206	1807363
NC_012883	644844086	1804791	1806209
NC_012883	644844085	1803554	1804798
NC_012883	644844084	1802521	1803516
NC_012883	644844083	1802070	1802507
NC_012883	644844082	1801691	1802095
NC_012883	644844081	1800656	1801609
NC_012883	644843519	1306933	1307664
NC_012883	644843541	1324013	1324540
NC_012883	644843138	985665	986225
NC_012883	644843139	986228	987004
NC_012883	644842733	627901	628188
NC_012883	644843649	1424101	1424877
NC_012883	644843044	897343	898722
NC_012883	644843644	1419301	1420113
NC_012883	644843133	979431	980597
NC_012883	644843646	1421608	1421736
NC_012883	644842104	63541	64242
NC_012883	644842105	64392	65723
NC_012883	644842106	65686	67716
NC_012883	644843131	977391	978848
NC_012883	644842100	57865	59172
NC_012883	644842101	59694	60938
NC_012883	644842102	61068	62357
NC_012883	644842103	62430	63482
NC_012883	644843455	1250158	1251525
NC_012883	644843454	1248878	1250080
NC_012883	644843457	1251900	1253447
NC_012883	644843456	1251528	1251890
NC_012883	644842108	68023	68793
NC_012883	644842109	68793	69461
NC_012883	644843453	1248603	1248797
NC_012883	644843641	1417218	1417760
NC_012883	644843299	1130952	1131443
NC_012883	644843298	1130209	1130907
NC_012883	644843642	1417870	1418982
NC_012883	644843293	1126259	1127386
NC_012883	644843292	1124275	1126170
NC_012883	644843135	981938	983683
NC_012883	644843297	1128919	1130202
NC_012883	644843296	1128428	1128796
NC_012883	644843295	1128208	1128387
NC_012883	644843294	1127508	1128206
NC_012883	644843675	1449996	1450679
NC_012883	644843674	1449300	1449920
NC_012883	644843677	1453362	1454858
NC_012883	644843676	1450833	1453358
NC_012883	644843671	1447188	1448528
NC_012883	644843670	1446742	1447071
NC_012883	644843673	1449100	1449303
NC_012883	644843672	1448575	1448994
NC_012883	644843679	1456159	1457274
NC_012883	644843678	1454855	1456159
NC_012883	644842078	32470	33051
NC_012883	644842079	33098	33715
NC_012883	644842070	26166	26708
NC_012883	644842071	26698	26994
NC_012883	644842072	27000	27167
NC_012883	644842073	27206	27805
NC_012883	644842074	27771	27911
NC_012883	644842075	28270	29013
NC_012883	644842076	29135	31357
NC_012883	644842077	31365	32468
NC_012883	644843079	931927	932958
NC_012883	644843078	931412	931939
NC_012883	644843077	930685	931425
NC_012883	644843076	929638	930540
NC_012883	644843075	928956	929603
NC_012883	644843074	928039	928953
NC_012883	644843073	926985	927986
NC_012883	644843072	925410	926876
NC_012883	644843071	924805	925413
NC_012883	644843070	923632	924759
NC_012883	644843709	1486412	1487401
NC_012883	644842651	553405	553560
NC_012883	644842652	553613	553810
NC_012883	644842653	553924	554052
NC_012883	644842654	554024	555109
NC_012883	644842655	555111	555935
NC_012883	644842656	556172	557728
NC_012883	644842657	557793	559556
NC_012883	644843701	1480069	1481892
NC_012883	644843700	1478525	1479955
NC_012883	644843703	1482488	1482796
NC_012883	644843702	1481945	1482367
NC_012883	644843705	1483803	1484801
NC_012883	644843704	1482832	1483815
NC_012883	644843707	1485236	1486054
NC_012883	644843706	1484974	1485234
NC_012883	644843510	1295426	1297495
NC_012883	644842258	206262	207503
NC_012883	644842259	207704	209857
NC_012883	644842254	203525	203959
NC_012883	644842255	204038	204514
NC_012883	644842256	204516	205496
NC_012883	644842257	205574	206272
NC_012883	644842250	199774	201195
NC_012883	644842251	201328	202104
NC_012883	644842252	202139	202771
NC_012883	644842253	202858	203559
NC_012883	644843512	1298776	1299165
NC_012883	644842059	16910	17461
NC_012883	644843513	1299292	1300344
NC_012883	644842492	416955	419126
NC_012883	644842493	419182	419538
NC_012883	644842490	415082	415591
NC_012883	644842491	415613	416929
NC_012883	644842496	421530	422282
NC_012883	644842497	422272	423201
NC_012883	644842494	419549	420817
NC_012883	644842495	420829	421533
NC_012883	644842498	423186	423893
NC_012883	644842499	423886	425151
NC_012883	644843851	1605107	1607005
NC_012883	644843850	1604832	1605104
NC_012883	644843853	1607756	1608445
NC_012883	644843852	1607070	1607750
NC_012883	644843855	1609892	1611121
NC_012883	644843854	1608753	1609895
NC_012883	644843857	1611842	1613245
NC_012883	644843856	1611168	1611812
NC_012883	644843859	1614998	1615306
NC_012883	644843858	1613235	1614992
NC_012883	644842603	515153	515737
NC_012883	644842602	514142	515083
NC_012883	644842601	513927	514070
NC_012883	644842600	512989	513684
NC_012883	644842607	517930	519183
NC_012883	644842907	770082	770456
NC_012883	644842606	516696	517664
NC_012883	644842357	305359	305886
NC_012883	644843509	1294931	1295383
NC_012883	644842816	696426	696572
NC_012883	644842817	696646	696825
NC_012883	644842814	695652	696104
NC_012883	644842815	696070	696300
NC_012883	644842812	693880	694779
NC_012883	644842813	694776	695648
NC_012883	644842810	693174	693572
NC_012883	644842811	693606	693890
NC_012883	644842818	696887	697330
NC_012883	644842819	697333	698070
NC_012883	644844090	1808962	1810662
NC_012883	644844091	1810687	1811721
NC_012883	644844092	1811763	1812830
NC_012883	644844093	1812835	1813809
NC_012883	644844094	1813865	1814470
NC_012883	644844095	1814481	1815581
NC_012883	644844096	1815584	1816021
NC_012883	644844097	1815990	1816391
NC_012883	644844098	1816393	1817352
NC_012883	644844099	1817358	1818707
NC_012883	644844020	1747083	1747217
NC_012883	644842090	45026	46477
NC_012883	644843448	1243859	1244254
NC_012883	644843449	1244366	1244629
NC_012883	644843446	1242885	1243634
NC_012883	644843447	1243661	1243858
NC_012883	644843444	1240612	1241595
NC_012883	644843445	1241611	1242888
NC_012883	644843442	1239776	1240336
NC_012883	644843443	1240445	1240561
NC_012883	644843440	1238227	1239408
NC_012883	644843441	1239418	1239735
NC_012883	644843288	1120113	1121237
NC_012883	644843289	1121374	1122696
NC_012883	644843284	1116570	1116710
NC_012883	644843285	1116707	1117462
NC_012883	644843286	1117464	1119398
NC_012883	644843287	1119337	1120119
NC_012883	644843280	1114351	1114575
NC_012883	644843281	1114732	1115109
NC_012883	644843282	1115106	1115528
NC_012883	644843283	1115525	1116526
NC_012883	644843666	1443086	1444258
NC_012883	644843667	1444255	1445130
NC_012883	644843664	1441619	1442065
NC_012883	644843665	1442079	1443086
NC_012883	644843662	1439609	1440952
NC_012883	644843663	1441032	1441622
NC_012883	644843660	1438471	1438998
NC_012883	644843661	1439026	1439238
NC_012883	644843668	1445127	1446182
NC_012883	644843669	1446509	1446745
NC_012883	644842399	339018	339644
NC_012883	644842398	338518	339054
NC_012883	644842395	336053	336667
NC_012883	644842394	335031	336056
NC_012883	644842397	337379	338527
NC_012883	644842099	56721	57872
NC_012883	644842391	334524	334730
NC_012883	644842390	334053	334484
NC_012883	644842393	334789	335022
NC_012883	644843060	912079	912552
NC_012883	644843061	912574	913299
NC_012883	644843062	913296	913712
NC_012883	644843063	913791	915167
NC_012883	644843064	916927	918045
NC_012883	644843065	918046	918294
NC_012883	644843066	918330	920147
NC_012883	644843067	920315	921592
NC_012883	644843068	921771	923276
NC_012883	644843069	923291	923623
NC_012883	644842625	533766	535649
NC_012883	644842624	533172	533741
NC_012883	644843718	1493591	1494769
NC_012883	644843719	1494918	1496009
NC_012883	644842621	531892	532218
NC_012883	644842620	531275	531634
NC_012883	644842623	532403	533152
NC_012883	644842622	532218	532400
NC_012883	644843712	1488481	1489488
NC_012883	644843713	1489481	1490488
NC_012883	644843710	1487398	1488183
NC_012883	644843711	1488224	1488460
NC_012883	644843716	1492264	1493004
NC_012883	644842628	536386	537222
NC_012883	644843714	1490595	1491383
NC_012883	644843715	1491384	1492181
NC_012883	644843511	1297488	1298696
NC_012883	644842396	336755	337363
NC_012883	644842711	609085	609408
NC_012883	644842710	608679	608864
NC_012883	644842713	610356	610700
NC_012883	644842712	609623	610345
NC_012883	644842715	611148	611288
NC_012883	644842714	610771	610911
NC_012883	644842717	611574	612839
NC_012883	644842716	611416	611568
NC_012883	644842719	613485	614678
NC_012883	644842718	612879	613481
NC_012883	644843507	1291430	1291549
NC_012883	644842539	457487	458332
NC_012883	644842538	456664	457317
NC_012883	644842531	451636	451788
NC_012883	644842530	451500	451667
NC_012883	644842533	453113	454978
NC_012883	644842532	451789	452841
NC_012883	644842535	455420	455557
NC_012883	644842534	455005	455208
NC_012883	644842537	456036	456686
NC_012883	644842536	455805	456035
NC_012883	644843148	993372	994004
NC_012883	644842615	526484	527116
NC_012883	644843147	992168	993295
NC_012883	644843146	991527	991889
NC_012883	644843842	1598500	1599861
NC_012883	644843843	1599892	1600347
NC_012883	644843840	1595565	1597460
NC_012883	644843841	1597708	1598523
NC_012883	644843846	1601672	1603045
NC_012883	644843847	1603099	1603371
NC_012883	644843844	1600344	1600502
NC_012883	644843845	1600586	1601611
NC_012883	644843848	1603744	1604496
NC_012883	644843144	990680	990982
NC_012883	644842169	126873	126998
NC_012883	644842627	536037	536408
NC_012883	644842626	535699	536031
NC_012883	644842629	537261	537500
NC_012883	644843717	1493013	1493402
NC_012883	644842829	706583	707980
NC_012883	644842828	705426	706580
NC_012883	644842823	699517	700506
NC_012883	644842822	699162	699497
NC_012883	644842821	698357	699178
NC_012883	644842820	698076	698297
NC_012883	644842827	703663	705402
NC_012883	644842826	702407	703663
NC_012883	644842825	702058	702423
NC_012883	644842824	700552	702057
NC_012883	644842551	467160	467447
NC_012883	644843385	1195770	1196033
NC_012883	644843384	1194677	1195726
NC_012883	644843387	1197374	1197784
NC_012883	644843386	1196067	1197263
NC_012883	644843381	1191696	1193015
NC_012883	644843380	1190966	1191643
NC_012883	644843383	1194538	1194654
NC_012883	644843382	1193268	1194551
NC_012883	644843389	1198219	1199463
NC_012883	644843388	1198007	1198198
NC_012883	644843473	1267189	1267620
NC_012883	644843472	1266486	1267196
NC_012883	644843471	1265895	1266101
NC_012883	644843470	1264724	1265908
NC_012883	644843477	1269394	1270902
NC_012883	644843475	1268458	1269165
NC_012883	644843474	1267954	1268367
NC_012883	644843479	1271601	1272437
NC_012883	644843478	1271229	1271555
NC_012883	644843271	1105756	1106019
NC_012883	644843270	1103756	1105687
NC_012883	644843273	1107157	1107849
NC_012883	644843272	1106023	1107069
NC_012883	644843275	1109232	1110092
NC_012883	644843274	1107846	1109012
NC_012883	644843277	1111038	1112423
NC_012883	644843276	1110121	1110957
NC_012883	644843279	1113366	1114244
NC_012883	644843278	1112556	1113269
NC_012883	644843499	1284881	1285234
NC_012883	644843498	1284346	1284897
NC_012883	644843491	1279367	1279594
NC_012883	644843493	1279688	1280926
NC_012883	644843492	1279569	1279691
NC_012883	644843495	1282286	1282519
NC_012883	644843494	1281174	1282283
NC_012883	644843497	1283529	1284371
NC_012883	644843496	1282587	1283462
NC_012883	644842388	333239	333631
NC_012883	644842389	333638	334066
NC_012883	644842386	332313	333128
NC_012883	644842384	331358	331900
NC_012883	644842385	331897	332316
NC_012883	644842383	330877	331347
NC_012883	644842380	329129	330148
NC_012883	644842381	330200	330787
NC_012883	644843781	1541060	1541482
NC_012883	644843780	1540683	1541057
NC_012883	644842304	255237	255671
NC_012883	644843015	869731	870060
NC_012883	644843014	868993	869649
NC_012883	644843017	871136	872476
NC_012883	644843016	870100	871122
NC_012883	644843011	865294	867006
NC_012883	644843010	864719	865228
NC_012883	644843012	867120	868760
NC_012883	644843785	1544129	1545262
NC_012883	644843019	872596	873702
NC_012883	644843018	872508	872627
NC_012883	644842303	253766	255019
NC_012883	644842636	540612	541877
NC_012883	644842637	541874	542860
NC_012883	644842634	539622	539801
NC_012883	644842635	539798	540583
NC_012883	644842632	538515	538712
NC_012883	644842300	248992	250368
NC_012883	644843729	1501348	1501968
NC_012883	644843728	1500477	1501358
NC_012883	644843727	1499915	1500454
NC_012883	644843726	1499451	1499912
NC_012883	644843725	1498979	1499545
NC_012883	644843724	1498163	1498759
NC_012883	644843723	1497708	1498154
NC_012883	644843722	1497369	1497482
NC_012883	644842638	542900	544171
NC_012883	644842639	544157	545440
NC_012883	644843129	975409	976347
NC_012883	644843128	974071	974892
NC_012883	644843659	1437648	1438466
NC_012883	644843658	1437225	1437539
NC_012883	644842706	604948	605406
NC_012883	644842707	605495	606421
NC_012883	644842704	603923	604654
NC_012883	644842705	604661	604897
NC_012883	644843121	966370	966822
NC_012883	644843120	966249	966362
NC_012883	644843651	1426000	1426905
NC_012883	644843650	1425026	1425973
NC_012883	644843657	1435655	1436980
NC_012883	644843656	1434100	1435362
NC_012883	644843655	1432125	1434107
NC_012883	644843654	1427785	1432113
NC_012883	644842528	449784	451241
NC_012883	644842529	451303	451503
NC_012883	644842522	444223	445029
NC_012883	644842523	445026	445679
NC_012883	644842520	443128	443613
NC_012883	644842521	443610	444203
NC_012883	644842526	448181	448921
NC_012883	644842527	449026	449787
NC_012883	644842524	445686	446966
NC_012883	644842525	447155	448171
NC_012883	644843877	1631439	1631792
NC_012883	644843876	1630704	1631195
NC_012883	644843875	1629347	1630699
NC_012883	644843874	1628406	1629164
NC_012883	644843873	1626546	1628327
NC_012883	644843872	1625995	1626510
NC_012883	644843871	1625505	1626005
NC_012883	644843870	1624628	1625371
NC_012883	644843879	1634663	1634815
NC_012883	644843878	1631852	1634587
NC_012883	644842188	141718	142503
NC_012883	644842189	142553	143161
NC_012883	644842838	718296	718973
NC_012883	644842839	719002	719478
NC_012883	644842834	712372	713010
NC_012883	644842835	713016	714953
NC_012883	644842836	714950	716662
NC_012883	644842837	716669	718294
NC_012883	644842830	708177	709358
NC_012883	644842831	709426	711027
NC_012883	644842832	711076	711432
NC_012883	644842833	711507	712382
NC_012883	644843428	1228386	1229189
NC_012883	644843429	1229186	1230175
NC_012883	644842232	184766	185371
NC_012883	644842233	185359	186159
NC_012883	644842546	463080	463763
NC_012883	644842231	184154	184729
NC_012883	644842236	187122	188336
NC_012883	644842237	188565	189773
NC_012883	644842234	186159	186407
NC_012883	644842235	186507	187091
NC_012883	644843422	1221265	1221666
NC_012883	644843396	1204197	1204529
NC_012883	644843397	1204534	1205514
NC_012883	644843394	1202412	1203137
NC_012883	644842118	76178	76294
NC_012883	644843392	1200490	1201089
NC_012883	644843393	1201143	1202285
NC_012883	644843390	1199516	1199962
NC_012883	644843391	1199959	1200471
NC_012883	644843398	1205492	1205800
NC_012883	644843399	1205832	1206233
NC_012883	644843464	1256973	1258790
NC_012883	644843465	1258881	1259594
NC_012883	644843466	1259679	1261208
NC_012883	644843467	1261353	1262516
NC_012883	644843460	1254094	1255062
NC_012883	644843461	1255098	1255532
NC_012883	644843462	1255672	1256319
NC_012883	644843463	1256314	1256871
NC_012883	644843468	1262551	1263654
NC_012883	644843469	1263584	1264609
NC_012883	644843262	1097318	1098547
NC_012883	644843263	1098930	1099655
NC_012883	644843260	1094513	1095637
NC_012883	644843261	1095703	1097148
NC_012883	644843266	1100557	1101741
NC_012883	644843267	1101780	1102556
NC_012883	644843264	1099775	1099900
NC_012883	644843265	1100275	1100553
NC_012883	644843268	1102556	1103380
NC_012883	644843269	1103574	1103759
NC_012883	644843488	1278305	1278655
NC_012883	644843489	1278644	1279099
NC_012883	644843482	1273924	1274769
NC_012883	644843483	1274964	1275086
NC_012883	644843480	1272444	1273490
NC_012883	644843481	1273632	1273841
NC_012883	644843486	1276977	1277501
NC_012883	644843487	1277565	1278278
NC_012883	644843484	1275367	1276728
NC_012883	644843485	1276725	1276964
NC_012883	644843006	862089	863093
NC_012883	644843007	863128	863958
NC_012883	644843004	859257	860006
NC_012883	644843005	860216	861943
NC_012883	644843002	857917	858732
NC_012883	644843003	858958	859260
NC_012883	644843000	856385	856897
NC_012883	644843001	856975	857862
NC_012883	644843008	863992	864348
NC_012883	644843009	864339	864623
NC_012883	644843730	1502112	1502456
NC_012883	644843731	1502631	1503473
NC_012883	644843732	1503463	1503624
NC_012883	644843733	1503692	1504624
NC_012883	644843734	1504628	1505455
NC_012883	644843735	1505492	1506478
NC_012883	644843736	1506465	1507010
NC_012883	644843737	1507014	1507421
NC_012883	644843738	1507464	1508099
NC_012883	644843739	1508201	1508587
NC_012883	644842287	236013	237107
NC_012883	644842286	235359	235949
NC_012883	644842285	234361	235332
NC_012883	644842284	233721	234401
NC_012883	644842283	233086	233724
NC_012883	644842282	232096	233028
NC_012883	644842281	231399	232055
NC_012883	644842280	231106	231396
NC_012883	644842183	138254	138685
NC_012883	644842289	237812	238228
NC_012883	644842288	237079	237741
NC_012883	644842737	631419	631664
NC_012883	644842736	630640	631422
NC_012883	644842735	629629	630435
NC_012883	644842734	628277	629632
NC_012883	644843648	1422182	1423864
NC_012883	644842732	627074	627913
NC_012883	644842731	626761	627087
NC_012883	644842730	626388	626783
NC_012883	644843132	978823	979269
NC_012883	644843645	1420318	1421550
NC_012883	644843130	976322	977413
NC_012883	644843647	1421644	1422135
NC_012883	644843640	1416027	1417079
NC_012883	644843137	983673	985412
NC_012883	644842739	633260	633634
NC_012883	644842738	631752	633263
NC_012883	644842519	441791	443131
NC_012883	644842518	441305	441496
NC_012883	644842517	440017	441186
NC_012883	644842516	438810	439988
NC_012883	644842515	438587	438808
NC_012883	644842514	437791	438483
NC_012883	644842513	437193	437813
NC_012883	644842512	435070	437049
NC_012883	644842511	434150	435058
NC_012883	644842510	432649	434103
NC_012883	644842359	306227	306808
NC_012883	644842358	305934	306200
NC_012883	644842609	520053	520850
NC_012883	644842608	519328	520056
NC_012883	644842351	301028	301630
NC_012883	644842350	300576	301022
NC_012883	644842353	302346	302810
NC_012883	644842352	301627	302334
NC_012883	644842355	303298	304683
NC_012883	644842354	302821	303264
NC_012883	644842605	516088	516699
NC_012883	644842356	304776	305366
NC_012883	644843868	1623236	1623661
NC_012883	644843869	1623664	1624623
NC_012883	644843860	1615303	1616412
NC_012883	644843861	1616418	1617029
NC_012883	644843862	1617065	1617550
NC_012883	644843863	1617564	1619549
NC_012883	644843864	1619553	1619864
NC_012883	644843865	1620033	1620728
NC_012883	644843866	1620734	1622254
NC_012883	644843867	1622251	1623111
NC_012883	644843697	1476195	1477085
NC_012883	644843696	1474938	1476194
NC_012883	644843048	903990	904664
NC_012883	644842064	22679	23293
NC_012883	644843518	1306409	1306924
NC_012883	644843692	1469887	1471806
NC_012883	644843691	1468886	1469704
NC_012883	644843162	1005301	1007001
NC_012883	644843042	895483	895962
NC_012883	644843515	1301281	1304031
NC_012883	644843040	892389	894065
NC_012883	644843517	1305260	1306324
NC_012883	644843169	1013677	1013790
NC_012883	644843168	1012107	1013675
NC_012883	644843699	1477520	1478449
NC_012883	644843045	898874	902560
NC_012883	644844123	1839926	1840147
NC_012883	644843170	1013833	1014561
NC_012883	644843257	1092627	1093226
NC_012883	644843256	1092230	1092514
NC_012883	644843255	1090698	1092053
NC_012883	644843254	1089407	1090696
NC_012883	644843253	1088261	1089220
NC_012883	644843252	1087009	1088268
NC_012883	644843251	1085391	1086662
NC_012883	644843250	1084202	1085260
NC_012883	644843259	1093917	1094516
NC_012883	644843258	1093278	1093820
NC_012883	644843039	890808	892280
NC_012883	644843038	890590	890811
NC_012883	644843033	886740	887963
NC_012883	644843032	886610	886738
NC_012883	644843031	885918	886490
NC_012883	644843030	885049	885927
NC_012883	644843037	890043	890567
NC_012883	644843036	889411	890046
NC_012883	644843035	888861	889424
NC_012883	644843034	888245	888871
NC_012883	644843745	1514275	1514757
NC_012883	644843744	1511529	1513751
NC_012883	644843747	1515769	1516923
NC_012883	644843746	1514758	1515783
NC_012883	644843741	1508956	1510137
NC_012883	644843740	1508654	1508959
NC_012883	644843743	1511263	1511475
NC_012883	644843742	1510265	1511260
NC_012883	644843749	1518023	1519024
NC_012883	644843748	1517001	1518026
NC_012883	644842298	248216	248632
NC_012883	644842299	248898	249011
NC_012883	644842290	238290	239156
NC_012883	644842291	239205	240923
NC_012883	644842292	241007	242380
NC_012883	644842293	242444	243826
NC_012883	644842294	243823	244554
NC_012883	644842295	244551	245735
NC_012883	644842296	245847	247250
NC_012883	644842297	247338	248204
NC_012883	644842728	623384	623497
NC_012883	644842729	623674	626358
NC_012883	644842720	614818	615615
NC_012883	644842721	615761	616630
NC_012883	644842722	616749	617486
NC_012883	644842723	617552	618337
NC_012883	644842724	618327	619151
NC_012883	644842725	619206	620177
NC_012883	644842726	620243	621286
NC_012883	644842727	621431	623119
NC_012883	644843109	956368	956559
NC_012883	644843108	955611	956303
NC_012883	644843107	953641	955542
NC_012883	644843106	953269	953577
NC_012883	644843105	952606	953283
NC_012883	644843104	952296	952418
NC_012883	644843103	951996	952202
NC_012883	644843102	951124	951819
NC_012883	644843101	949892	951127
NC_012883	644843100	948065	949795
NC_012883	644842500	425161	425613
NC_012883	644842501	425610	426530
NC_012883	644842502	426600	427169
NC_012883	644842503	427171	427449
NC_012883	644842504	427505	428764
NC_012883	644842505	428816	429241
NC_012883	644842507	429619	430743
NC_012883	644842508	430745	431887
NC_012883	644842509	431906	432463
NC_012883	644843089	940358	940612
NC_012883	644843769	1533032	1533337
NC_012883	644842348	299601	300176
NC_012883	644842349	300187	300570
NC_012883	644842618	530109	530372
NC_012883	644842619	530369	531043
NC_012883	644842614	525333	526487
NC_012883	644842343	297361	297723
NC_012883	644842616	527150	528748
NC_012883	644842341	296583	296918
NC_012883	644842346	299031	299207
NC_012883	644842347	299219	299611
NC_012883	644842344	297726	298472
NC_012883	644842613	522712	525123
NC_012883	644843819	1575480	1575593
NC_012883	644843818	1572770	1575211
NC_012883	644843815	1570218	1571243
NC_012883	644843814	1568439	1570079
NC_012883	644843817	1571973	1572119
NC_012883	644843816	1571340	1571702
NC_012883	644843811	1567269	1567406
NC_012883	644843810	1565797	1567098
NC_012883	644843813	1567835	1568428
NC_012883	644843812	1567431	1567802
NC_012883	644842368	315136	316611
NC_012883	644843762	1528494	1528826
NC_012883	644843317	1146567	1147148
NC_012883	644843508	1291848	1294772
NC_012883	644843831	1586766	1587623
NC_012883	644843921	1671600	1672043
NC_012883	644843920	1670900	1671610
NC_012883	644843923	1673162	1673659
NC_012883	644843922	1672137	1673102
NC_012883	644843925	1674354	1674830
NC_012883	644843924	1673761	1674321
NC_012883	644843927	1675348	1676049
NC_012883	644843929	1676479	1677585
NC_012883	644843928	1676039	1676482
NC_012883	644843311	1143225	1143725
NC_012883	644843839	1594224	1595486
NC_012883	644842411	350073	351986
NC_012883	644843166	1008955	1010118
NC_012883	644843161	1004163	1005308
NC_012883	644843248	1082433	1083077
NC_012883	644843249	1083080	1084201
NC_012883	644843240	1074591	1075430
NC_012883	644843241	1075495	1076544
NC_012883	644843242	1076545	1077639
NC_012883	644843243	1077750	1078355
NC_012883	644843244	1078559	1079497
NC_012883	644843245	1079518	1081014
NC_012883	644843246	1081148	1081300
NC_012883	644843247	1081972	1082436
NC_012883	644842766	655185	655565
NC_012883	644843028	882776	883912
NC_012883	644843029	883966	884973
NC_012883	644843024	878001	878750
NC_012883	644843025	878763	878921
NC_012883	644843026	878943	881603
NC_012883	644843027	881661	882713
NC_012883	644843020	873750	874595
NC_012883	644843021	874610	875800
NC_012883	644843022	875844	876374
NC_012883	644843023	876449	877831
NC_012883	644843756	1525419	1525535
NC_012883	644843757	1525555	1525956
NC_012883	644843754	1524146	1524385
NC_012883	644843755	1524507	1525106
NC_012883	644843752	1520831	1522795
NC_012883	644843753	1522920	1524044
NC_012883	644843750	1519101	1520117
NC_012883	644843751	1520114	1520788
NC_012883	644843758	1526151	1527101
NC_012883	644843759	1527067	1527810
NC_012883	644842759	648982	649803
NC_012883	644842758	648061	648978
NC_012883	644842755	646663	647274
NC_012883	644842754	645504	646574
NC_012883	644842757	647567	648007
NC_012883	644842756	647306	647512
NC_012883	644842751	643015	644103
NC_012883	644842750	642152	642580
NC_012883	644842753	644847	645488
NC_012883	644842752	644358	644789
NC_012883	644843110	956798	958369
NC_012883	644843111	958430	959449
NC_012883	644843112	959460	960308
NC_012883	644842198	152599	153216
NC_012883	644843114	961255	962265
NC_012883	644843115	962262	962735
NC_012883	644843116	962808	963566
NC_012883	644843117	963576	964151
NC_012883	644843118	964154	964603
NC_012883	644842192	146775	147407
NC_012883	644842191	145102	146475
NC_012883	644842190	143158	145098
NC_012883	644842197	151711	152547
NC_012883	644842196	151308	151661
NC_012883	644842195	149355	151223
NC_012883	644842194	148154	149239
NC_012883	644842575	485641	486171
NC_012883	644842577	486471	487112
NC_012883	644842576	486335	486469
NC_012883	644842571	482128	483492
NC_012883	644842570	481060	482067
NC_012883	644842573	484665	484928
NC_012883	644842572	483493	484668
NC_012883	644842579	488005	490437
NC_012883	644842578	487361	487900
NC_012883	644842379	328915	329061
NC_012883	644842378	328658	328882
NC_012883	644842377	327254	328657
NC_012883	644842376	326372	327190
NC_012883	644842375	325363	326379
NC_012883	644842374	324504	325352
NC_012883	644842373	323485	324492
NC_012883	644842372	321424	323472
NC_012883	644842371	319753	321276
NC_012883	644842370	317908	319749
NC_012883	644842409	347383	348501
NC_012883	644842408	346361	347377
NC_012883	644843808	1563853	1565223
NC_012883	644843809	1565397	1565783
NC_012883	644843806	1562009	1563253
NC_012883	644843807	1563300	1563773
NC_012883	644842403	340935	341870
NC_012883	644843805	1560666	1562006
NC_012883	644843802	1558188	1559369
NC_012883	644843803	1559166	1560320
NC_012883	644842407	345073	346329
NC_012883	644843801	1557596	1558207
NC_012883	644843932	1679367	1680455
NC_012883	644843933	1680507	1680692
NC_012883	644843930	1677592	1678626
NC_012883	644843931	1678623	1679378
NC_012883	644843936	1683838	1684362
NC_012883	644843937	1684395	1685099
NC_012883	644843934	1680764	1682284
NC_012883	644843935	1682730	1683848
NC_012883	644843938	1685165	1685707
NC_012883	644843939	1685788	1686258
NC_012883	644842305	255752	256960
NC_012883	644842993	848882	850390
NC_012883	644842992	847443	848810
NC_012883	644842991	846963	847229
NC_012883	644842990	845584	846903
NC_012883	644842997	853359	854084
NC_012883	644842996	852625	853305
NC_012883	644842995	851879	852550
NC_012883	644842994	850392	851756
NC_012883	644842999	854641	856380
NC_012883	644842998	854089	854298
NC_012883	644844119	1836280	1837281
NC_012883	644844118	1835186	1836283
NC_012883	644844115	1831799	1832662
NC_012883	644844114	1831232	1831789
NC_012883	644844117	1834258	1835178
NC_012883	644844116	1832789	1834210
NC_012883	644844111	1828889	1829947
NC_012883	644844110	1828265	1828708
NC_012883	644844113	1831033	1831257
NC_012883	644844112	1829957	1830958
NC_012883	644844021	1747276	1747767
NC_012883	644842301	250508	250639
NC_012883	644844023	1748678	1749739
NC_012883	644844022	1747747	1748673
NC_012883	644844025	1753034	1753939
NC_012883	644844024	1749751	1753092
NC_012883	644844027	1755457	1755780
NC_012883	644844026	1753945	1755366
NC_012883	644844029	1756816	1757913
NC_012883	644844028	1755746	1756819
NC_012883	644842981	840609	841223
NC_012883	644842979	839070	839660
NC_012883	644842978	836837	839071
NC_012883	644843830	1584686	1586368
NC_012883	644842971	827056	828177
NC_012883	644842970	826020	827081
NC_012883	644842973	828581	829204
NC_012883	644842972	828191	828379
NC_012883	644842975	830400	831752
NC_012883	644842974	829328	830395
NC_012883	644842977	836231	836803
NC_012883	644842976	831832	836241
NC_012883	644843239	1073608	1074543
NC_012883	644843238	1072522	1073592
NC_012883	644843235	1070619	1071377
NC_012883	644843234	1069346	1070488
NC_012883	644843237	1071897	1072481
NC_012883	644843236	1071406	1071918
NC_012883	644843231	1067831	1067947
NC_012883	644843230	1066820	1067692
NC_012883	644843233	1068829	1069341
NC_012883	644843232	1068090	1068836
NC_012883	644843583	1363526	1363990
NC_012883	644843582	1361725	1363533
NC_012883	644843581	1358856	1361747
NC_012883	644843580	1358234	1358881
NC_012883	644843587	1366750	1368000
NC_012883	644843586	1366016	1366756
NC_012883	644843585	1365153	1366019
NC_012883	644843584	1364143	1365156
NC_012883	644843589	1368730	1369401
NC_012883	644843588	1368068	1368739
NC_012883	644844103	1823029	1824270
NC_012883	644843341	1161333	1162052
NC_012883	644843340	1160351	1161355
NC_012883	644843343	1162536	1163504
NC_012883	644843342	1162076	1162534
NC_012883	644843345	1164732	1165292
NC_012883	644843344	1163501	1164739
NC_012883	644843347	1165737	1166078
NC_012883	644843346	1165289	1165735
NC_012883	644843349	1167625	1167990
NC_012883	644843348	1166075	1167628
NC_012883	644843569	1347956	1348795
NC_012883	644843568	1346469	1347953
NC_012883	644843561	1342408	1342896
NC_012883	644843560	1341954	1342370
NC_012883	644843563	1344112	1344225
NC_012883	644843562	1342987	1343997
NC_012883	644843565	1344422	1345069
NC_012883	644843567	1345474	1346370
NC_012883	644843566	1345223	1345345
NC_012883	644843119	964667	966262
NC_012883	644842748	639856	640743
NC_012883	644842749	640749	641660
NC_012883	644842746	639479	639637
NC_012883	644842747	639673	639864
NC_012883	644842744	636560	638878
NC_012883	644842745	638987	639343
NC_012883	644842742	635247	636071
NC_012883	644842743	636068	636319
NC_012883	644842740	633737	634201
NC_012883	644842741	634179	634946
NC_012883	644843165	1008435	1008893
NC_012883	644843164	1007652	1008428
NC_012883	644843167	1010250	1011509
NC_012883	644843694	1472320	1474134
NC_012883	644843693	1471803	1472285
NC_012883	644843160	1002916	1004166
NC_012883	644843163	1006988	1007650
NC_012883	644843690	1468384	1468674
NC_012883	644842184	138688	140229
NC_012883	644842185	140473	140793
NC_012883	644842186	140794	141315
NC_012883	644842187	141305	141685
NC_012883	644842180	135592	136356
NC_012883	644842181	136370	137368
NC_012883	644842182	137543	138100
NC_012883	644843698	1477100	1477501
NC_012883	644842566	478141	479334
NC_012883	644842567	479344	480426
NC_012883	644842564	477152	477634
NC_012883	644842565	477636	478154
NC_012883	644842562	475684	476484
NC_012883	644842563	476617	477150
NC_012883	644842560	474091	474330
NC_012883	644842561	474431	475672
NC_012883	644842568	480527	480757
NC_012883	644842569	480842	481054
NC_012883	644842360	306823	307074
NC_012883	644842361	307194	307976
NC_012883	644842362	307990	308694
NC_012883	644842363	308742	311918
NC_012883	644842364	311958	312917
NC_012883	644842365	312923	313288
NC_012883	644842366	313416	313631
NC_012883	644842367	313628	315133
NC_012883	644843763	1528819	1529709
NC_012883	644842369	316653	317789
NC_012883	644843761	1528307	1528519
NC_012883	644843760	1527945	1528310
NC_012883	644843767	1531988	1532611
NC_012883	644843766	1530853	1531947
NC_012883	644843765	1530245	1530694
NC_012883	644843764	1529815	1530255
NC_012883	644843833	1588651	1589844
NC_012883	644843832	1587626	1588654
NC_012883	644842418	358094	358687
NC_012883	644842419	358751	359962
NC_012883	644843837	1592135	1593316
NC_012883	644843836	1591746	1592051
NC_012883	644843835	1590803	1591585
NC_012883	644843834	1590030	1590788
NC_012883	644842412	351937	352926
NC_012883	644842413	352951	354582
NC_012883	644842410	348565	350049
NC_012883	644843838	1593418	1594164
NC_012883	644842417	357060	357842
NC_012883	644842414	354576	355580
NC_012883	644842415	355591	356664
NC_012883	644843907	1657300	1658130
NC_012883	644843906	1656324	1657298
NC_012883	644843905	1655707	1656231
NC_012883	644843904	1654356	1655702
NC_012883	644843903	1653811	1654308
NC_012883	644843902	1652544	1653830
NC_012883	644843901	1651441	1652388
NC_012883	644843900	1650504	1651250
NC_012883	644843909	1659146	1660297
NC_012883	644843908	1658127	1659146
NC_012883	644842265	216213	217682
NC_012883	644842264	214372	216216
NC_012883	644842595	506974	507450
NC_012883	644842594	505691	506941
NC_012883	644842261	210557	212614
NC_012883	644842260	209862	210473
NC_012883	644842984	842478	842795
NC_012883	644842985	842842	843459
NC_012883	644842986	843473	844234
NC_012883	644842987	844443	845195
NC_012883	644842980	839716	839856
NC_012883	644842263	213301	214362
NC_012883	644842982	841386	841964
NC_012883	644842983	842233	842472
NC_012883	644842262	212671	213273
NC_012883	644842988	845185	845361
NC_012883	644842989	845400	845537
NC_012883	644842342	296925	297350
NC_012883	644844108	1826472	1827653
NC_012883	644844109	1827634	1828242
NC_012883	644844106	1825297	1826085
NC_012883	644844107	1826078	1826488
NC_012883	644844104	1824291	1824446
NC_012883	644844105	1824494	1824634
NC_012883	644844102	1821357	1822652
NC_012883	644842340	296209	296577
NC_012883	644844100	1818898	1819116
NC_012883	644844101	1819516	1820781
NC_012883	644842617	528714	530030
NC_012883	644842610	520887	521348
NC_012883	644842611	521614	522093
NC_012883	644842612	522211	522603
NC_012883	644842345	298483	299034
NC_012883	644844032	1759920	1761308
NC_012883	644844033	1761458	1762048
NC_012883	644844030	1757921	1758598
NC_012883	644844031	1758649	1759803
NC_012883	644844036	1762939	1764396
NC_012883	644844037	1764499	1765893
NC_012883	644844034	1762126	1762377
NC_012883	644844035	1762382	1762942
NC_012883	644844038	1766225	1766473
NC_012883	644844039	1766520	1766861
NC_012883	644842968	823934	825130
NC_012883	644842969	825120	825965
NC_012883	644842962	819282	820577
NC_012883	644842963	820677	821261
NC_012883	644842960	818223	818756
NC_012883	644842961	818823	819260
NC_012883	644842966	822173	822712
NC_012883	644842967	822836	823924
NC_012883	644842964	821258	821821
NC_012883	644842965	821823	822098
NC_012883	644843228	1065423	1066097
NC_012883	644843229	1066094	1066744
NC_012883	644843226	1064857	1065072
NC_012883	644843227	1065069	1065362
NC_012883	644843224	1062722	1063735
NC_012883	644843225	1063722	1064717
NC_012883	644843222	1060453	1062441
NC_012883	644843223	1062501	1062653
NC_012883	644843220	1059461	1059736
NC_012883	644843221	1059733	1060326
NC_012883	644843594	1372856	1373368
NC_012883	644843595	1373487	1373975
NC_012883	644843596	1373975	1377205
NC_012883	644843597	1377242	1377673
NC_012883	644843590	1369404	1369712
NC_012883	644843591	1369755	1370600
NC_012883	644843592	1370602	1371654
NC_012883	644843593	1371641	1372819
NC_012883	644843598	1377782	1379365
NC_012883	644843599	1379346	1379759
NC_012883	644843352	1168716	1168979
NC_012883	644843353	1168976	1169326
NC_012883	644843350	1167980	1168447
NC_012883	644843351	1168444	1168719
NC_012883	644843356	1170379	1170948
NC_012883	644843357	1170945	1171934
NC_012883	644843354	1169323	1169577
NC_012883	644843355	1169595	1170098
NC_012883	644843358	1171931	1173223
NC_012883	644843359	1173220	1173744
NC_012883	644842085	41604	42380
NC_012883	644842084	38308	41598
NC_012883	644842087	43279	43677
NC_012883	644842086	42716	43282
NC_012883	644842081	34237	34599
NC_012883	644842080	33717	34139
NC_012883	644842083	36038	38308
NC_012883	644842082	34596	36041
NC_012883	644843572	1349877	1350299
NC_012883	644843573	1350349	1351395
NC_012883	644843570	1348773	1349324
NC_012883	644843571	1349311	1349880
NC_012883	644842089	44029	44970
NC_012883	644843577	1354031	1354837
NC_012883	644843574	1351466	1353028
NC_012883	644843575	1353021	1353431
NC_012883	644842773	660051	660242
NC_012883	644843689	1467322	1468368
NC_012883	644842771	658753	659421
NC_012883	644842770	658116	658688
NC_012883	644842777	663878	664318
NC_012883	644842776	662598	663881
NC_012883	644842775	662123	662503
NC_012883	644842774	660355	661746
NC_012883	644843680	1457306	1458622
NC_012883	644843681	1458975	1459409
NC_012883	644843682	1459631	1460719
NC_012883	644842778	664394	667927
NC_012883	644843684	1462028	1462300
NC_012883	644843685	1462317	1464155
NC_012883	644843686	1464279	1464791
NC_012883	644843687	1465020	1466321
NC_012883	644842171	128083	128409
NC_012883	644842170	126973	128025
NC_012883	644843174	1018340	1019518
NC_012883	644843175	1019509	1020387
NC_012883	644843172	1015243	1016943
NC_012883	644843173	1017339	1018343
NC_012883	644842177	131140	133338
NC_012883	644843171	1014577	1014903
NC_012883	644842179	134257	135411
NC_012883	644842178	133399	134244
NC_012883	644843178	1022151	1024103
NC_012883	644843179	1024100	1024540
NC_012883	644842799	683469	685001
NC_012883	644842798	680732	682594
NC_012883	644842791	676785	677321
NC_012883	644842790	676282	676728
NC_012883	644842793	678004	678999
NC_012883	644842792	677285	677980
NC_012883	644842795	679430	679846
NC_012883	644842794	679006	679341
NC_012883	644842797	680454	680612
NC_012883	644842315	272509	274875
NC_012883	644842314	269942	272386
NC_012883	644842317	276381	277760
NC_012883	644842316	275302	276258
NC_012883	644843778	1540360	1540584
NC_012883	644842310	261447	261746
NC_012883	644842313	268850	269893
NC_012883	644842312	267686	268828
NC_012883	644843774	1537629	1537982
NC_012883	644843775	1538126	1538737
NC_012883	644843776	1538755	1539048
NC_012883	644843777	1539256	1540158
NC_012883	644843770	1533381	1535780
NC_012883	644842318	279010	279924
NC_012883	644843772	1536462	1537172
NC_012883	644843773	1537232	1537585
NC_012883	644843824	1580322	1580831
NC_012883	644843825	1580833	1581597
NC_012883	644843826	1581610	1582449
NC_012883	644843827	1582446	1583768
NC_012883	644843820	1575821	1576870
NC_012883	644843821	1576879	1578300
NC_012883	644843822	1578302	1579270
NC_012883	644842428	366752	367219
NC_012883	644842427	366545	366742
NC_012883	644842426	365296	366432
NC_012883	644842425	364338	365180
NC_012883	644842424	364250	364378
NC_012883	644843828	1583990	1584397
NC_012883	644842422	362650	363099
NC_012883	644842421	360348	362648
NC_012883	644842420	360176	360358
NC_012883	644842229	182805	183260
NC_012883	644842228	181427	182791
NC_012883	644842559	472027	474072
NC_012883	644842558	471785	472027
NC_012883	644842553	467870	468676
NC_012883	644842220	173943	174590
NC_012883	644842223	176036	176941
NC_012883	644842222	175058	176029
NC_012883	644842225	177959	179488
NC_012883	644842224	176938	177969
NC_012883	644842555	469745	470248
NC_012883	644842226	179543	180787
NC_012883	644843918	1670069	1670575
NC_012883	644843919	1670629	1670907
NC_012883	644843910	1660307	1660819
NC_012883	644843911	1660910	1661812
NC_012883	644843912	1664529	1666775
NC_012883	644843913	1667019	1667183
NC_012883	644843914	1667217	1667336
NC_012883	644843915	1667381	1667578
NC_012883	644843916	1667589	1669172
NC_012883	644843917	1669493	1669978
NC_012883	644843800	1556568	1557386
NC_012883	644842633	538789	539625
NC_012883	644842630	537497	538084
NC_012883	644842631	538171	538503
NC_012883	644842889	758204	759325
NC_012883	644842888	757620	758207
NC_012883	644842885	754668	755666
NC_012883	644842884	753525	754445
NC_012883	644842887	756749	757642
NC_012883	644842886	755766	756725
NC_012883	644842881	752098	752622
NC_012883	644842880	751837	751989
NC_012883	644842883	752846	753571
NC_012883	644842882	752659	752835
NC_012883	644843721	1496642	1497283
NC_012883	644843720	1496148	1496549
NC_012883	644844007	1737965	1738513
NC_012883	644844006	1737188	1737616
NC_012883	644844005	1736775	1737164
NC_012883	644844004	1736456	1736656
NC_012883	644844003	1736155	1736268
NC_012883	644844002	1735729	1735884
NC_012883	644844001	1734425	1735732
NC_012883	644844000	1734084	1734365
NC_012883	644844009	1740060	1740452
NC_012883	644844008	1738792	1740030
NC_012883	644844080	1799362	1800651
NC_012883	644842959	817598	818194
NC_012883	644842957	815757	816968
NC_012883	644842956	815046	815729
NC_012883	644842955	814719	815042
NC_012883	644842954	813338	814669
NC_012883	644842953	811361	813307
NC_012883	644842952	810719	811342
NC_012883	644842951	809657	810388
NC_012883	644842950	808420	809556
NC_012883	644843213	1056358	1056681
NC_012883	644843212	1055602	1056327
NC_012883	644843211	1054920	1055435
NC_012883	644843210	1053674	1054885
NC_012883	644843217	1058220	1058339
NC_012883	644843216	1057805	1058014
NC_012883	644843215	1057545	1057769
NC_012883	644843214	1057106	1057450
NC_012883	644843219	1059073	1059387
NC_012883	644843218	1058489	1059076
NC_012883	644842702	603504	603659
NC_012883	644842703	603666	603926
NC_012883	644842700	601803	603278
NC_012883	644843367	1177512	1177877
NC_012883	644843366	1177249	1177491
NC_012883	644843365	1176959	1177252
NC_012883	644843364	1176507	1176962
NC_012883	644843363	1176148	1176510
NC_012883	644843362	1174565	1176151
NC_012883	644843361	1174216	1174563
NC_012883	644843360	1173741	1174211
NC_012883	644843369	1178134	1178643
NC_012883	644843368	1177874	1178158
NC_012883	644842096	53648	55789
NC_012883	644842097	55795	56472
NC_012883	644842094	51259	52161
NC_012883	644842095	52163	53548
NC_012883	644842092	48201	49016
NC_012883	644842093	50367	51194
NC_012883	644843549	1330607	1331248
NC_012883	644842091	46592	47593
NC_012883	644843547	1329490	1329621
NC_012883	644843546	1327610	1328305
NC_012883	644843545	1326300	1327574
NC_012883	644843544	1326030	1326233
NC_012883	644843543	1325193	1325582
NC_012883	644843542	1324533	1325138
NC_012883	644842098	56465	56710
NC_012883	644843540	1322966	1323979
NC_012883	644843653	1427033	1427716
NC_012883	644842708	606673	607692
NC_012883	644842764	653988	654359
NC_012883	644842765	654356	655159
NC_012883	644843149	994006	994671
NC_012883	644842767	655570	656409
NC_012883	644842760	649846	650637
NC_012883	644842761	650710	650889
NC_012883	644842762	652229	652807
NC_012883	644842763	652925	653986
NC_012883	644843143	989813	990523
NC_012883	644843142	989199	989759
NC_012883	644843141	988667	989209
NC_012883	644843140	987060	988670
NC_012883	644842768	656457	657527
NC_012883	644842769	657680	658144
NC_012883	644843145	990977	991546
NC_012883	644843124	968453	969595
NC_012883	644842162	120217	120456
NC_012883	644842163	120460	122040
NC_012883	644842160	119554	119724
NC_012883	644842161	119726	120163
NC_012883	644842166	123285	124646
NC_012883	644842167	124740	126062
NC_012883	644842164	122107	122715
NC_012883	644842165	122828	123253
NC_012883	644842168	126059	126865
NC_012883	644843126	970457	970786
NC_012883	644842788	674586	675071
NC_012883	644842789	675183	676292
NC_012883	644842782	669665	670471
NC_012883	644842783	670555	671607
NC_012883	644842781	668907	669662
NC_012883	644842786	673059	673751
NC_012883	644842787	673756	674523
NC_012883	644842784	671632	672060
NC_012883	644842785	672061	673062
NC_012883	644842306	256957	257505
NC_012883	644842307	257602	258930
NC_012883	644843783	1542650	1543228
NC_012883	644843782	1541524	1542381
NC_012883	644842302	250758	253634
NC_012883	644843784	1543360	1543926
NC_012883	644843787	1546686	1547417
NC_012883	644843786	1545262	1546689
NC_012883	644843789	1548146	1549246
NC_012883	644843788	1547576	1548097
NC_012883	644842308	258978	260045
NC_012883	644842309	260087	261256
NC_012883	644842430	367790	368455
NC_012883	644842431	368461	369477
NC_012883	644842432	369524	369838
NC_012883	644842433	369950	370420
NC_012883	644842439	371434	371682
NC_012883	644842238	189772	189894
NC_012883	644842239	189891	190475
NC_012883	644842548	465748	465888
NC_012883	644842549	465931	466530
NC_012883	644842544	461117	461929
NC_012883	644842545	462130	462957
NC_012883	644842230	183408	184145
NC_012883	644842547	463810	465687
NC_012883	644842540	458342	458728
NC_012883	644842541	458733	459113
NC_012883	644842542	459211	459786
NC_012883	644842543	459824	461053
NC_012883	644843969	1709272	1709922
NC_012883	644843968	1707433	1709145
NC_012883	644843965	1704811	1706037
NC_012883	644843964	1704169	1704708
NC_012883	644843967	1706564	1707436
NC_012883	644843966	1706087	1706545
NC_012883	644843961	1702220	1702384
NC_012883	644843960	1701835	1702209
NC_012883	644843963	1703066	1704157
NC_012883	644843962	1702464	1702979
NC_012883	644843136	983544	983669
NC_012883	644844124	1840572	1840889
NC_012883	644844125	1841002	1841823
NC_012883	644844126	1841920	1842912
NC_012883	644844127	1842896	1844590
NC_012883	644844120	1837287	1838213
NC_012883	644844121	1838210	1838953
NC_012883	644844122	1839417	1839713
NC_012883	644843134	980928	981956
NC_012883	644844128	1844587	1845795
NC_012883	644842898	764724	765038
NC_012883	644842899	765055	765249
NC_012883	644842896	763871	764476
NC_012883	644842897	764452	764727
NC_012883	644842894	762721	763245
NC_012883	644842895	763196	763759
NC_012883	644842892	761533	762207
NC_012883	644842893	762266	762715
NC_012883	644842890	759365	760888
NC_012883	644842891	760891	761289
NC_012883	644844018	1746236	1746730
NC_012883	644844019	1746746	1747033
NC_012883	644844010	1740462	1741622
NC_012883	644844011	1741688	1741849
NC_012883	644844013	1742065	1743006
NC_012883	644844014	1743057	1743191
NC_012883	644844015	1743225	1744472
NC_012883	644844016	1745027	1745857
NC_012883	644844017	1746047	1746166
NC_012883	644843459	1253696	1254097
NC_012883	644842940	801708	803390
NC_012883	644842943	803982	804557
NC_012883	644842944	804728	805192
NC_012883	644842945	805179	805388
NC_012883	644842946	805541	805951
NC_012883	644842947	806008	806154
NC_012883	644842948	806534	807214
NC_012883	644842949	807454	808419
NC_012883	644843451	1245172	1247691
NC_012883	644843450	1244793	1245098
NC_012883	644843452	1247688	1248452
NC_012883	644843204	1048031	1048957
NC_012883	644843205	1049053	1049712
NC_012883	644843206	1049866	1050468
NC_012883	644843207	1050579	1051922
NC_012883	644843200	1045549	1045989
NC_012883	644843201	1045997	1046857
NC_012883	644843202	1047051	1047182
NC_012883	644843203	1047202	1048038
NC_012883	644843208	1052079	1053083
NC_012883	644843209	1053141	1053674
NC_012883	644843973	1712666	1713193
NC_012883	644843378	1187528	1188316
NC_012883	644843379	1188407	1190902
NC_012883	644843290	1122703	1123728
NC_012883	644843370	1179021	1179236
NC_012883	644843371	1180210	1181472
NC_012883	644843372	1181476	1182582
NC_012883	644843373	1182589	1183761
NC_012883	644843374	1183859	1184362
NC_012883	644843375	1186014	1186628
NC_012883	644843376	1186625	1186873
NC_012883	644843377	1186875	1187531
NC_012883	644843550	1331227	1332591
NC_012883	644843551	1332588	1333472
NC_012883	644843552	1333457	1334113
NC_012883	644843553	1334113	1336314
NC_012883	644843554	1336380	1336901
NC_012883	644843555	1336906	1337874
NC_012883	644843556	1337878	1338573
NC_012883	644843557	1338566	1338823
NC_012883	644843558	1338978	1341299
NC_012883	644843559	1341306	1341776
NC_012883	644843578	1354911	1357109
NC_012883	644843579	1357324	1358241
NC_012883	644843158	1001753	1002496
NC_012883	644843159	1002521	1002910
NC_012883	644843154	998493	998729
NC_012883	644843155	998726	1000060
NC_012883	644843156	1000182	1000880
NC_012883	644843157	1000913	1001710
NC_012883	644843150	994723	995379
NC_012883	644843151	995376	996221
NC_012883	644843152	996257	998143
NC_012883	644842154	112369	113229
NC_012883	644842153	111765	112331
NC_012883	644842152	111614	111808
NC_012883	644842151	111490	111636
NC_012883	644842150	110750	111337
NC_012883	644842159	119002	119553
NC_012883	644842158	118500	119012
NC_012883	644843576	1353500	1354024
NC_012883	644842088	43670	43984
NC_012883	644842339	296039	296323
NC_012883	644842338	295820	296020
NC_012883	644842333	293316	293576
NC_012883	644842332	292542	293309
NC_012883	644842331	291451	292530
NC_012883	644842330	290664	291449
NC_012883	644842337	295200	295823
NC_012883	644842336	294731	295195
NC_012883	644842335	294318	294719
NC_012883	644842334	293582	294307
NC_012883	644843792	1551558	1552007
NC_012883	644843793	1552089	1552505
NC_012883	644843790	1549239	1550219
NC_012883	644843791	1550622	1551428
NC_012883	644843796	1554286	1554504
NC_012883	644843797	1554507	1554836
NC_012883	644843794	1552502	1553881
NC_012883	644843795	1553930	1554133
NC_012883	644843798	1554884	1556146
NC_012883	644843799	1556159	1556512
NC_012883	644842445	379740	380183
NC_012883	644842444	379292	379729
NC_012883	644842447	380843	380965
NC_012883	644842446	380183	380836
NC_012883	644842441	375062	377779
NC_012883	644842440	371700	375056
NC_012883	644842443	378987	379289
NC_012883	644842442	377779	378972
NC_012883	644842449	381482	382600
NC_012883	644842448	380974	381393
NC_012883	644842209	162265	164856
NC_012883	644842208	161611	162219
NC_012883	644842207	160470	161504
NC_012883	644842206	159731	160477
NC_012883	644842205	158641	159699
NC_012883	644842204	157204	158508
NC_012883	644842203	156305	157207
NC_012883	644842202	155835	156254
NC_012883	644842201	154315	155829
NC_012883	644842200	153848	154318
NC_012883	644843688	1466594	1467121
NC_012883	644843978	1718054	1718395
NC_012883	644843979	1718392	1719117
NC_012883	644843976	1714723	1716576
NC_012883	644843977	1716573	1718057
NC_012883	644843974	1713197	1713778
NC_012883	644843975	1713790	1714719
NC_012883	644843972	1711480	1712655
NC_012883	644843123	967662	968465
NC_012883	644843970	1710061	1710816
NC_012883	644843971	1710865	1711473
NC_012883	644843122	966863	967660
NC_012883	644842779	667938	668597
