NC_015865	651049231	254649	255059
NC_015865	651049230	253132	254643
NC_015865	651049233	255979	256851
NC_015865	651049232	255104	255883
NC_015865	651049235	257989	259176
NC_015865	651049234	256857	257849
NC_015865	651049237	261328	264027
NC_015865	651049236	259399	261174
NC_015865	651049239	264721	265167
NC_015865	651049238	264088	264717
NC_015865	651049585	572086	572391
NC_015865	651049584	571124	572080
NC_015865	651049583	570282	571007
NC_015865	651049582	569240	570472
NC_015865	651049581	568031	569128
NC_015865	651049580	567491	567826
NC_015865	651050693	1592234	1592731
NC_015865	651049589	576538	577038
NC_015865	651049588	575183	576418
NC_015865	651049587	574268	575092
NC_015865	651049129	155193	155549
NC_015865	651049128	154082	155119
NC_015865	651049586	572409	574268
NC_015865	651049125	151600	152115
NC_015865	651049124	151362	151523
NC_015865	651049127	153565	154041
NC_015865	651049126	152219	153448
NC_015865	651049121	149855	150214
NC_015865	651049120	149504	149851
NC_015865	651049123	151004	151351
NC_015865	651049122	150248	150697
NC_015865	651049055	92824	93366
NC_015865	651049054	91698	92768
NC_015865	651049057	93940	94605
NC_015865	651049056	93356	93889
NC_015865	651049051	88697	90181
NC_015865	651049050	88409	88612
NC_015865	651049053	91456	91746
NC_015865	651049052	90200	91336
NC_015865	651049059	95183	96538
NC_015865	651049058	94715	94990
NC_015865	651050098	1020846	1021952
NC_015865	651049837	804041	804457
NC_015865	651049836	803181	803906
NC_015865	651049835	802244	803197
NC_015865	651049834	801229	802233
NC_015865	651049833	800764	801159
NC_015865	651049832	800386	800580
NC_015865	651049831	799808	800269
NC_015865	651049830	799028	799357
NC_015865	651051089	1936005	1936817
NC_015865	651049838	804576	805313
NC_015865	651051047	1900933	1902375
NC_015865	651050314	1244824	1246803
NC_015865	651050315	1246806	1247117
NC_015865	651050316	1247265	1247957
NC_015865	651049909	882879	883436
NC_015865	651049908	880944	882878
NC_015865	651049903	875277	875450
NC_015865	651049902	872331	875231
NC_015865	651049901	871082	872098
NC_015865	651049900	869998	871068
NC_015865	651049907	879684	880802
NC_015865	651049906	878232	879566
NC_015865	651049905	877133	878164
NC_015865	651049904	875479	877041
NC_015865	651051159	2005051	2006190
NC_015865	651051158	2004011	2004943
NC_015865	651050312	1243666	1244277
NC_015865	651051151	1995552	1995824
NC_015865	651051150	1995259	1995585
NC_015865	651051153	1997902	1999038
NC_015865	651051152	1995885	1997783
NC_015865	651051155	2000121	2002553
NC_015865	651051154	1999210	2000070
NC_015865	651051157	2003208	2003720
NC_015865	651051156	2002699	2003211
NC_015865	651048988	1105	1986
NC_015865	651048989	1996	2505
NC_015865	651048986	2011205	2011320
NC_015865	651048987	602	1108
NC_015865	651050304	1235570	1236253
NC_015865	651049532	532968	533369
NC_015865	651049533	533366	533650
NC_015865	651049530	532190	532720
NC_015865	651050795	1691058	1691237
NC_015865	651049531	532717	532971
NC_015865	651049240	265276	266091
NC_015865	651049242	266352	266783
NC_015865	651049243	267009	267863
NC_015865	651050150	1058414	1059841
NC_015865	651050944	1814545	1815828
NC_015865	651050947	1816529	1817086
NC_015865	651050946	1816099	1816521
NC_015865	651050941	1812398	1812835
NC_015865	651050940	1812040	1812426
NC_015865	651050943	1813325	1814425
NC_015865	651050942	1812903	1813328
NC_015865	651050949	1817454	1818011
NC_015865	651050948	1817137	1817451
NC_015865	651050053	980583	982808
NC_015865	651050052	980246	980500
NC_015865	651050723	1619670	1619894
NC_015865	651050050	978745	979926
NC_015865	651050725	1620895	1621530
NC_015865	651050724	1620209	1620883
NC_015865	651050727	1622488	1623327
NC_015865	651050726	1621727	1622431
NC_015865	651050059	988019	988411
NC_015865	651050058	987321	988022
NC_015865	651051087	1934424	1934858
NC_015865	651051086	1933420	1934421
NC_015865	651051085	1932732	1933427
NC_015865	651051084	1931960	1932727
NC_015865	651050619	1528419	1529255
NC_015865	651050618	1527120	1528316
NC_015865	651050615	1525422	1526021
NC_015865	651050614	1524687	1525322
NC_015865	651050617	1526160	1526990
NC_015865	651050611	1522031	1523065
NC_015865	651050610	1520445	1522034
NC_015865	651050613	1524100	1524471
NC_015865	651050612	1523062	1524072
NC_015865	651051081	1930516	1930809
NC_015865	651051080	1929689	1930519
NC_015865	651050435	1363799	1365073
NC_015865	651050434	1362967	1363797
NC_015865	651050437	1365727	1366500
NC_015865	651050436	1365143	1365565
NC_015865	651050123	1039980	1041038
NC_015865	651050122	1039109	1039822
NC_015865	651050433	1362300	1362845
NC_015865	651050120	1036997	1038685
NC_015865	651050439	1366841	1366972
NC_015865	651050438	1366607	1366825
NC_015865	651050129	1043209	1043841
NC_015865	651050128	1042582	1043016
NC_015865	651049839	805403	806341
NC_015865	651051088	1934892	1935932
NC_015865	651049222	245259	247160
NC_015865	651049223	247414	248253
NC_015865	651049592	579595	580251
NC_015865	651049221	243630	245183
NC_015865	651049226	249632	250510
NC_015865	651049595	581959	582906
NC_015865	651049596	583071	584000
NC_015865	651049225	248897	249538
NC_015865	651049598	584986	585564
NC_015865	651049599	585623	586711
NC_015865	651049228	250948	252255
NC_015865	651049229	252252	253142
NC_015865	651050549	1459414	1461279
NC_015865	651050548	1458970	1459296
NC_015865	651050541	1453259	1453387
NC_015865	651050540	1452530	1453204
NC_015865	651050543	1454905	1455825
NC_015865	651050542	1453377	1454900
NC_015865	651050545	1456815	1458044
NC_015865	651050544	1455830	1456825
NC_015865	651050547	1458355	1459002
NC_015865	651050546	1458075	1458302
NC_015865	651049138	163108	163959
NC_015865	651049139	163956	164654
NC_015865	651049136	161645	162295
NC_015865	651049137	162308	163042
NC_015865	651049134	160579	160881
NC_015865	651049135	160889	161467
NC_015865	651049132	158356	158526
NC_015865	651049133	158548	160470
NC_015865	651049130	155549	157618
NC_015865	651049131	157593	158243
NC_015865	651049046	82882	83127
NC_015865	651049047	83127	83846
NC_015865	651049044	81074	81832
NC_015865	651049045	81907	82881
NC_015865	651049042	67302	80537
NC_015865	651049043	80762	81064
NC_015865	651049040	63584	65254
NC_015865	651049041	65342	66898
NC_015865	651049820	788333	789034
NC_015865	651049821	789031	789975
NC_015865	651049822	790234	793176
NC_015865	651049823	793246	794205
NC_015865	651049824	794309	794848
NC_015865	651049825	794964	795704
NC_015865	651049048	83993	85048
NC_015865	651049049	85180	87960
NC_015865	651049918	890078	890914
NC_015865	651049914	886655	887659
NC_015865	651049915	887682	887990
NC_015865	651049916	888028	888909
NC_015865	651049917	888944	890008
NC_015865	651049910	883436	883885
NC_015865	651049911	883890	885074
NC_015865	651049912	885075	885809
NC_015865	651049913	885867	886658
NC_015865	651051148	1993317	1994741
NC_015865	651051149	1994810	1995271
NC_015865	651051142	1988546	1989307
NC_015865	651051143	1989304	1990095
NC_015865	651051140	1987467	1987853
NC_015865	651051141	1987920	1988549
NC_015865	651051146	1991455	1992426
NC_015865	651051147	1992615	1993187
NC_015865	651051144	1990061	1990855
NC_015865	651051145	1990931	1991449
NC_015865	651049147	170178	171578
NC_015865	651049494	500191	500643
NC_015865	651049322	347047	347262
NC_015865	651049145	169585	169758
NC_015865	651049496	501575	502630
NC_015865	651051029	1882097	1883122
NC_015865	651049143	168206	168790
NC_015865	651049142	166290	168200
NC_015865	651049493	499719	500033
NC_015865	651049140	164651	165355
NC_015865	651050956	1824154	1824735
NC_015865	651050957	1824717	1825136
NC_015865	651050954	1822346	1822807
NC_015865	651050955	1822835	1824100
NC_015865	651050952	1820595	1821347
NC_015865	651050953	1821340	1822374
NC_015865	651050950	1818034	1819392
NC_015865	651050951	1819525	1820556
NC_015865	651050958	1825141	1826676
NC_015865	651050260	1193090	1193311
NC_015865	651049498	503335	503595
NC_015865	651049149	172118	172588
NC_015865	651049148	171693	172121
NC_015865	651050732	1629408	1629974
NC_015865	651050733	1629968	1630579
NC_015865	651050046	977203	977601
NC_015865	651050731	1628927	1629403
NC_015865	651050736	1633330	1633914
NC_015865	651050737	1633924	1635090
NC_015865	651050042	974796	975275
NC_015865	651050735	1631629	1633209
NC_015865	651050738	1635179	1636093
NC_015865	651050739	1636160	1637080
NC_015865	651050048	978134	978313
NC_015865	651050049	978451	978741
NC_015865	651050608	1519236	1519673
NC_015865	651050609	1519670	1520440
NC_015865	651050606	1518284	1518580
NC_015865	651050607	1518577	1519239
NC_015865	651050604	1515495	1517201
NC_015865	651050605	1517204	1518247
NC_015865	651050602	1513599	1514444
NC_015865	651050603	1514583	1515485
NC_015865	651050600	1511197	1512459
NC_015865	651050601	1512604	1513551
NC_015865	651050138	1049846	1050376
NC_015865	651050139	1050366	1050662
NC_015865	651050130	1043847	1044383
NC_015865	651050131	1044452	1044961
NC_015865	651050132	1044958	1046022
NC_015865	651050133	1046019	1047395
NC_015865	651050134	1047392	1048414
NC_015865	651050135	1048524	1049060
NC_015865	651050136	1049098	1049658
NC_015865	651050137	1049658	1049846
NC_015865	651050426	1356551	1357126
NC_015865	651050427	1357153	1357458
NC_015865	651050424	1353552	1354922
NC_015865	651050425	1354937	1356346
NC_015865	651050422	1351514	1352206
NC_015865	651050423	1352209	1353366
NC_015865	651050420	1350132	1351211
NC_015865	651050421	1351324	1351467
NC_015865	651050428	1357459	1358019
NC_015865	651050429	1358218	1359591
NC_015865	651049773	751616	752245
NC_015865	651049217	239987	240319
NC_015865	651049216	239413	240018
NC_015865	651049215	236472	239420
NC_015865	651049214	235819	236481
NC_015865	651049212	235137	235445
NC_015865	651049211	233799	235085
NC_015865	651049210	232236	233648
NC_015865	651049219	240713	242005
NC_015865	651049218	240498	240716
NC_015865	651050558	1470343	1471398
NC_015865	651050559	1471478	1472035
NC_015865	651050552	1465098	1466420
NC_015865	651050553	1466427	1467827
NC_015865	651050550	1461266	1461952
NC_015865	651050551	1462120	1465092
NC_015865	651050556	1469156	1469356
NC_015865	651050557	1469398	1470333
NC_015865	651050554	1467824	1468684
NC_015865	651050555	1468689	1469165
NC_015865	651049693	671377	671733
NC_015865	651049692	670123	671373
NC_015865	651049691	669335	670072
NC_015865	651049690	668527	669348
NC_015865	651049697	675883	676503
NC_015865	651049696	675270	675782
NC_015865	651049695	673908	675224
NC_015865	651049694	671797	673863
NC_015865	651049699	677321	677500
NC_015865	651049698	676508	677317
NC_015865	651049103	135339	136271
NC_015865	651049450	460598	462061
NC_015865	651049453	465215	465787
NC_015865	651049452	464066	464935
NC_015865	651049107	141756	142280
NC_015865	651049454	465909	467786
NC_015865	651049457	468948	469640
NC_015865	651049456	468134	468964
NC_015865	651049459	470971	472188
NC_015865	651049458	469645	470823
NC_015865	651049109	142873	143925
NC_015865	651049108	142461	142847
NC_015865	651049679	659392	660471
NC_015865	651049678	658516	659322
NC_015865	651049859	824394	825638
NC_015865	651049858	823530	824270
NC_015865	651049671	651206	652687
NC_015865	651049670	650349	651209
NC_015865	651049857	822463	823413
NC_015865	651049672	652783	653670
NC_015865	651049851	816294	817310
NC_015865	651049850	815899	816291
NC_015865	651049677	657645	658460
NC_015865	651049676	656389	657648
NC_015865	651049640	625108	626508
NC_015865	651049313	338592	339419
NC_015865	651049310	336560	336904
NC_015865	651049311	336907	337602
NC_015865	651049316	342853	343365
NC_015865	651049317	343365	343847
NC_015865	651049314	339477	341531
NC_015865	651049315	341643	342836
NC_015865	651049079	109127	109387
NC_015865	651049078	108877	109041
NC_015865	651049073	105256	105693
NC_015865	651049072	104411	105220
NC_015865	651049071	103684	104298
NC_015865	651049070	103406	103627
NC_015865	651049077	107706	108887
NC_015865	651049076	107035	107568
NC_015865	651049075	106376	107038
NC_015865	651049074	105800	106285
NC_015865	651050897	1771873	1772217
NC_015865	651050896	1771116	1771886
NC_015865	651050895	1769827	1771080
NC_015865	651050894	1769570	1769761
NC_015865	651050893	1768953	1769360
NC_015865	651050892	1767689	1768867
NC_015865	651050891	1767415	1767678
NC_015865	651050890	1766197	1767402
NC_015865	651050899	1772813	1773331
NC_015865	651050898	1772350	1772811
NC_015865	651049597	584012	584986
NC_015865	651050969	1832598	1833134
NC_015865	651050968	1832022	1832588
NC_015865	651050963	1829655	1829822
NC_015865	651050962	1828437	1829645
NC_015865	651050961	1827626	1828270
NC_015865	651050960	1826924	1827586
NC_015865	651050967	1831229	1831936
NC_015865	651050966	1830813	1831079
NC_015865	651050965	1830263	1830832
NC_015865	651050964	1829913	1830257
NC_015865	651050181	1090568	1092028
NC_015865	651050180	1089180	1090502
NC_015865	651049794	771278	771463
NC_015865	651050182	1092301	1092630
NC_015865	651050185	1095563	1096630
NC_015865	651051090	1936819	1937589
NC_015865	651050184	1094958	1095566
NC_015865	651050187	1098640	1100553
NC_015865	651050186	1096765	1098402
NC_015865	651050707	1602944	1603957
NC_015865	651050706	1602213	1602947
NC_015865	651050705	1601575	1602177
NC_015865	651050704	1600429	1601520
NC_015865	651050703	1599297	1600427
NC_015865	651050702	1598504	1599292
NC_015865	651051092	1938798	1940813
NC_015865	651050700	1597788	1598216
NC_015865	651050709	1606123	1606626
NC_015865	651050708	1604165	1605997
NC_015865	651050633	1539435	1540139
NC_015865	651050632	1538294	1539421
NC_015865	651050631	1537254	1538288
NC_015865	651050630	1536493	1537257
NC_015865	651050637	1543146	1543463
NC_015865	651050636	1541950	1543134
NC_015865	651050635	1540944	1541939
NC_015865	651050634	1540252	1540833
NC_015865	651050639	1544466	1545653
NC_015865	651050638	1543525	1544460
NC_015865	651050419	1349681	1349887
NC_015865	651050418	1349030	1349647
NC_015865	651050149	1057875	1058357
NC_015865	651050148	1057457	1057900
NC_015865	651050145	1055086	1056240
NC_015865	651050412	1342258	1344009
NC_015865	651050147	1056903	1057454
NC_015865	651050410	1340615	1341712
NC_015865	651050141	1050918	1051508
NC_015865	651050416	1346487	1348235
NC_015865	651050143	1051767	1052768
NC_015865	651050414	1344735	1345412
NC_015865	651050389	1320923	1322035
NC_015865	651050388	1320259	1320861
NC_015865	651050383	1316422	1316616
NC_015865	651050382	1315161	1316459
NC_015865	651050381	1314114	1315085
NC_015865	651050380	1312890	1314023
NC_015865	651050387	1318201	1320183
NC_015865	651050386	1317561	1318175
NC_015865	651050385	1317272	1317580
NC_015865	651050384	1316683	1317267
NC_015865	651051095	1941901	1942947
NC_015865	651049117	147828	148688
NC_015865	651051096	1943034	1943630
NC_015865	651049110	143922	144665
NC_015865	651050569	1486146	1488098
NC_015865	651050568	1482386	1485853
NC_015865	651050567	1478571	1482389
NC_015865	651050566	1477910	1478449
NC_015865	651050565	1476921	1477289
NC_015865	651050563	1475484	1476110
NC_015865	651050562	1474365	1475447
NC_015865	651050561	1473605	1474354
NC_015865	651050560	1472008	1472484
NC_015865	651049684	665077	665982
NC_015865	651049685	665983	666363
NC_015865	651049686	666374	666661
NC_015865	651049680	660564	661859
NC_015865	651049681	661947	662339
NC_015865	651050099	1022014	1022655
NC_015865	651049683	663360	664961
NC_015865	651050097	1019662	1020783
NC_015865	651050096	1018866	1019513
NC_015865	651050095	1018074	1018844
NC_015865	651050094	1017614	1018030
NC_015865	651050093	1016346	1017578
NC_015865	651050092	1015861	1016238
NC_015865	651050091	1015438	1015752
NC_015865	651050090	1014992	1015162
NC_015865	651049442	455405	455953
NC_015865	651049115	146937	147239
NC_015865	651049440	453882	454538
NC_015865	651049441	454551	455408
NC_015865	651049446	458615	459178
NC_015865	651049447	459175	459813
NC_015865	651049444	456374	457591
NC_015865	651049445	457923	458582
NC_015865	651049448	459810	460346
NC_015865	651049449	460388	460597
NC_015865	651049118	148687	148800
NC_015865	651049119	148976	149500
NC_015865	651049668	649031	649564
NC_015865	651049669	649568	650395
NC_015865	651049848	813210	815528
NC_015865	651049849	815576	815902
NC_015865	651049846	811778	812002
NC_015865	651049847	811999	813117
NC_015865	651049844	810928	811401
NC_015865	651049661	643547	644341
NC_015865	651049666	648097	648483
NC_015865	651049667	648480	649034
NC_015865	651049840	806352	807497
NC_015865	651049841	807610	809430
NC_015865	651049227	250588	250767
NC_015865	651049208	228670	229746
NC_015865	651049209	229883	232081
NC_015865	651050144	1052853	1055078
NC_015865	651049200	220731	221978
NC_015865	651049201	221983	222399
NC_015865	651049202	222471	224585
NC_015865	651049203	224582	225985
NC_015865	651049204	226010	226786
NC_015865	651049205	226848	227654
NC_015865	651049206	227704	227889
NC_015865	651049207	227956	228153
NC_015865	651050146	1056233	1056862
NC_015865	651050417	1348348	1348950
NC_015865	651049224	248381	248716
NC_015865	651050140	1050673	1050846
NC_015865	651050415	1345505	1346473
NC_015865	651050142	1051486	1051623
NC_015865	651051160	2006301	2006450
NC_015865	651050022	962330	963331
NC_015865	651051163	2007326	2008618
NC_015865	651051164	2009082	2009402
NC_015865	651051165	2009412	2010374
NC_015865	651051166	2010559	2011194
NC_015865	651050023	963328	963693
NC_015865	651050020	960150	961358
NC_015865	651050793	1687801	1689291
NC_015865	651049068	102543	102731
NC_015865	651049069	102850	103350
NC_015865	651049064	99760	100332
NC_015865	651050026	965038	965442
NC_015865	651049066	100818	101387
NC_015865	651049067	101513	102529
NC_015865	651049060	97546	97896
NC_015865	651049061	98324	98680
NC_015865	651049062	98777	99235
NC_015865	651049063	99332	99763
NC_015865	651050796	1691417	1691902
NC_015865	651050025	964284	964958
NC_015865	651050889	1765878	1766207
NC_015865	651050880	1762239	1762997
NC_015865	651050881	1762984	1763352
NC_015865	651050882	1763342	1763551
NC_015865	651050883	1763552	1763842
NC_015865	651050884	1763843	1764142
NC_015865	651050885	1764143	1764505
NC_015865	651050886	1764507	1764890
NC_015865	651050887	1764891	1765271
NC_015865	651049642	627845	628762
NC_015865	651050978	1839943	1840968
NC_015865	651050979	1840978	1841790
NC_015865	651050974	1836277	1836843
NC_015865	651050975	1836840	1838024
NC_015865	651050976	1838198	1839304
NC_015865	651050977	1839306	1839929
NC_015865	651050970	1833131	1834738
NC_015865	651050971	1834789	1835559
NC_015865	651050972	1835605	1835805
NC_015865	651050973	1835786	1836262
NC_015865	651049682	662476	663363
NC_015865	651050945	1815807	1816094
NC_015865	651050624	1531251	1532174
NC_015865	651050625	1532329	1532616
NC_015865	651050626	1532759	1533295
NC_015865	651050627	1533332	1534066
NC_015865	651050620	1529347	1529934
NC_015865	651050621	1529931	1530245
NC_015865	651050622	1530315	1530590
NC_015865	651050623	1530580	1531173
NC_015865	651050628	1534050	1535417
NC_015865	651050629	1535503	1536408
NC_015865	651050408	1338213	1339463
NC_015865	651050409	1339465	1340496
NC_015865	651050158	1066975	1067898
NC_015865	651050159	1067968	1068963
NC_015865	651050156	1066281	1066727
NC_015865	651050157	1066724	1066933
NC_015865	651050154	1065324	1065584
NC_015865	651050155	1065715	1066284
NC_015865	651050152	1061979	1064567
NC_015865	651050153	1064578	1065327
NC_015865	651050402	1331344	1332408
NC_015865	651050403	1332420	1334288
NC_015865	651051039	1892270	1893472
NC_015865	651050398	1329045	1329539
NC_015865	651050399	1329545	1329841
NC_015865	651050394	1325450	1326754
NC_015865	651050395	1326764	1327717
NC_015865	651050396	1327686	1328138
NC_015865	651050397	1328125	1328976
NC_015865	651050390	1322053	1322403
NC_015865	651050391	1322543	1324042
NC_015865	651050392	1324201	1325034
NC_015865	651050393	1325031	1325453
NC_015865	651049102	134359	135342
NC_015865	651050718	1615154	1616056
NC_015865	651050719	1616104	1617030
NC_015865	651051099	1945761	1946663
NC_015865	651049883	856409	856516
NC_015865	651050710	1606623	1607138
NC_015865	651050711	1607145	1607942
NC_015865	651050712	1608057	1609244
NC_015865	651050713	1609398	1611998
NC_015865	651050714	1612004	1613500
NC_015865	651050715	1613651	1613845
NC_015865	651050716	1613820	1614131
NC_015865	651050717	1614178	1615188
NC_015865	651051031	1883854	1885248
NC_015865	651049101	133671	134357
NC_015865	651051036	1889595	1890371
NC_015865	651051037	1890493	1890648
NC_015865	651050570	1488195	1488722
NC_015865	651050571	1488839	1489090
NC_015865	651050572	1489151	1489711
NC_015865	651050573	1489721	1489936
NC_015865	651050574	1489947	1490171
NC_015865	651049884	856550	857284
NC_015865	651050577	1491095	1491538
NC_015865	651050578	1491500	1492174
NC_015865	651050579	1492171	1492518
NC_015865	651051035	1887085	1889598
NC_015865	651050080	1007497	1008153
NC_015865	651050081	1008290	1009363
NC_015865	651050082	1009365	1009742
NC_015865	651050083	1009739	1010548
NC_015865	651050084	1010596	1010976
NC_015865	651050085	1011008	1011838
NC_015865	651050086	1011883	1012860
NC_015865	651050087	1013205	1013669
NC_015865	651050088	1013616	1014245
NC_015865	651050089	1014339	1014995
NC_015865	651049477	485430	485924
NC_015865	651049476	484009	485433
NC_015865	651049475	482228	484012
NC_015865	651049474	481353	482231
NC_015865	651049473	479717	481351
NC_015865	651049472	479229	479726
NC_015865	651049471	478471	479232
NC_015865	651049470	478266	478487
NC_015865	651049479	488128	489231
NC_015865	651049478	485921	487645
NC_015865	651049301	326569	329241
NC_015865	651049300	325621	326367
NC_015865	651049871	843685	845118
NC_015865	651049302	329289	330401
NC_015865	651049305	330871	331887
NC_015865	651049876	847316	848647
NC_015865	651049307	333217	333726
NC_015865	651049306	332148	333146
NC_015865	651049309	335063	336430
NC_015865	651049308	333727	335052
NC_015865	651049655	638297	638929
NC_015865	651049654	638020	638307
NC_015865	651049653	636597	637913
NC_015865	651049652	636214	636600
NC_015865	651049651	635413	636219
NC_015865	651049650	634315	635319
NC_015865	651049568	561376	561627
NC_015865	651049789	768145	769320
NC_015865	651049788	765426	768143
NC_015865	651049787	762053	765421
NC_015865	651049786	761787	762035
NC_015865	651049781	757394	758734
NC_015865	651049780	755976	757271
NC_015865	651049782	758735	760243
NC_015865	651049279	308128	308352
NC_015865	651049278	306719	307813
NC_015865	651049275	302913	304163
NC_015865	651049274	301938	302894
NC_015865	651049277	305718	306704
NC_015865	651049276	304251	305534
NC_015865	651049271	298411	299685
NC_015865	651049270	297000	298361
NC_015865	651049273	301323	301892
NC_015865	651049272	299716	300804
NC_015865	651049875	846902	847270
NC_015865	651049689	667383	668534
NC_015865	651051115	1959169	1960362
NC_015865	651049114	146397	146876
NC_015865	651051117	1961072	1961650
NC_015865	651051116	1960471	1961079
NC_015865	651051111	1954997	1956121
NC_015865	651051110	1954619	1954963
NC_015865	651051113	1956879	1958297
NC_015865	651051112	1956141	1956851
NC_015865	651051119	1962432	1963148
NC_015865	651049116	147366	147809
NC_015865	651049091	120704	121549
NC_015865	651049090	118783	120582
NC_015865	651049093	122458	123750
NC_015865	651049092	121644	122354
NC_015865	651049095	125410	126051
NC_015865	651049094	123865	125337
NC_015865	651049097	127333	129435
NC_015865	651049096	126048	127220
NC_015865	651049099	129924	130181
NC_015865	651049098	129439	129927
NC_015865	651049111	144662	145099
NC_015865	651049112	145096	145791
NC_015865	651049113	145815	146342
NC_015865	651049899	869286	869870
NC_015865	651051028	1881183	1882082
NC_015865	651049891	863125	864126
NC_015865	651051020	1877272	1877541
NC_015865	651049893	865745	866428
NC_015865	651051022	1878273	1878503
NC_015865	651051025	1879697	1880149
NC_015865	651049894	866425	866880
NC_015865	651049897	867592	868452
NC_015865	651049896	867217	867585
NC_015865	651051082	1930876	1931274
NC_015865	651049662	644348	644872
NC_015865	651049663	644943	645344
NC_015865	651049660	642766	643446
NC_015865	651049845	811402	811635
NC_015865	651049842	809732	810151
NC_015865	651049843	810148	810879
NC_015865	651049664	645334	646881
NC_015865	651049665	646955	647992
NC_015865	651050981	1842328	1843464
NC_015865	651050980	1841856	1842356
NC_015865	651050983	1844182	1844622
NC_015865	651050982	1843554	1844156
NC_015865	651050985	1845121	1845342
NC_015865	651050984	1844633	1845124
NC_015865	651050987	1847317	1847847
NC_015865	651050986	1845356	1847245
NC_015865	651050989	1848682	1849611
NC_015865	651050988	1847858	1848526
NC_015865	651050721	1617875	1619290
NC_015865	651050720	1617166	1617909
NC_015865	651050051	979991	980206
NC_015865	651050722	1619287	1619673
NC_015865	651050057	986250	987281
NC_015865	651050056	985788	986249
NC_015865	651050055	984176	985645
NC_015865	651050054	982843	984021
NC_015865	651050163	1073311	1073553
NC_015865	651050162	1072638	1073309
NC_015865	651050161	1071215	1072423
NC_015865	651050160	1068960	1071101
NC_015865	651050167	1076701	1077990
NC_015865	651050166	1076139	1076570
NC_015865	651050165	1074717	1076033
NC_015865	651050164	1073564	1074706
NC_015865	651050169	1079140	1079310
NC_015865	651050168	1078108	1079109
NC_015865	651050361	1294189	1294884
NC_015865	651050360	1293591	1294217
NC_015865	651050363	1295215	1296390
NC_015865	651050362	1294965	1295213
NC_015865	651050365	1297607	1298467
NC_015865	651050364	1296428	1297582
NC_015865	651050367	1299110	1300249
NC_015865	651050366	1298857	1299084
NC_015865	651050369	1301221	1302651
NC_015865	651050368	1300280	1301215
NC_015865	651050769	1661286	1662341
NC_015865	651050768	1660437	1661177
NC_015865	651050765	1658248	1659420
NC_015865	651050764	1657364	1658107
NC_015865	651050767	1659843	1660373
NC_015865	651050766	1659507	1659710
NC_015865	651050761	1654711	1655175
NC_015865	651050760	1653263	1654699
NC_015865	651050763	1656473	1657372
NC_015865	651050762	1655460	1656410
NC_015865	651050505	1430672	1431226
NC_015865	651050504	1429434	1430672
NC_015865	651050507	1431670	1432023
NC_015865	651050506	1431223	1431669
NC_015865	651050501	1427765	1428262
NC_015865	651050500	1427278	1427763
NC_015865	651050503	1429228	1429437
NC_015865	651050502	1428266	1429231
NC_015865	651050509	1433570	1433935
NC_015865	651050508	1432020	1433573
NC_015865	651049468	477675	478007
NC_015865	651049469	478004	478273
NC_015865	651049460	472442	472957
NC_015865	651049461	472950	474008
NC_015865	651049462	474005	474328
NC_015865	651049463	474329	475861
NC_015865	651049464	475858	476352
NC_015865	651049465	476349	476726
NC_015865	651049466	476723	477439
NC_015865	651049467	477440	477682
NC_015865	651049312	337599	338582
NC_015865	651049865	835219	836223
NC_015865	651049866	836220	837341
NC_015865	651049867	837323	838732
NC_015865	651049860	825650	826975
NC_015865	651049861	827036	828202
NC_015865	651049862	828248	828547
NC_015865	651049863	828634	834015
NC_015865	651049648	632825	633835
NC_015865	651049649	633825	634304
NC_015865	651049318	343849	344382
NC_015865	651049319	344488	345291
NC_015865	651049868	838867	841218
NC_015865	651049869	841384	842766
NC_015865	651050219	1138188	1138742
NC_015865	651050218	1136908	1138191
NC_015865	651050211	1130192	1131187
NC_015865	651050210	1127249	1129615
NC_015865	651050213	1132248	1132487
NC_015865	651050212	1131279	1132232
NC_015865	651050215	1133240	1134994
NC_015865	651050214	1132478	1133197
NC_015865	651050217	1135991	1136911
NC_015865	651050216	1134991	1135989
NC_015865	651050189	1104284	1105057
NC_015865	651050188	1100529	1104287
NC_015865	651049798	773493	774761
NC_015865	651049796	772117	773235
NC_015865	651049797	773239	773427
NC_015865	651050183	1092762	1094894
NC_015865	651049795	771531	771914
NC_015865	651049792	770090	770533
NC_015865	651049793	770539	771186
NC_015865	651049790	769334	769642
NC_015865	651049791	769642	770079
NC_015865	651049268	295639	296796
NC_015865	651049269	296820	296978
NC_015865	651049266	293662	294030
NC_015865	651049267	294027	295523
NC_015865	651049264	290674	292437
NC_015865	651049265	292434	293678
NC_015865	651049262	288110	289540
NC_015865	651049263	289541	290677
NC_015865	651049260	286110	286955
NC_015865	651049261	286988	287998
NC_015865	651050859	1742676	1743080
NC_015865	651051106	1952101	1953246
NC_015865	651051107	1953256	1953810
NC_015865	651051104	1951117	1951725
NC_015865	651051105	1951770	1952096
NC_015865	651051102	1948843	1950222
NC_015865	651051103	1950308	1951021
NC_015865	651051100	1946665	1947507
NC_015865	651051101	1947458	1948711
NC_015865	651051108	1953910	1954443
NC_015865	651051109	1954473	1954622
NC_015865	651049082	110741	111628
NC_015865	651049083	111606	112490
NC_015865	651049080	109391	109798
NC_015865	651049081	109872	110741
NC_015865	651049086	114947	115882
NC_015865	651049087	116015	117034
NC_015865	651049084	112601	113044
NC_015865	651049085	113263	114924
NC_015865	651049088	117031	117831
NC_015865	651049089	117838	118614
NC_015865	651051043	1896179	1897345
NC_015865	651051042	1895717	1896136
NC_015865	651051041	1894931	1895635
NC_015865	651051038	1890782	1892146
NC_015865	651049889	862184	862600
NC_015865	651049882	854890	856398
NC_015865	651051033	1885968	1886675
NC_015865	651051030	1883171	1883659
NC_015865	651049881	852954	854213
NC_015865	651049886	857681	859672
NC_015865	651049887	859802	861754
NC_015865	651051034	1886687	1887007
NC_015865	651049885	857298	857615
NC_015865	651051045	1898485	1899519
NC_015865	651051044	1897430	1898449
NC_015865	651051161	2006443	2007111
NC_015865	651050127	1042362	1042577
NC_015865	651049347	367706	367894
NC_015865	651050125	1041516	1041773
NC_015865	651050431	1360425	1361867
NC_015865	651050430	1359780	1360403
NC_015865	651050121	1038682	1039098
NC_015865	651050432	1362014	1362187
NC_015865	651050992	1851021	1851473
NC_015865	651050993	1851460	1852023
NC_015865	651050990	1849680	1849994
NC_015865	651050991	1849984	1850640
NC_015865	651050996	1853340	1854329
NC_015865	651050997	1854326	1855297
NC_015865	651050994	1852065	1852814
NC_015865	651050995	1852879	1853343
NC_015865	651050998	1855303	1856151
NC_015865	651050999	1856162	1857181
NC_015865	651049065	100390	100812
NC_015865	651049342	363848	364348
NC_015865	651050174	1082035	1084032
NC_015865	651050175	1084107	1084700
NC_015865	651050176	1084731	1085738
NC_015865	651050177	1085871	1086704
NC_015865	651050170	1079294	1079989
NC_015865	651050171	1080151	1081485
NC_015865	651050172	1081482	1081796
NC_015865	651050173	1081815	1081982
NC_015865	651050178	1086754	1087662
NC_015865	651050179	1087725	1089125
NC_015865	651050372	1304007	1305542
NC_015865	651050373	1305505	1306848
NC_015865	651050370	1302700	1303245
NC_015865	651050371	1303261	1304001
NC_015865	651050376	1309026	1309766
NC_015865	651050377	1309763	1310707
NC_015865	651050374	1306841	1307800
NC_015865	651050375	1307909	1309018
NC_015865	651050378	1310694	1311959
NC_015865	651050379	1311956	1312840
NC_015865	651050778	1670833	1671339
NC_015865	651050779	1671551	1671823
NC_015865	651050776	1667994	1668899
NC_015865	651050777	1669400	1670836
NC_015865	651050774	1666793	1667041
NC_015865	651050775	1667119	1667838
NC_015865	651050770	1662360	1664129
NC_015865	651050771	1664171	1666150
NC_015865	651049590	577035	577730
NC_015865	651049591	577824	579452
NC_015865	651049220	242007	243620
NC_015865	651050516	1436329	1436763
NC_015865	651050517	1436760	1437749
NC_015865	651050514	1435271	1435573
NC_015865	651049593	580291	581028
NC_015865	651050512	1434661	1434924
NC_015865	651050513	1434921	1435274
NC_015865	651050510	1433928	1434395
NC_015865	651050511	1434392	1434664
NC_015865	651049594	581209	581700
NC_015865	651050518	1437746	1439041
NC_015865	651050519	1439038	1439565
NC_015865	651049419	436285	436746
NC_015865	651049418	435886	436275
NC_015865	651049415	433201	434349
NC_015865	651049414	432692	433204
NC_015865	651049417	435192	435752
NC_015865	651049416	434350	435195
NC_015865	651049411	430367	430639
NC_015865	651049410	429242	430216
NC_015865	651049413	431832	432686
NC_015865	651049412	430642	431832
NC_015865	651049327	351493	351855
NC_015865	651049326	351044	351271
NC_015865	651049637	622397	624103
NC_015865	651049636	620881	622386
NC_015865	651049323	347348	348589
NC_015865	651049630	614480	616366
NC_015865	651049633	617620	618846
NC_015865	651049320	346722	346901
NC_015865	651049639	624358	625161
NC_015865	651049638	624100	624195
NC_015865	651049329	352690	353688
NC_015865	651049328	351893	352693
NC_015865	651050208	1126003	1126902
NC_015865	651050209	1127004	1127186
NC_015865	651050202	1118848	1119885
NC_015865	651050203	1119891	1121057
NC_015865	651050200	1116504	1116656
NC_015865	651050201	1117611	1118867
NC_015865	651050206	1124206	1124376
NC_015865	651050207	1124500	1125810
NC_015865	651050204	1121064	1122623
NC_015865	651050205	1122635	1124062
NC_015865	651050192	1107357	1108067
NC_015865	651050193	1108089	1112060
NC_015865	651050190	1105050	1106096
NC_015865	651050191	1106099	1107226
NC_015865	651050196	1114710	1114985
NC_015865	651050197	1115004	1115183
NC_015865	651050194	1112363	1113388
NC_015865	651050195	1113451	1114674
NC_015865	651049253	278483	278953
NC_015865	651049252	277455	278384
NC_015865	651049523	524721	525860
NC_015865	651049522	524220	524789
NC_015865	651049525	527427	528560
NC_015865	651049524	526144	527430
NC_015865	651049255	279566	281296
NC_015865	651049254	278950	279456
NC_015865	651049529	531341	531841
NC_015865	651049528	529892	531151
NC_015865	651049259	284922	286064
NC_015865	651049258	283912	284790
NC_015865	651049749	723672	723875
NC_015865	651049748	723482	723658
NC_015865	651049741	719051	719509
NC_015865	651049740	718842	719027
NC_015865	651049743	720107	720757
NC_015865	651049742	719536	720027
NC_015865	651049745	721861	722178
NC_015865	651049744	720763	721782
NC_015865	651049747	722867	723334
NC_015865	651051139	1986556	1987362
NC_015865	651051138	1983937	1986552
NC_015865	651051133	1977550	1979388
NC_015865	651051132	1976475	1977539
NC_015865	651051131	1975847	1976443
NC_015865	651051130	1973776	1975782
NC_015865	651051137	1983442	1983915
NC_015865	651051136	1982284	1983411
NC_015865	651051135	1981072	1982121
NC_015865	651051134	1979539	1980984
NC_015865	651051009	1863891	1864352
NC_015865	651051008	1863704	1863853
NC_015865	651051007	1863361	1863510
NC_015865	651051006	1862898	1863218
NC_015865	651051005	1862161	1862895
NC_015865	651051004	1861936	1862151
NC_015865	651050701	1598201	1598443
NC_015865	651051002	1859632	1860939
NC_015865	651051001	1858913	1859614
NC_015865	651051000	1857230	1858729
NC_015865	651050646	1549967	1550149
NC_015865	651049924	895996	896205
NC_015865	651051098	1944402	1945646
NC_015865	651049829	798053	798892
NC_015865	651051097	1943692	1944405
NC_015865	651049769	747605	749092
NC_015865	651049768	745905	747386
NC_015865	651050839	1729443	1730255
NC_015865	651050838	1729226	1729369
NC_015865	651051091	1937579	1938193
NC_015865	651050831	1719803	1721539
NC_015865	651050830	1717527	1718780
NC_015865	651050833	1722201	1724147
NC_015865	651050832	1721596	1722204
NC_015865	651050835	1725673	1727139
NC_015865	651049989	930016	930564
NC_015865	651050837	1728114	1729118
NC_015865	651050836	1727394	1728068
NC_015865	651051093	1940788	1941120
NC_015865	651051094	1941110	1941811
NC_015865	651049762	739961	740722
NC_015865	651049826	795697	796623
NC_015865	651049827	796651	797667
NC_015865	651050695	1593139	1594308
NC_015865	651050694	1592810	1593058
NC_015865	651050697	1595293	1596636
NC_015865	651050696	1594627	1595244
NC_015865	651050691	1591106	1591519
NC_015865	651050690	1589939	1590829
NC_015865	651050341	1271725	1272390
NC_015865	651050340	1271299	1271646
NC_015865	651050699	1597330	1597785
NC_015865	651050698	1596827	1597264
NC_015865	651050349	1277415	1278029
NC_015865	651050348	1276011	1277318
NC_015865	651050743	1639684	1640613
NC_015865	651050742	1639193	1639684
NC_015865	651050741	1638256	1639203
NC_015865	651050740	1637303	1638259
NC_015865	651050747	1643825	1644574
NC_015865	651050746	1642412	1643608
NC_015865	651050745	1641292	1642425
NC_015865	651050744	1640656	1641207
NC_015865	651050749	1645496	1646818
NC_015865	651050748	1644531	1645439
NC_015865	651050529	1443952	1444419
NC_015865	651050528	1443692	1443976
NC_015865	651050523	1441970	1442329
NC_015865	651050522	1440432	1441973
NC_015865	651050521	1440083	1440430
NC_015865	651050520	1439562	1440077
NC_015865	651050527	1443324	1443695
NC_015865	651050526	1443061	1443327
NC_015865	651050525	1442762	1443064
NC_015865	651050524	1442326	1442772
NC_015865	651049408	427782	428252
NC_015865	651049409	428402	429181
NC_015865	651049406	426191	426640
NC_015865	651049407	426792	427775
NC_015865	651049404	423257	424795
NC_015865	651049405	424839	426068
NC_015865	651049402	421334	422227
NC_015865	651049403	422227	423276
NC_015865	651049400	418391	420181
NC_015865	651049401	420273	421265
NC_015865	651049626	612111	612401
NC_015865	651049627	612507	613826
NC_015865	651049624	610469	610765
NC_015865	651049625	610902	612062
NC_015865	651049622	609408	610028
NC_015865	651049623	610098	610466
NC_015865	651049620	608050	608589
NC_015865	651049621	608590	609411
NC_015865	651049628	613832	614044
NC_015865	651049629	614037	614483
NC_015865	651050239	1163282	1164118
NC_015865	651050238	1162943	1163251
NC_015865	651050237	1161090	1162817
NC_015865	651050236	1159464	1160834
NC_015865	651050235	1158900	1159454
NC_015865	651050234	1158546	1158869
NC_015865	651050233	1157775	1158236
NC_015865	651050232	1154906	1157638
NC_015865	651050231	1154282	1154716
NC_015865	651050230	1153458	1154285
NC_015865	651049244	267841	268509
NC_015865	651049245	268510	269367
NC_015865	651049246	269467	270015
NC_015865	651049247	270025	270960
NC_015865	651049536	534698	536185
NC_015865	651049537	536182	538026
NC_015865	651049534	533653	534360
NC_015865	651049535	534357	534701
NC_015865	651049538	538027	538920
NC_015865	651049539	538931	539521
NC_015865	651049248	270957	271406
NC_015865	651049249	271467	274349
NC_015865	651049758	736218	736925
NC_015865	651049759	737027	737650
NC_015865	651049752	725701	727110
NC_015865	651049753	727188	728909
NC_015865	651049750	723949	725223
NC_015865	651049751	725303	725704
NC_015865	651049756	733019	734896
NC_015865	651049757	735122	736207
NC_015865	651049754	728972	730264
NC_015865	651049755	730405	732906
NC_015865	651049345	365738	366742
NC_015865	651051128	1970845	1972983
NC_015865	651051129	1972984	1973595
NC_015865	651049344	364642	365628
NC_015865	651051124	1965918	1966460
NC_015865	651051125	1966760	1968871
NC_015865	651051126	1968965	1969486
NC_015865	651051127	1969464	1970699
NC_015865	651051120	1963114	1963545
NC_015865	651051121	1963637	1964101
NC_015865	651051122	1964088	1965074
NC_015865	651051123	1965079	1965843
NC_015865	651049346	366900	367658
NC_015865	651049617	603599	605386
NC_015865	651049616	602575	603399
NC_015865	651049338	359996	361366
NC_015865	651049339	361487	361678
NC_015865	651049343	364351	364656
NC_015865	651049330	353714	354031
NC_015865	651049331	354028	354402
NC_015865	651049332	354389	355462
NC_015865	651049333	355519	356565
NC_015865	651049334	356686	357354
NC_015865	651049335	357396	357662
NC_015865	651049336	357709	358845
NC_015865	651049337	358894	359988
NC_015865	651051010	1864428	1866815
NC_015865	651051011	1866895	1867380
NC_015865	651051012	1867492	1867647
NC_015865	651051013	1868033	1868911
NC_015865	651051014	1869172	1870860
NC_015865	651051015	1870991	1871923
NC_015865	651051016	1871920	1872708
NC_015865	651051017	1872719	1874857
NC_015865	651051018	1875071	1877011
NC_015865	651051019	1877106	1877261
NC_015865	651050291	1222271	1222747
NC_015865	651050290	1221513	1222274
NC_015865	651050293	1223798	1224757
NC_015865	651049485	492863	493312
NC_015865	651049482	490911	492200
NC_015865	651049483	492249	492464
NC_015865	651049480	489228	490112
NC_015865	651049481	490123	490914
NC_015865	651049864	834557	835222
NC_015865	651050828	1715340	1716269
NC_015865	651050829	1716361	1717467
NC_015865	651050822	1712289	1712693
NC_015865	651050823	1712711	1712962
NC_015865	651050820	1710064	1711116
NC_015865	651050821	1711127	1712287
NC_015865	651050826	1714137	1714559
NC_015865	651050827	1714762	1715334
NC_015865	651050824	1713022	1713555
NC_015865	651050825	1713554	1714135
NC_015865	651050459	1388086	1389285
NC_015865	651050106	1028723	1029337
NC_015865	651050109	1030488	1030850
NC_015865	651050358	1288048	1290006
NC_015865	651050359	1290142	1293555
NC_015865	651050350	1278085	1279209
NC_015865	651050351	1279211	1280353
NC_015865	651050352	1280390	1280947
NC_015865	651050353	1281106	1282572
NC_015865	651050354	1282649	1283161
NC_015865	651050355	1283209	1284117
NC_015865	651050356	1284234	1284890
NC_015865	651050357	1285474	1288002
NC_015865	651050686	1586901	1587701
NC_015865	651050687	1587816	1588406
NC_015865	651050684	1586095	1586292
NC_015865	651050685	1586326	1586904
NC_015865	651050682	1585057	1585644
NC_015865	651050683	1585647	1586108
NC_015865	651050680	1583134	1584483
NC_015865	651050681	1584484	1585050
NC_015865	651050688	1588428	1588883
NC_015865	651050689	1588884	1589819
NC_015865	651050756	1649798	1650592
NC_015865	651050757	1650696	1651427
NC_015865	651050750	1646824	1647192
NC_015865	651050751	1647185	1647718
NC_015865	651050752	1647725	1648507
NC_015865	651050753	1648513	1648878
NC_015865	651050758	1651430	1652215
NC_015865	651050759	1652420	1653262
NC_015865	651050538	1449584	1451209
NC_015865	651050539	1451314	1452525
NC_015865	651050534	1446932	1447336
NC_015865	651050535	1447424	1448539
NC_015865	651050536	1448551	1449120
NC_015865	651050537	1449117	1449473
NC_015865	651050530	1444576	1444683
NC_015865	651050531	1444837	1445049
NC_015865	651050532	1445130	1445429
NC_015865	651050533	1445482	1446759
NC_015865	651049433	447056	448057
NC_015865	651049432	446584	447045
NC_015865	651049431	446287	446541
NC_015865	651049430	445881	446312
NC_015865	651049437	451792	452208
NC_015865	651049436	450177	451790
NC_015865	651049435	449690	450085
NC_015865	651049434	448179	449627
NC_015865	651049439	452709	453878
NC_015865	651049438	452242	452535
NC_015865	651049189	210441	210644
NC_015865	651049188	208472	210280
NC_015865	651049183	203945	204226
NC_015865	651049182	203135	203884
NC_015865	651049181	202498	203172
NC_015865	651049180	200900	202336
NC_015865	651049187	205588	208461
NC_015865	651049186	205177	205581
NC_015865	651049185	204509	205180
NC_015865	651049184	204227	204508
NC_015865	651050220	1138729	1139538
NC_015865	651050221	1139553	1140455
NC_015865	651050222	1140678	1141667
NC_015865	651050223	1142105	1142296
NC_015865	651050224	1143946	1144629
NC_015865	651050225	1144791	1147205
NC_015865	651050226	1147651	1148724
NC_015865	651050227	1148724	1149842
NC_015865	651050228	1149832	1150956
NC_015865	651050229	1151072	1153426
NC_015865	651049507	509710	510987
NC_015865	651049506	509268	509669
NC_015865	651049505	508097	509257
NC_015865	651049504	507504	507899
NC_015865	651049503	506784	507491
NC_015865	651049501	505477	506520
NC_015865	651049500	505053	505508
NC_015865	651049509	511667	511840
NC_015865	651049508	510977	511408
NC_015865	651049983	925027	925794
NC_015865	651049982	924760	925020
NC_015865	651049981	924027	924746
NC_015865	651049980	923620	924021
NC_015865	651049987	928239	929381
NC_015865	651049986	928107	928232
NC_015865	651049985	926850	927620
NC_015865	651049984	925805	926848
NC_015865	651049767	745107	745850
NC_015865	651049766	744380	745081
NC_015865	651049765	742949	744271
NC_015865	651049764	741624	742877
NC_015865	651049763	740761	741627
NC_015865	651049325	349057	351033
NC_015865	651049761	738778	740007
NC_015865	651049760	737891	738781
NC_015865	651049324	348778	349047
NC_015865	651049299	324615	325571
NC_015865	651049298	323356	324618
NC_015865	651049297	322382	323356
NC_015865	651049296	321348	322385
NC_015865	651049295	317816	321361
NC_015865	651049294	316758	317726
NC_015865	651049293	315889	316773
NC_015865	651049292	315155	315901
NC_015865	651049291	314673	315089
NC_015865	651049290	313981	314676
NC_015865	651049321	346901	347023
NC_015865	651049632	616973	617623
NC_015865	651049619	606216	607961
NC_015865	651049618	605432	606229
NC_015865	651049349	368334	369161
NC_015865	651049348	367891	368328
NC_015865	651049613	599553	600776
NC_015865	651049612	598696	599577
NC_015865	651049611	597690	598655
NC_015865	651049610	596618	597601
NC_015865	651049341	362089	363801
NC_015865	651049340	361704	361934
NC_015865	651049615	601523	602572
NC_015865	651049614	600773	601498
NC_015865	651051065	1919116	1919832
NC_015865	651051064	1916795	1919131
NC_015865	651051061	1915251	1915910
NC_015865	651051060	1911679	1915245
NC_015865	651051063	1916436	1916735
NC_015865	651051062	1915907	1916338
NC_015865	651051069	1921990	1922229
NC_015865	651051068	1920517	1921737
NC_015865	651050651	1553343	1554257
NC_015865	651050650	1552682	1553329
NC_015865	651050653	1555276	1555800
NC_015865	651050652	1554431	1555285
NC_015865	651050306	1237142	1238365
NC_015865	651049969	919143	919313
NC_015865	651049968	918739	919131
NC_015865	651050657	1558695	1560632
NC_015865	651049961	915069	915515
NC_015865	651049960	913588	915033
NC_015865	651049963	916006	916713
NC_015865	651049962	915527	915994
NC_015865	651049965	917326	917772
NC_015865	651049964	916710	917315
NC_015865	651049967	918174	918728
NC_015865	651049966	917783	918163
NC_015865	651049521	523942	524220
NC_015865	651049520	523170	523892
NC_015865	651049251	275329	277458
NC_015865	651049250	274406	275332
NC_015865	651050819	1707911	1709875
NC_015865	651050818	1707148	1707828
NC_015865	651050817	1705865	1707142
NC_015865	651049257	282158	283810
NC_015865	651050815	1703305	1704576
NC_015865	651050814	1702348	1703238
NC_015865	651050813	1701579	1702421
NC_015865	651050812	1701112	1701519
NC_015865	651050811	1700431	1701072
NC_015865	651049256	281312	281980
NC_015865	651049527	529161	529826
NC_015865	651049526	528546	529151
NC_015865	651049988	929442	929894
NC_015865	651050329	1258118	1259524
NC_015865	651050328	1256251	1258023
NC_015865	651050325	1254323	1254955
NC_015865	651050324	1253684	1254199
NC_015865	651050327	1255555	1256106
NC_015865	651050326	1255016	1255543
NC_015865	651050321	1251682	1252428
NC_015865	651050320	1251157	1251660
NC_015865	651050323	1253050	1253610
NC_015865	651050322	1252513	1253019
NC_015865	651050031	968129	968839
NC_015865	651050030	967362	968132
NC_015865	651050033	969711	969932
NC_015865	651050032	968851	969633
NC_015865	651050035	970427	970744
NC_015865	651050034	969988	970437
NC_015865	651050789	1683098	1684432
NC_015865	651050788	1681856	1683109
NC_015865	651050787	1680579	1681853
NC_015865	651050786	1679283	1680518
NC_015865	651050785	1678715	1679299
NC_015865	651050784	1676983	1678728
NC_015865	651050783	1675577	1676896
NC_015865	651050782	1673818	1675518
NC_015865	651050781	1673073	1673750
NC_015865	651050780	1671816	1672982
NC_015865	651049424	441303	442142
NC_015865	651049425	442175	443389
NC_015865	651049426	443451	443732
NC_015865	651049427	443764	444516
NC_015865	651049420	436743	436925
NC_015865	651049421	436972	437319
NC_015865	651049422	437480	439714
NC_015865	651049423	439878	441260
NC_015865	651051040	1893547	1894914
NC_015865	651049428	444666	445175
NC_015865	651049429	445117	445881
NC_015865	651049198	217884	219581
NC_015865	651049199	219574	220734
NC_015865	651049194	214925	215719
NC_015865	651049195	215929	216303
NC_015865	651049196	216347	217123
NC_015865	651049197	217135	217881
NC_015865	651049190	210639	211790
NC_015865	651049191	211852	213237
NC_015865	651049192	213407	214102
NC_015865	651049193	214107	214928
NC_015865	651050255	1184763	1186013
NC_015865	651050254	1183867	1184766
NC_015865	651050257	1190124	1191242
NC_015865	651050256	1186023	1190093
NC_015865	651050251	1179300	1180322
NC_015865	651050250	1177890	1179242
NC_015865	651050253	1182484	1183827
NC_015865	651050252	1180387	1182300
NC_015865	651050259	1191709	1193073
NC_015865	651050258	1191275	1191679
NC_015865	651049518	520376	522301
NC_015865	651049519	522361	523173
NC_015865	651049874	846214	846897
NC_015865	651051046	1899570	1900790
NC_015865	651049510	511900	512094
NC_015865	651049511	512072	514306
NC_015865	651049512	514303	515883
NC_015865	651049513	516028	516588
NC_015865	651049514	516681	516917
NC_015865	651049515	517019	518266
NC_015865	651049516	518326	519207
NC_015865	651049517	519302	520375
NC_015865	651050404	1334295	1335302
NC_015865	651050405	1335313	1336758
NC_015865	651050406	1336850	1337182
NC_015865	651049994	934724	935626
NC_015865	651049771	750345	750695
NC_015865	651049772	750701	751507
NC_015865	651050407	1337139	1338212
NC_015865	651049990	930654	931820
NC_015865	651049991	931985	933139
NC_015865	651049776	753155	753862
NC_015865	651049993	933943	934524
NC_015865	651049778	754834	755118
NC_015865	651049779	755119	755799
NC_015865	651049998	937404	937637
NC_015865	651049999	937634	940486
NC_015865	651050401	1330439	1331338
NC_015865	651049280	308359	309549
NC_015865	651049281	309552	310010
NC_015865	651049282	310007	310150
NC_015865	651049283	310193	310708
NC_015865	651049284	310809	311402
NC_015865	651049285	311432	311644
NC_015865	651049286	311628	312098
NC_015865	651049287	312082	313083
NC_015865	651049288	313132	313380
NC_015865	651049289	313411	313968
NC_015865	651050151	1059838	1061982
NC_015865	651049608	593665	595341
NC_015865	651049609	595351	596625
NC_015865	651049358	377672	378160
NC_015865	651049359	378278	382342
NC_015865	651049356	375815	377116
NC_015865	651049357	377113	377526
NC_015865	651049354	375022	375675
NC_015865	651049355	375672	375809
NC_015865	651049352	372470	373714
NC_015865	651049353	373711	374958
NC_015865	651049350	369200	371773
NC_015865	651049351	371962	372477
NC_015865	651051076	1926164	1926943
NC_015865	651051077	1927118	1927963
NC_015865	651051074	1925578	1925826
NC_015865	651051075	1925916	1926164
NC_015865	651051072	1923497	1923886
NC_015865	651051073	1923943	1925454
NC_015865	651051070	1922233	1922994
NC_015865	651051071	1922991	1923434
NC_015865	651051078	1927964	1929316
NC_015865	651051079	1929408	1929707
NC_015865	651050400	1329968	1330462
NC_015865	651049978	922501	923133
NC_015865	651049979	923139	923609
NC_015865	651049972	920609	920974
NC_015865	651049973	920985	921410
NC_015865	651049970	919315	919866
NC_015865	651049971	919878	920609
NC_015865	651049976	922011	922307
NC_015865	651049977	922314	922514
NC_015865	651049974	921416	921751
NC_015865	651049975	921748	922125
NC_015865	651050800	1693017	1693337
NC_015865	651050801	1693397	1694563
NC_015865	651050802	1694689	1695135
NC_015865	651050803	1695210	1695710
NC_015865	651050804	1695820	1696548
NC_015865	651050805	1696582	1697013
NC_015865	651050806	1697015	1697242
NC_015865	651050807	1697243	1698169
NC_015865	651050808	1698153	1698434
NC_015865	651050809	1698483	1699388
NC_015865	651050279	1209603	1209911
NC_015865	651050278	1208342	1209532
NC_015865	651050271	1202873	1203175
NC_015865	651050270	1202430	1202867
NC_015865	651050338	1267521	1270748
NC_015865	651050339	1270763	1271284
NC_015865	651050336	1266454	1267194
NC_015865	651050337	1267199	1267327
NC_015865	651050334	1263184	1265925
NC_015865	651050335	1265981	1266277
NC_015865	651050332	1261489	1261884
NC_015865	651050333	1261897	1263138
NC_015865	651050330	1259521	1260273
NC_015865	651050331	1260461	1261522
NC_015865	651050816	1704800	1705768
NC_015865	651050810	1699441	1700307
NC_015865	651050575	1490210	1490788
NC_015865	651051003	1861046	1861873
NC_015865	651050790	1684419	1685510
NC_015865	651050791	1685515	1686576
NC_015865	651050792	1686639	1687799
NC_015865	651050021	961441	962286
NC_015865	651050794	1689442	1691061
NC_015865	651050027	965494	965781
NC_015865	651050024	963763	964287
NC_015865	651050797	1691928	1692089
NC_015865	651050798	1692357	1692590
NC_015865	651050799	1692805	1693020
NC_015865	651050028	965805	966614
NC_015865	651050029	966616	967365
NC_015865	651049161	181827	182276
NC_015865	651049160	181156	181830
NC_015865	651049163	183039	183884
NC_015865	651049162	182273	183052
NC_015865	651049165	185599	186921
NC_015865	651049164	184140	185420
NC_015865	651049167	188529	188822
NC_015865	651049166	186932	188353
NC_015865	651049169	190132	192612
NC_015865	651049168	188955	190139
NC_015865	651050246	1172444	1173223
NC_015865	651050247	1173340	1174425
NC_015865	651050244	1171510	1172013
NC_015865	651050245	1172244	1172405
NC_015865	651050242	1167243	1170446
NC_015865	651050243	1170495	1171508
NC_015865	651050240	1164115	1165533
NC_015865	651050241	1165656	1166735
NC_015865	651050248	1174498	1174860
NC_015865	651050249	1174916	1177756
NC_015865	651049569	561681	562181
NC_015865	651051056	1909135	1909566
NC_015865	651049565	559907	560668
NC_015865	651049564	558426	559751
NC_015865	651049567	561039	561245
NC_015865	651049566	560708	561031
NC_015865	651049561	556613	557095
NC_015865	651049560	556164	556619
NC_015865	651049563	558078	558365
NC_015865	651049562	557082	558077
NC_015865	651049635	619757	620809
NC_015865	651049705	681377	681589
NC_015865	651049704	681051	681380
NC_015865	651049707	682755	683786
NC_015865	651049706	681734	682771
NC_015865	651049701	678150	678905
NC_015865	651049700	677497	678141
NC_015865	651049703	680321	681046
NC_015865	651049702	678961	680181
NC_015865	651049709	684747	685538
NC_015865	651049708	683792	684724
NC_015865	651049634	618864	619607
NC_015865	651050413	1344351	1344689
NC_015865	651049363	386856	387857
NC_015865	651049362	384409	386751
NC_015865	651049361	383341	384360
NC_015865	651049360	382410	383291
NC_015865	651049367	390361	391014
NC_015865	651049366	389263	390279
NC_015865	651049365	388364	389257
NC_015865	651049364	387859	388353
NC_015865	651049369	392020	393147
NC_015865	651049368	391103	391831
NC_015865	651049019	45777	45917
NC_015865	651049018	42321	45101
NC_015865	651049011	33491	35083
NC_015865	651049010	31529	33472
NC_015865	651049013	37254	37868
NC_015865	651049012	35083	37158
NC_015865	651049015	38501	40348
NC_015865	651049014	37865	38464
NC_015865	651049017	41184	42314
NC_015865	651049016	40350	40865
NC_015865	651049389	408063	409343
NC_015865	651049388	407399	408058
NC_015865	651051049	1903238	1903975
NC_015865	651051048	1902498	1903241
NC_015865	651049381	401209	401520
NC_015865	651049380	400993	401169
NC_015865	651049383	402404	404257
NC_015865	651049382	401591	402172
NC_015865	651049385	404724	405896
NC_015865	651049384	404444	404632
NC_015865	651049387	406470	407402
NC_015865	651049386	405886	406473
NC_015865	651049888	861751	862161
NC_015865	651050411	1341735	1342247
NC_015865	651049631	616413	616931
NC_015865	651049872	845188	845856
NC_015865	651049870	842809	843645
NC_015865	651049877	848673	850628
NC_015865	651049304	330662	330781
NC_015865	651049659	642001	642735
NC_015865	651049949	907530	908072
NC_015865	651049948	907111	907533
NC_015865	651049947	906298	907080
NC_015865	651049945	905775	906140
NC_015865	651049944	905340	905768
NC_015865	651049943	904921	905328
NC_015865	651049942	904685	904882
NC_015865	651049940	904365	904538
NC_015865	651049657	639628	640035
NC_015865	651049656	638932	639522
NC_015865	651049879	851360	852523
NC_015865	651049878	850630	851241
NC_015865	651050044	975617	976663
NC_015865	651050045	976590	977135
NC_015865	651050047	977700	978116
NC_015865	651050040	973644	973982
NC_015865	651050041	974046	974729
NC_015865	651050734	1630613	1631485
NC_015865	651050043	975238	975561
NC_015865	651050875	1756878	1759058
NC_015865	651050874	1756242	1756805
NC_015865	651050877	1759647	1760456
NC_015865	651050876	1759104	1759661
NC_015865	651050871	1753095	1754273
NC_015865	651050870	1752081	1753082
NC_015865	651050873	1755256	1756236
NC_015865	651050872	1754266	1755246
NC_015865	651050879	1760953	1762242
NC_015865	651050878	1760528	1760941
NC_015865	651049880	852528	852890
NC_015865	651050909	1784005	1784766
NC_015865	651050908	1781281	1783521
NC_015865	651050901	1773986	1774588
NC_015865	651050900	1773334	1773981
NC_015865	651050903	1774946	1775422
NC_015865	651050902	1774678	1774968
NC_015865	651050905	1778029	1779177
NC_015865	651050904	1775419	1777914
NC_015865	651050907	1780604	1781278
NC_015865	651050906	1779220	1780518
NC_015865	651050303	1234232	1235509
NC_015865	651050302	1233193	1234239
NC_015865	651050301	1232176	1233078
NC_015865	651050300	1231427	1232128
NC_015865	651050307	1238413	1239066
NC_015865	651050654	1555772	1557058
NC_015865	651050305	1236285	1237115
NC_015865	651050656	1557549	1558655
NC_015865	651050659	1562609	1563058
NC_015865	651050658	1560754	1561305
NC_015865	651050309	1240491	1242248
NC_015865	651050308	1239094	1240485
NC_015865	651050017	957716	959284
NC_015865	651050016	957156	957587
NC_015865	651050015	953143	957093
NC_015865	651050014	952649	953143
NC_015865	651050013	952030	952542
NC_015865	651050012	951080	951925
NC_015865	651050011	950509	951099
NC_015865	651050010	949389	950417
NC_015865	651050019	959677	960144
NC_015865	651050018	959303	959674
NC_015865	651050493	1422078	1423070
NC_015865	651050492	1420581	1421918
NC_015865	651050491	1419891	1420490
NC_015865	651050490	1419610	1419894
NC_015865	651050497	1425831	1426316
NC_015865	651050496	1424564	1425769
NC_015865	651050495	1424027	1424557
NC_015865	651050494	1423136	1423981
NC_015865	651050499	1427050	1427229
NC_015865	651050498	1426386	1427057
NC_015865	651049777	753907	754674
NC_015865	651049172	194179	194991
NC_015865	651049173	195053	196267
NC_015865	651049170	192623	193312
NC_015865	651049171	193364	194086
NC_015865	651049176	197232	198512
NC_015865	651049177	198557	199423
NC_015865	651049174	196322	196702
NC_015865	651049175	196707	197120
NC_015865	651050273	1204172	1205176
NC_015865	651050272	1203201	1204184
NC_015865	651049178	199617	200312
NC_015865	651049179	200342	200806
NC_015865	651050277	1207395	1208198
NC_015865	651050276	1206418	1207398
NC_015865	651050275	1205588	1206406
NC_015865	651050274	1205338	1205583
NC_015865	651050479	1408378	1408866
NC_015865	651050478	1407390	1408307
NC_015865	651050471	1402874	1403395
NC_015865	651050470	1400507	1402774
NC_015865	651050473	1404007	1404273
NC_015865	651050472	1403435	1403950
NC_015865	651050475	1404966	1405829
NC_015865	651050474	1404275	1404973
NC_015865	651050477	1406455	1407387
NC_015865	651050476	1405923	1406351
NC_015865	651049578	566123	566509
NC_015865	651049579	566506	567489
NC_015865	651049576	565456	565776
NC_015865	651049577	565810	566130
NC_015865	651049574	564232	565017
NC_015865	651049575	565076	565426
NC_015865	651049572	563277	563909
NC_015865	651049573	563906	564130
NC_015865	651049570	562781	563041
NC_015865	651049571	563075	563224
NC_015865	651049716	693620	695926
NC_015865	651049717	695898	697001
NC_015865	651049714	691934	692632
NC_015865	651049715	692899	693660
NC_015865	651049712	690239	690472
NC_015865	651049713	690475	691779
NC_015865	651049710	685882	689562
NC_015865	651049711	689615	690145
NC_015865	651049718	696985	697335
NC_015865	651049719	697328	698284
NC_015865	651049374	395650	396042
NC_015865	651049376	396472	398214
NC_015865	651049377	398256	399164
NC_015865	651049370	393831	394673
NC_015865	651049371	394724	394867
NC_015865	651049372	395008	395292
NC_015865	651049373	395375	395659
NC_015865	651049378	399256	400338
NC_015865	651049379	400404	400985
NC_015865	651049641	626576	627841
NC_015865	651049008	28180	29481
NC_015865	651049009	29997	31193
NC_015865	651049002	16798	17475
NC_015865	651049003	17479	20247
NC_015865	651049000	14286	14852
NC_015865	651049001	14902	16776
NC_015865	651049006	24426	27437
NC_015865	651049007	27434	28180
NC_015865	651049004	20257	22224
NC_015865	651049005	22314	24365
NC_015865	651051054	1907364	1907501
NC_015865	651049398	417432	418079
NC_015865	651049399	418092	418412
NC_015865	651051058	1910570	1910974
NC_015865	651051059	1911158	1911583
NC_015865	651049393	412567	413115
NC_015865	651049392	411465	412595
NC_015865	651051055	1908357	1909013
NC_015865	651049390	409438	410190
NC_015865	651049391	410195	411490
NC_015865	651049396	414666	415730
NC_015865	651049397	415913	417343
NC_015865	651049394	413232	413984
NC_015865	651051053	1906409	1906969
NC_015865	651051057	1909614	1910573
NC_015865	651051050	1904059	1905867
NC_015865	651050515	1435570	1436073
NC_015865	651051051	1905914	1906147
NC_015865	651049898	868459	869025
NC_015865	651051052	1906140	1906364
NC_015865	651049395	414030	414632
NC_015865	651049643	628768	629637
NC_015865	651051114	1958401	1959168
NC_015865	651049491	498887	499258
NC_015865	651049644	629880	630671
NC_015865	651049950	908083	908532
NC_015865	651049952	908644	909231
NC_015865	651049953	909254	909949
NC_015865	651049954	909955	910959
NC_015865	651049955	911220	911471
NC_015865	651049956	911485	912066
NC_015865	651049957	912086	912358
NC_015865	651049958	912401	912928
NC_015865	651049959	912921	913511
NC_015865	651049490	498468	498851
NC_015865	651049645	630673	631641
NC_015865	651050037	971132	971380
NC_015865	651050036	970754	971041
NC_015865	651051118	1961708	1962454
NC_015865	651050039	971749	973647
NC_015865	651049646	631731	632048
NC_015865	651050038	971386	971664
NC_015865	651049647	632029	632847
NC_015865	651051083	1931394	1931900
NC_015865	651050866	1748297	1748935
NC_015865	651050867	1748993	1749340
NC_015865	651050864	1747344	1747568
NC_015865	651050865	1747555	1748316
NC_015865	651050862	1744857	1746296
NC_015865	651050863	1746296	1747177
NC_015865	651050860	1743127	1743468
NC_015865	651050861	1743861	1744802
NC_015865	651049443	456085	456306
NC_015865	651050868	1749341	1749586
NC_015865	651050869	1750056	1752002
NC_015865	651050918	1790529	1791863
NC_015865	651050919	1791961	1792542
NC_015865	651050912	1786591	1787100
NC_015865	651050913	1787179	1788027
NC_015865	651050910	1784777	1786240
NC_015865	651050911	1786230	1786586
NC_015865	651050916	1789398	1789892
NC_015865	651050917	1789934	1790137
NC_015865	651050914	1788150	1788470
NC_015865	651050915	1788477	1789388
NC_015865	651050642	1546805	1547767
NC_015865	651050643	1547723	1549033
NC_015865	651050640	1545664	1545981
NC_015865	651050641	1546024	1546581
NC_015865	651050310	1242255	1242563
NC_015865	651050647	1550157	1551185
NC_015865	651050644	1549144	1549503
NC_015865	651050645	1549543	1549878
NC_015865	651050648	1551161	1551697
NC_015865	651050649	1551751	1552665
NC_015865	651050318	1249477	1250391
NC_015865	651050319	1250725	1251150
NC_015865	651051032	1885303	1885830
NC_015865	651050008	948217	948534
NC_015865	651050009	948544	949392
NC_015865	651050000	940488	942290
NC_015865	651050001	942283	942747
NC_015865	651050002	942914	943918
NC_015865	651050003	943915	944790
NC_015865	651050004	944787	945527
NC_015865	651050005	945524	946771
NC_015865	651050006	946883	947572
NC_015865	651050007	947547	948212
NC_015865	651049828	797699	798013
NC_015865	651050484	1414693	1415175
NC_015865	651050485	1415147	1415767
NC_015865	651050486	1415804	1417096
NC_015865	651050487	1417212	1418429
NC_015865	651050480	1408918	1409472
NC_015865	651050481	1409528	1409980
NC_015865	651050482	1410059	1410895
NC_015865	651050483	1411197	1414568
NC_015865	651050488	1418460	1418768
NC_015865	651050489	1418939	1419613
NC_015865	651049495	500723	501442
NC_015865	651049146	169755	170087
NC_015865	651049497	502717	503319
NC_015865	651049144	168833	169582
NC_015865	651050268	1200366	1201370
NC_015865	651050269	1201372	1202376
NC_015865	651049141	165417	166067
NC_015865	651049492	499340	499717
NC_015865	651050264	1196713	1197981
NC_015865	651050265	1198069	1199346
NC_015865	651050266	1199377	1200120
NC_015865	651050267	1200124	1200357
NC_015865	651049499	503585	505012
NC_015865	651050261	1193322	1194137
NC_015865	651050262	1194435	1196309
NC_015865	651050263	1196364	1196699
NC_015865	651050468	1397170	1398075
NC_015865	651050469	1398126	1400510
NC_015865	651050462	1391678	1392460
NC_015865	651050463	1392444	1393280
NC_015865	651050460	1389286	1390602
NC_015865	651050461	1390710	1391687
NC_015865	651050466	1395447	1396598
NC_015865	651050467	1396608	1397126
NC_015865	651050464	1393277	1394365
NC_015865	651050465	1394386	1395444
NC_015865	651049543	542164	542754
NC_015865	651049542	541312	542049
NC_015865	651049541	540122	541306
NC_015865	651049540	539512	540111
NC_015865	651049547	546275	546736
NC_015865	651049546	544814	546157
NC_015865	651049545	543436	544737
NC_015865	651049544	542818	543393
NC_015865	651049549	547820	549160
NC_015865	651049548	546733	547809
NC_015865	651050834	1724159	1725538
NC_015865	651051021	1877569	1878255
NC_015865	651049890	862682	863128
NC_015865	651051023	1878572	1879177
NC_015865	651049892	864243	865592
NC_015865	651049895	866985	867215
NC_015865	651051024	1879277	1879693
NC_015865	651051027	1880866	1881144
NC_015865	651051026	1880510	1880848
NC_015865	651049039	62156	63568
NC_015865	651049038	59496	62159
NC_015865	651049037	58259	59509
NC_015865	651049036	58003	58281
NC_015865	651049035	57781	57951
NC_015865	651049034	57448	57675
NC_015865	651049033	57048	57461
NC_015865	651049032	56047	57051
NC_015865	651049031	54726	55985
NC_015865	651049030	52911	54704
NC_015865	651049811	781404	781886
NC_015865	651049810	780760	781407
NC_015865	651049813	783329	783757
NC_015865	651049812	781951	783318
NC_015865	651049815	785230	786591
NC_015865	651049814	783757	785160
NC_015865	651049817	787299	787907
NC_015865	651049816	786663	787232
NC_015865	651049819	788157	788333
NC_015865	651049818	787928	788107
NC_015865	651049729	706527	707717
NC_015865	651049728	706327	706530
NC_015865	651049723	700493	701158
NC_015865	651049722	699503	700483
NC_015865	651049721	698981	699493
NC_015865	651049720	698285	698956
NC_015865	651049727	705633	706343
NC_015865	651049726	704816	705496
NC_015865	651049725	703721	704653
NC_015865	651049724	701151	701408
NC_015865	651049925	896280	897143
NC_015865	651049451	462176	463891
NC_015865	651049927	897592	898938
NC_015865	651049926	897201	897311
NC_015865	651049921	892299	893636
NC_015865	651049923	894604	895905
NC_015865	651049922	893760	894563
NC_015865	651049929	899179	899679
NC_015865	651049928	898935	899174
NC_015865	651049100	130181	131134
NC_015865	651049455	467853	468029
NC_015865	651049106	140602	141597
NC_015865	651049105	138523	138714
NC_015865	651049104	136678	137403
NC_015865	651049770	749092	750348
NC_015865	651049995	935696	936871
NC_015865	651049996	936918	937124
NC_015865	651049997	937128	937400
NC_015865	651049774	752260	752892
NC_015865	651049775	752955	753158
NC_015865	651049658	640131	642011
NC_015865	651050858	1741875	1742480
NC_015865	651049992	933169	933942
NC_015865	651050853	1740472	1740873
NC_015865	651050852	1740189	1740479
NC_015865	651050851	1738690	1740192
NC_015865	651050850	1738300	1738707
NC_015865	651050857	1741627	1741878
NC_015865	651050856	1741320	1741634
NC_015865	651050855	1741109	1741339
NC_015865	651050854	1740870	1741112
NC_015865	651049855	819844	820980
NC_015865	651049854	818887	819786
NC_015865	651049856	820985	822430
NC_015865	651049675	655292	656392
NC_015865	651049674	654114	655289
NC_015865	651049853	817691	818890
NC_015865	651049852	817401	817694
NC_015865	651050929	1800708	1801715
NC_015865	651050928	1799474	1800616
NC_015865	651050927	1798545	1799495
NC_015865	651050926	1796978	1798456
NC_015865	651050925	1795113	1796975
NC_015865	651050924	1794215	1795126
NC_015865	651050923	1793802	1794218
NC_015865	651050922	1793565	1793708
NC_015865	651050921	1793268	1793471
NC_015865	651050920	1792624	1793220
NC_015865	651050677	1581392	1581532
NC_015865	651050676	1581114	1581296
NC_015865	651050675	1579149	1579676
NC_015865	651050674	1579018	1579143
NC_015865	651050673	1578102	1578887
NC_015865	651050672	1574766	1577987
NC_015865	651050671	1573781	1574773
NC_015865	651050670	1572810	1573784
NC_015865	651050679	1582625	1583074
NC_015865	651050678	1581673	1582383
NC_015865	651050075	1004401	1005738
NC_015865	651050074	1003583	1004278
NC_015865	651050076	1005786	1006223
NC_015865	651050071	999910	1000914
NC_015865	651050070	998291	999916
NC_015865	651050073	1002354	1003313
NC_015865	651050072	1001080	1002357
NC_015865	651050347	1275590	1275988
NC_015865	651050346	1275270	1275509
NC_015865	651050345	1274407	1274922
NC_015865	651050344	1273679	1274410
NC_015865	651050343	1273351	1273602
NC_015865	651050342	1272395	1272916
NC_015865	651049486	493348	494682
NC_015865	651049487	494679	495419
NC_015865	651049484	492427	492858
NC_015865	651050292	1222780	1223787
NC_015865	651050295	1226249	1227304
NC_015865	651050294	1224768	1226237
NC_015865	651050297	1228197	1229810
NC_015865	651050296	1227485	1228057
NC_015865	651050299	1230217	1231449
NC_015865	651050298	1230063	1230215
NC_015865	651050692	1591633	1592001
NC_015865	651049488	495547	497451
NC_015865	651049489	497569	498372
NC_015865	651050101	1023755	1025089
NC_015865	651050100	1022655	1023758
NC_015865	651050103	1026161	1026772
NC_015865	651050102	1025150	1026100
NC_015865	651050105	1027974	1028555
NC_015865	651050104	1026775	1027803
NC_015865	651050107	1029437	1029775
NC_015865	651050458	1387512	1388015
NC_015865	651050457	1386799	1387479
NC_015865	651050108	1029778	1030482
NC_015865	651050455	1385238	1385924
NC_015865	651050454	1380803	1385188
NC_015865	651050453	1380643	1380810
NC_015865	651050452	1379562	1380650
NC_015865	651050451	1377412	1379559
NC_015865	651050450	1376165	1377412
NC_015865	651049554	552607	553335
NC_015865	651049555	553403	553984
NC_015865	651049556	554106	554570
NC_015865	651049557	554672	554923
NC_015865	651049550	549272	549751
NC_015865	651049551	549755	551122
NC_015865	651049552	551296	551682
NC_015865	651049553	551754	552566
NC_015865	651049558	554937	555404
NC_015865	651049559	555690	556151
NC_015865	651050589	1500551	1500952
NC_015865	651050588	1500270	1500575
NC_015865	651050317	1247957	1249480
NC_015865	651050585	1497357	1497455
NC_015865	651050584	1496747	1497334
NC_015865	651050587	1499371	1500273
NC_015865	651050586	1497778	1499301
NC_015865	651050581	1494111	1494413
NC_015865	651050580	1492608	1494074
NC_015865	651050583	1496387	1496737
NC_015865	651050582	1494424	1496199
NC_015865	651049604	590263	590952
NC_015865	651049605	591255	591749
NC_015865	651049606	591737	593056
NC_015865	651049607	593074	593544
NC_015865	651049600	586689	587348
NC_015865	651049601	587452	588831
NC_015865	651049158	179041	179502
NC_015865	651049159	179514	181145
NC_015865	651050311	1242560	1243660
NC_015865	651049602	588906	589316
NC_015865	651049150	172602	173093
NC_015865	651049151	173182	174471
NC_015865	651049152	174601	175797
NC_015865	651049153	175951	176703
NC_015865	651049154	176703	177113
NC_015865	651049155	177167	177895
NC_015865	651049156	177852	178433
NC_015865	651049157	178481	179044
NC_015865	651049020	46153	48048
NC_015865	651049021	48096	48956
NC_015865	651049022	49002	49616
NC_015865	651049023	49693	50160
NC_015865	651049024	50160	50339
NC_015865	651049025	50473	50844
NC_015865	651049026	50920	51132
NC_015865	651049027	51138	51344
NC_015865	651049028	51440	51964
NC_015865	651049029	51966	52817
NC_015865	651049802	776010	777209
NC_015865	651049803	777396	777641
NC_015865	651049801	775792	775995
NC_015865	651049806	778643	778840
NC_015865	651049807	778942	779769
NC_015865	651049804	777638	778231
NC_015865	651049805	778355	778639
NC_015865	651049808	779769	779948
NC_015865	651049809	779950	780750
NC_015865	651050313	1244320	1244808
NC_015865	651049738	716741	717559
NC_015865	651049739	717681	718802
NC_015865	651049734	711427	712635
NC_015865	651049735	712697	715012
NC_015865	651049736	715014	715472
NC_015865	651049737	715484	716449
NC_015865	651049730	707718	709877
NC_015865	651049733	710767	711366
NC_015865	651049936	902369	902527
NC_015865	651049934	901527	901826
NC_015865	651049935	901934	902263
NC_015865	651049932	900768	901217
NC_015865	651049930	899734	900450
NC_015865	651049931	900456	900782
NC_015865	651049938	902714	903319
NC_015865	651049939	903333	904358
NC_015865	651049603	589390	590256
NC_015865	651048997	10729	11691
NC_015865	651048996	10277	10696
NC_015865	651048995	9034	10290
NC_015865	651048994	7011	8987
NC_015865	651048993	5296	7014
NC_015865	651048992	3657	5285
NC_015865	651048991	2960	3655
NC_015865	651048990	2508	2954
NC_015865	651048999	13142	14284
NC_015865	651048998	11849	13138
NC_015865	651050440	1366969	1367643
NC_015865	651050848	1736436	1736909
NC_015865	651050849	1737076	1738224
NC_015865	651050441	1367615	1368295
NC_015865	651050844	1733716	1734525
NC_015865	651050845	1734617	1734946
NC_015865	651050846	1734959	1735825
NC_015865	651050847	1735924	1736430
NC_015865	651050840	1730296	1730952
NC_015865	651050841	1730949	1731662
NC_015865	651050842	1731672	1732826
NC_015865	651050843	1732823	1733719
NC_015865	651050111	1031315	1032055
NC_015865	651050116	1034622	1035416
NC_015865	651050117	1035772	1035885
NC_015865	651050114	1033224	1034018
NC_015865	651050115	1034002	1034361
NC_015865	651050930	1801712	1802725
NC_015865	651050931	1802845	1804134
NC_015865	651050932	1804148	1804999
NC_015865	651050933	1804996	1805829
NC_015865	651050934	1805839	1806942
NC_015865	651050935	1806952	1807968
NC_015865	651050936	1807989	1809311
NC_015865	651050937	1809314	1810114
NC_015865	651050938	1810153	1810809
NC_015865	651050939	1810763	1811893
NC_015865	651050068	996321	997166
NC_015865	651050069	997163	998206
NC_015865	651050066	994107	995240
NC_015865	651050067	995218	996279
NC_015865	651050064	993100	993717
NC_015865	651050065	993812	994114
NC_015865	651050062	991090	991644
NC_015865	651050063	991748	993103
NC_015865	651050060	988398	988622
NC_015865	651050061	988680	991007
NC_015865	651050442	1368286	1369197
NC_015865	651050668	1570697	1571563
NC_015865	651050669	1571560	1572813
NC_015865	651050660	1563055	1563309
NC_015865	651050661	1563306	1563815
NC_015865	651050662	1563910	1565271
NC_015865	651050663	1565355	1565840
NC_015865	651050664	1565886	1567175
NC_015865	651050665	1567240	1567902
NC_015865	651050666	1567948	1570116
NC_015865	651050667	1570113	1570691
NC_015865	651050282	1212272	1213021
NC_015865	651050283	1213262	1214482
NC_015865	651050280	1209927	1211057
NC_015865	651050281	1211039	1212205
NC_015865	651050286	1218414	1218689
NC_015865	651050287	1218696	1219145
NC_015865	651050284	1214475	1215515
NC_015865	651050285	1215512	1216360
NC_015865	651050288	1219324	1220649
NC_015865	651050289	1220646	1221503
NC_015865	651050112	1032052	1032444
NC_015865	651050113	1032428	1033129
NC_015865	651050110	1030837	1031337
NC_015865	651050443	1369531	1370259
NC_015865	651050444	1370269	1370649
NC_015865	651050445	1370646	1371317
NC_015865	651050446	1371434	1372498
NC_015865	651050447	1372686	1373702
NC_015865	651050448	1374411	1375034
NC_015865	651050449	1375274	1375885
NC_015865	651050118	1035921	1036571
NC_015865	651050119	1036656	1037000
NC_015865	651050598	1507879	1509006
NC_015865	651050599	1509172	1511130
NC_015865	651050596	1506597	1507022
NC_015865	651050597	1507519	1507755
NC_015865	651050594	1504951	1505166
NC_015865	651050595	1505275	1506528
NC_015865	651050592	1503552	1504112
NC_015865	651050593	1504068	1504901
NC_015865	651050590	1501037	1502716
NC_015865	651050591	1502737	1503444
