NC_016051	2511504836	990392	990616
NC_016051	2511504660	827389	828039
NC_016051	2511504661	828054	828533
NC_016051	2511504662	828538	829896
NC_016051	2511504663	829927	830427
NC_016051	2511504664	830427	830900
NC_016051	2511504665	830930	831628
NC_016051	2511504666	831630	833267
NC_016051	2511504667	833278	835008
NC_016051	2511504668	835053	835712
NC_016051	2511504669	835841	836863
NC_016051	2511504462	641964	642314
NC_016051	2511504463	642358	643308
NC_016051	2511504460	639492	640070
NC_016051	2511504461	640463	641917
NC_016051	2511504466	645677	646999
NC_016051	2511504467	647010	648428
NC_016051	2511504464	643422	643610
NC_016051	2511504465	643666	645528
NC_016051	2511504468	648705	648998
NC_016051	2511504469	649038	649718
NC_016051	2511505821	1899611	1900675
NC_016051	2511505820	1898243	1899511
NC_016051	2511505823	1901570	1902025
NC_016051	2511505822	1900741	1901466
NC_016051	2511505825	1905704	1906495
NC_016051	2511505824	1902285	1905599
NC_016051	2511505827	1906961	1907335
NC_016051	2511505826	1906555	1906935
NC_016051	2511505829	1907861	1909189
NC_016051	2511505828	1907386	1907811
NC_016051	2511505799	1881967	1883112
NC_016051	2511505798	1881110	1881994
NC_016051	2511505793	1877743	1879008
NC_016051	2511505792	1876015	1877733
NC_016051	2511505791	1875461	1875931
NC_016051	2511505790	1874601	1875458
NC_016051	2511505797	1880760	1881041
NC_016051	2511505796	1880374	1880763
NC_016051	2511505795	1879389	1880348
NC_016051	2511505794	1879105	1879347
NC_016051	2511504848	1003491	1004366
NC_016051	2511504849	1004398	1004772
NC_016051	2511504840	995063	995647
NC_016051	2511504841	995754	998270
NC_016051	2511504842	998336	999094
NC_016051	2511504843	999211	1000383
NC_016051	2511504844	1000385	1001218
NC_016051	2511504845	1001282	1002052
NC_016051	2511504846	1002106	1002297
NC_016051	2511504847	1002309	1003382
NC_016051	2511504688	853406	854479
NC_016051	2511504689	854481	854768
NC_016051	2511504682	846856	848280
NC_016051	2511504683	849653	850993
NC_016051	2511504680	845931	846212
NC_016051	2511504681	846209	846598
NC_016051	2511504686	852297	852824
NC_016051	2511504687	852814	853350
NC_016051	2511504684	851190	851465
NC_016051	2511504685	851571	852260
NC_016051	2511505649	1729404	1729865
NC_016051	2511505648	1728342	1729361
NC_016051	2511505641	1722550	1723842
NC_016051	2511505640	1721683	1722534
NC_016051	2511505643	1724942	1725589
NC_016051	2511505642	1724023	1724937
NC_016051	2511505645	1726526	1727080
NC_016051	2511505644	1725592	1726521
NC_016051	2511505647	1727830	1728354
NC_016051	2511505646	1727128	1727829
NC_016051	2511505391	1483454	1483876
NC_016051	2511504068	296164	296328
NC_016051	2511504069	296401	296739
NC_016051	2511504066	294152	294781
NC_016051	2511504067	294928	296148
NC_016051	2511504064	292910	293332
NC_016051	2511504065	293342	294055
NC_016051	2511504062	290880	291212
NC_016051	2511504063	291209	292906
NC_016051	2511504060	288814	289980
NC_016051	2511504061	290087	290557
NC_016051	2511505258	1373602	1374237
NC_016051	2511505259	1374335	1375516
NC_016051	2511505256	1371552	1372961
NC_016051	2511505257	1372927	1373592
NC_016051	2511505254	1369108	1369863
NC_016051	2511505255	1369829	1371244
NC_016051	2511505252	1367013	1368023
NC_016051	2511505253	1368062	1368988
NC_016051	2511505250	1366348	1366683
NC_016051	2511505251	1366670	1366951
NC_016051	2511505498	1583660	1584145
NC_016051	2511505499	1584157	1584507
NC_016051	2511505490	1576691	1577359
NC_016051	2511505491	1577349	1577636
NC_016051	2511505492	1577637	1578215
NC_016051	2511505493	1578289	1579626
NC_016051	2511505494	1579761	1580732
NC_016051	2511505495	1580811	1581803
NC_016051	2511505496	1581871	1582404
NC_016051	2511505497	1582408	1583598
NC_016051	2511506021	2072755	2074047
NC_016051	2511505987	2041085	2041900
NC_016051	2511503896	125219	125479
NC_016051	2511503897	125612	125815
NC_016051	2511503894	124339	125049
NC_016051	2511503895	125046	125195
NC_016051	2511503892	121817	122863
NC_016051	2511503893	122900	124255
NC_016051	2511503890	119935	120693
NC_016051	2511503891	120677	121705
NC_016051	2511503898	125779	126312
NC_016051	2511503899	126443	126676
NC_016051	2511504206	419481	420071
NC_016051	2511504207	420148	421296
NC_016051	2511504204	418103	418900
NC_016051	2511504205	419026	419478
NC_016051	2511504202	417541	417942
NC_016051	2511504200	415554	416105
NC_016051	2511504201	416141	417469
NC_016051	2511504208	421326	421559
NC_016051	2511504209	421606	421842
NC_016051	2511503940	160407	160970
NC_016051	2511503941	161018	162055
NC_016051	2511505074	1204096	1204554
NC_016051	2511503943	162781	163041
NC_016051	2511505072	1203051	1203770
NC_016051	2511503945	164490	164945
NC_016051	2511503946	165029	165445
NC_016051	2511505071	1202486	1202992
NC_016051	2511503948	166291	166863
NC_016051	2511503949	166967	167302
NC_016051	2511505078	1207489	1208745
NC_016051	2511505079	1208742	1209206
NC_016051	2511504518	687885	688457
NC_016051	2511504519	688457	689449
NC_016051	2511504512	684032	684673
NC_016051	2511504513	684737	685117
NC_016051	2511504510	680653	681435
NC_016051	2511504511	681678	683993
NC_016051	2511504516	686810	687136
NC_016051	2511504517	687631	687876
NC_016051	2511504514	685167	686303
NC_016051	2511504515	686336	686602
NC_016051	2511505108	1235169	1235993
NC_016051	2511505109	1236014	1236130
NC_016051	2511505102	1227932	1228969
NC_016051	2511505103	1228992	1230023
NC_016051	2511505100	1225850	1226512
NC_016051	2511505101	1226544	1227620
NC_016051	2511505106	1233932	1234357
NC_016051	2511505107	1234374	1235162
NC_016051	2511505104	1230269	1233166
NC_016051	2511505105	1233169	1233960
NC_016051	2511504677	842284	843195
NC_016051	2511504676	841666	842280
NC_016051	2511504675	841502	841669
NC_016051	2511504674	841413	841532
NC_016051	2511504673	841291	841413
NC_016051	2511504672	839200	841044
NC_016051	2511504671	837868	839193
NC_016051	2511504670	836860	837807
NC_016051	2511504679	844323	845753
NC_016051	2511504678	843277	844212
NC_016051	2511504471	650357	650716
NC_016051	2511504470	649849	650364
NC_016051	2511504473	651149	652411
NC_016051	2511504472	650727	651095
NC_016051	2511504475	653119	653361
NC_016051	2511504474	652473	653126
NC_016051	2511504477	653771	653884
NC_016051	2511504476	653655	653774
NC_016051	2511504479	655173	655583
NC_016051	2511504478	653890	655176
NC_016051	2511505814	1894230	1894619
NC_016051	2511505815	1894616	1894768
NC_016051	2511505816	1894817	1895221
NC_016051	2511505817	1895224	1896384
NC_016051	2511505810	1892616	1892786
NC_016051	2511505811	1892827	1893360
NC_016051	2511505812	1893428	1893925
NC_016051	2511505813	1893943	1894233
NC_016051	2511505818	1896395	1897447
NC_016051	2511505819	1897557	1898237
NC_016051	2511503827	63204	64124
NC_016051	2511504859	1013814	1014674
NC_016051	2511504858	1012531	1013817
NC_016051	2511504857	1012345	1012527
NC_016051	2511504856	1011726	1012352
NC_016051	2511504855	1009930	1011501
NC_016051	2511504854	1007952	1009844
NC_016051	2511504853	1006977	1007738
NC_016051	2511505337	1439035	1439898
NC_016051	2511504851	1005188	1006192
NC_016051	2511504850	1004769	1005185
NC_016051	2511504699	864026	864238
NC_016051	2511504698	862431	863924
NC_016051	2511505336	1438468	1439025
NC_016051	2511504691	855299	856762
NC_016051	2511504690	854830	855327
NC_016051	2511504693	857812	858783
NC_016051	2511504692	856734	857819
NC_016051	2511504695	859217	860494
NC_016051	2511504694	858998	859177
NC_016051	2511504697	861273	862409
NC_016051	2511504696	860481	861137
NC_016051	2511505390	1482446	1483417
NC_016051	2511505333	1435646	1436245
NC_016051	2511503820	56568	57146
NC_016051	2511505678	1758809	1760005
NC_016051	2511505679	1760083	1761159
NC_016051	2511505674	1756530	1756805
NC_016051	2511505675	1756876	1757190
NC_016051	2511505676	1757187	1757774
NC_016051	2511505677	1757863	1758738
NC_016051	2511505670	1752393	1753649
NC_016051	2511505671	1753644	1754672
NC_016051	2511505672	1754665	1755849
NC_016051	2511505673	1755950	1756546
NC_016051	2511504079	304090	304842
NC_016051	2511504078	302220	304100
NC_016051	2511504075	299721	300308
NC_016051	2511504074	299085	299720
NC_016051	2511504077	301041	302135
NC_016051	2511504076	300397	301038
NC_016051	2511504071	297302	297688
NC_016051	2511504070	296736	297305
NC_016051	2511504073	298799	299095
NC_016051	2511504072	297695	298729
NC_016051	2511505249	1364842	1366338
NC_016051	2511505248	1362224	1364836
NC_016051	2511505245	1358772	1359959
NC_016051	2511505244	1358281	1358694
NC_016051	2511505247	1360507	1362114
NC_016051	2511505246	1360015	1360473
NC_016051	2511505241	1355539	1356045
NC_016051	2511505240	1355039	1355539
NC_016051	2511505243	1357267	1357782
NC_016051	2511505242	1356826	1357263
NC_016051	2511505489	1576325	1576642
NC_016051	2511505488	1575541	1576236
NC_016051	2511505487	1574873	1575562
NC_016051	2511505486	1574157	1574582
NC_016051	2511505485	1573114	1574061
NC_016051	2511505484	1572203	1573117
NC_016051	2511505483	1571658	1572146
NC_016051	2511505482	1571063	1571617
NC_016051	2511505481	1570552	1571004
NC_016051	2511505480	1570233	1570412
NC_016051	2511503885	116058	117980
NC_016051	2511503884	115001	115999
NC_016051	2511503887	118546	118833
NC_016051	2511503886	118025	118453
NC_016051	2511503881	113109	113780
NC_016051	2511503880	112760	113122
NC_016051	2511503883	114238	114996
NC_016051	2511503882	113777	114241
NC_016051	2511503889	119480	119938
NC_016051	2511503888	118818	119483
NC_016051	2511504215	427961	429343
NC_016051	2511504214	427335	427964
NC_016051	2511504217	430252	430890
NC_016051	2511504216	429211	430146
NC_016051	2511504211	422713	424482
NC_016051	2511504210	422112	422237
NC_016051	2511504213	425494	427236
NC_016051	2511504212	424523	425497
NC_016051	2511504219	431810	431968
NC_016051	2511504218	430932	431738
NC_016051	2511505065	1196797	1198134
NC_016051	2511503956	174278	176416
NC_016051	2511503955	173219	174220
NC_016051	2511503954	172046	173206
NC_016051	2511503953	171073	172053
NC_016051	2511503952	170088	171062
NC_016051	2511503951	169542	170093
NC_016051	2511503950	167295	169457
NC_016051	2511505069	1200879	1202225
NC_016051	2511505068	1200516	1200725
NC_016051	2511503959	177283	177921
NC_016051	2511503958	176897	177226
NC_016051	2511504509	680186	680650
NC_016051	2511504508	680011	680205
NC_016051	2511504501	675540	675815
NC_016051	2511504500	675166	675543
NC_016051	2511504503	676668	677858
NC_016051	2511504502	675808	676668
NC_016051	2511504505	678274	679248
NC_016051	2511504504	677861	678130
NC_016051	2511504507	679560	679937
NC_016051	2511504506	679345	679563
NC_016051	2511505119	1245454	1246041
NC_016051	2511505118	1245012	1245344
NC_016051	2511505111	1237688	1238863
NC_016051	2511505110	1236873	1237676
NC_016051	2511505113	1239847	1240878
NC_016051	2511505112	1238860	1239174
NC_016051	2511505115	1242334	1242636
NC_016051	2511505114	1240947	1242281
NC_016051	2511505117	1243831	1244997
NC_016051	2511505116	1242642	1243760
NC_016051	2511505021	1175133	1175864
NC_016051	2511503912	134763	135155
NC_016051	2511503911	133385	134752
NC_016051	2511504444	626676	627071
NC_016051	2511504445	627084	628829
NC_016051	2511504446	628868	629794
NC_016051	2511503910	132852	133334
NC_016051	2511504440	623525	623980
NC_016051	2511504441	623989	624465
NC_016051	2511504442	624446	625420
NC_016051	2511504443	625510	626679
NC_016051	2511505025	1177014	1177568
NC_016051	2511504448	630287	630796
NC_016051	2511504449	630858	633293
NC_016051	2511503916	138535	139890
NC_016051	2511503915	137298	138473
NC_016051	2511503914	136551	137294
NC_016051	2511505809	1892187	1892525
NC_016051	2511505808	1891762	1892190
NC_016051	2511505803	1885763	1887640
NC_016051	2511505802	1884895	1885692
NC_016051	2511505801	1883852	1884901
NC_016051	2511505800	1883105	1883827
NC_016051	2511505807	1890810	1891652
NC_016051	2511505806	1889004	1890707
NC_016051	2511505805	1888323	1888901
NC_016051	2511505804	1887664	1888317
NC_016051	2511504998	1162412	1162864
NC_016051	2511504999	1162865	1163197
NC_016051	2511504996	1161266	1161901
NC_016051	2511504997	1161892	1162410
NC_016051	2511504994	1159467	1160615
NC_016051	2511504995	1160662	1161261
NC_016051	2511504992	1157358	1158032
NC_016051	2511504993	1158125	1159423
NC_016051	2511504990	1154245	1154601
NC_016051	2511504991	1154800	1157355
NC_016051	2511505663	1744171	1745511
NC_016051	2511505662	1743326	1744180
NC_016051	2511505661	1742855	1743316
NC_016051	2511505660	1741817	1742824
NC_016051	2511505667	1750016	1750315
NC_016051	2511505666	1746500	1748176
NC_016051	2511505665	1746141	1746425
NC_016051	2511505664	1745731	1746135
NC_016051	2511505669	1751472	1751651
NC_016051	2511505668	1750790	1750945
NC_016051	2511504040	255455	258862
NC_016051	2511504041	259080	260285
NC_016051	2511504042	260338	262026
NC_016051	2511504043	263205	263972
NC_016051	2511504044	263959	264522
NC_016051	2511504045	264717	266057
NC_016051	2511504046	266054	268996
NC_016051	2511504047	270163	270276
NC_016051	2511504048	270418	272034
NC_016051	2511504049	272092	274683
NC_016051	2511505270	1383601	1384176
NC_016051	2511505271	1384208	1384432
NC_016051	2511505272	1384503	1385078
NC_016051	2511505273	1385075	1385488
NC_016051	2511505274	1385490	1386839
NC_016051	2511505275	1386964	1387326
NC_016051	2511505276	1387327	1387710
NC_016051	2511505277	1387715	1388392
NC_016051	2511505278	1388389	1389735
NC_016051	2511505279	1389863	1390642
NC_016051	2511505472	1561132	1561332
NC_016051	2511505473	1561376	1562059
NC_016051	2511505470	1560122	1560718
NC_016051	2511505471	1560704	1561135
NC_016051	2511505476	1564729	1565469
NC_016051	2511505477	1565492	1568497
NC_016051	2511505474	1562043	1562924
NC_016051	2511505475	1562987	1564624
NC_016051	2511505478	1568797	1569819
NC_016051	2511505479	1569940	1570215
NC_016051	2511504196	413037	413720
NC_016051	2511504197	413872	414231
NC_016051	2511504194	410782	411036
NC_016051	2511504195	411124	413031
NC_016051	2511504192	410082	410402
NC_016051	2511504193	410412	410699
NC_016051	2511504190	409048	409653
NC_016051	2511504191	409654	410034
NC_016051	2511504198	414236	414505
NC_016051	2511504199	414570	415577
NC_016051	2511505586	1661680	1662237
NC_016051	2511505587	1662454	1663416
NC_016051	2511505584	1660140	1661324
NC_016051	2511505585	1661326	1661643
NC_016051	2511505582	1658832	1659149
NC_016051	2511505583	1659199	1660134
NC_016051	2511505580	1656630	1657634
NC_016051	2511505581	1657636	1658820
NC_016051	2511505588	1663399	1664685
NC_016051	2511505589	1664780	1665757
NC_016051	2511504228	440380	440886
NC_016051	2511504229	441100	442047
NC_016051	2511504220	431974	432513
NC_016051	2511504221	432607	433827
NC_016051	2511504222	433844	434587
NC_016051	2511504223	434766	435815
NC_016051	2511504224	435884	437383
NC_016051	2511504225	437389	437613
NC_016051	2511504226	437616	439322
NC_016051	2511504227	439508	440287
NC_016051	2511505058	1193699	1193854
NC_016051	2511505059	1193897	1194238
NC_016051	2511505050	1190479	1190907
NC_016051	2511505051	1190909	1191325
NC_016051	2511505052	1191360	1191557
NC_016051	2511505054	1191685	1191858
NC_016051	2511505055	1191865	1192890
NC_016051	2511505056	1192906	1193511
NC_016051	2511505298	1404918	1405568
NC_016051	2511505299	1405654	1407015
NC_016051	2511505292	1398293	1398415
NC_016051	2511505293	1399005	1399556
NC_016051	2511505290	1397096	1397362
NC_016051	2511505291	1397614	1398201
NC_016051	2511505296	1402085	1402720
NC_016051	2511505297	1402775	1404700
NC_016051	2511505294	1399525	1400130
NC_016051	2511505295	1400136	1402082
NC_016051	2511503988	200889	201374
NC_016051	2511503989	201443	202507
NC_016051	2511503984	196981	198300
NC_016051	2511503985	198306	198518
NC_016051	2511503986	198484	198957
NC_016051	2511503987	198954	200840
NC_016051	2511503980	194562	195074
NC_016051	2511503981	195077	195721
NC_016051	2511503982	195705	196280
NC_016051	2511503983	196273	196893
NC_016051	2511504538	708129	709061
NC_016051	2511504539	709051	710211
NC_016051	2511504534	704350	705543
NC_016051	2511504535	705530	706636
NC_016051	2511504536	706738	707670
NC_016051	2511504537	707660	708157
NC_016051	2511504530	701322	702107
NC_016051	2511504531	702097	702720
NC_016051	2511504532	702730	703401
NC_016051	2511504533	703537	704277
NC_016051	2511505128	1253016	1253366
NC_016051	2511505129	1253372	1253956
NC_016051	2511505124	1248941	1249279
NC_016051	2511505125	1249359	1250786
NC_016051	2511505126	1250783	1251091
NC_016051	2511505127	1251094	1252866
NC_016051	2511505120	1246131	1247390
NC_016051	2511505122	1247865	1248305
NC_016051	2511505123	1248273	1248944
NC_016051	2511504459	638891	639457
NC_016051	2511505347	1449925	1451037
NC_016051	2511504453	634315	635019
NC_016051	2511504452	634003	634218
NC_016051	2511504451	633712	633993
NC_016051	2511504450	633374	633715
NC_016051	2511504457	637807	638094
NC_016051	2511504456	637411	637797
NC_016051	2511504455	635864	637363
NC_016051	2511504454	635006	635824
NC_016051	2511505340	1442415	1443596
NC_016051	2511505878	1943691	1944494
NC_016051	2511505879	1944491	1944847
NC_016051	2511505876	1942923	1943102
NC_016051	2511505877	1943095	1943688
NC_016051	2511505874	1939474	1942215
NC_016051	2511505875	1942264	1942887
NC_016051	2511505872	1936033	1937928
NC_016051	2511505873	1938059	1939357
NC_016051	2511505870	1933564	1934511
NC_016051	2511505871	1934587	1935924
NC_016051	2511504989	1153697	1154239
NC_016051	2511504988	1153042	1153605
NC_016051	2511504985	1151598	1152056
NC_016051	2511504984	1150727	1151566
NC_016051	2511504987	1152649	1153071
NC_016051	2511504986	1152040	1152591
NC_016051	2511504981	1147570	1148358
NC_016051	2511504980	1147375	1147551
NC_016051	2511504983	1149717	1150721
NC_016051	2511504982	1148400	1149656
NC_016051	2511504485	664262	664711
NC_016051	2511505902	1960939	1961901
NC_016051	2511505903	1962086	1963189
NC_016051	2511505900	1959336	1960082
NC_016051	2511505901	1960070	1960954
NC_016051	2511505906	1964872	1965420
NC_016051	2511505907	1965410	1966156
NC_016051	2511505904	1963186	1964070
NC_016051	2511505905	1964081	1964875
NC_016051	2511505908	1966213	1966428
NC_016051	2511505909	1966391	1966819
NC_016051	2511504343	549153	549455
NC_016051	2511504342	548599	549123
NC_016051	2511505193	1309454	1309567
NC_016051	2511505192	1308828	1309073
NC_016051	2511505195	1310686	1311240
NC_016051	2511504346	550525	551001
NC_016051	2511505616	1693152	1693442
NC_016051	2511505617	1694889	1695596
NC_016051	2511505614	1688621	1688761
NC_016051	2511505615	1690908	1691135
NC_016051	2511505612	1686346	1686543
NC_016051	2511505197	1312064	1312576
NC_016051	2511505610	1683790	1684698
NC_016051	2511505611	1684756	1686219
NC_016051	2511505196	1311221	1312054
NC_016051	2511505618	1695601	1696518
NC_016051	2511505619	1701207	1703942
NC_016051	2511505688	1767556	1768458
NC_016051	2511505728	1802827	1803390
NC_016051	2511505729	1803387	1803893
NC_016051	2511505722	1800307	1800792
NC_016051	2511505723	1800789	1801193
NC_016051	2511505720	1797943	1798491
NC_016051	2511505721	1798731	1800296
NC_016051	2511505726	1802200	1802547
NC_016051	2511505727	1802544	1802825
NC_016051	2511505724	1801190	1801948
NC_016051	2511505725	1801949	1802203
NC_016051	2511505357	1457564	1457800
NC_016051	2511505356	1457230	1457574
NC_016051	2511504057	281469	284813
NC_016051	2511504056	280618	281133
NC_016051	2511504055	278790	280616
NC_016051	2511505686	1766838	1767248
NC_016051	2511504053	277894	278493
NC_016051	2511504052	277283	277897
NC_016051	2511504051	276689	276820
NC_016051	2511504050	274699	276666
NC_016051	2511504059	287599	288807
NC_016051	2511504058	286074	287417
NC_016051	2511505267	1381373	1382308
NC_016051	2511505266	1380354	1381253
NC_016051	2511505265	1379947	1380357
NC_016051	2511505264	1379486	1379740
NC_016051	2511505263	1378070	1379416
NC_016051	2511505262	1377400	1377861
NC_016051	2511505261	1376612	1377403
NC_016051	2511505260	1375671	1376606
NC_016051	2511505359	1458091	1458714
NC_016051	2511505269	1382795	1383604
NC_016051	2511505268	1382309	1382764
NC_016051	2511505461	1550425	1551642
NC_016051	2511505460	1549741	1550385
NC_016051	2511505463	1552875	1553807
NC_016051	2511505462	1551643	1552878
NC_016051	2511505465	1554773	1555447
NC_016051	2511505464	1553922	1554737
NC_016051	2511505467	1556832	1557857
NC_016051	2511505466	1555463	1556839
NC_016051	2511505469	1559068	1560117
NC_016051	2511505468	1557946	1558857
NC_016051	2511505926	1976327	1976608
NC_016051	2511505927	1976650	1977381
NC_016051	2511504185	405462	406622
NC_016051	2511504184	405057	405452
NC_016051	2511504187	406817	408094
NC_016051	2511504181	401787	402191
NC_016051	2511504180	401164	401349
NC_016051	2511504183	403634	405016
NC_016051	2511504182	402192	403433
NC_016051	2511505928	1977413	1978177
NC_016051	2511504189	408848	409045
NC_016051	2511504188	408091	408846
NC_016051	2511505595	1670245	1670760
NC_016051	2511505594	1669670	1670239
NC_016051	2511505597	1671291	1672367
NC_016051	2511505596	1670791	1671294
NC_016051	2511505591	1666534	1667010
NC_016051	2511505590	1665748	1666524
NC_016051	2511505593	1667857	1669629
NC_016051	2511505592	1667007	1667759
NC_016051	2511505599	1673305	1673850
NC_016051	2511505598	1672536	1673282
NC_016051	2511504239	450234	450797
NC_016051	2511504238	449475	450224
NC_016051	2511504237	448891	449163
NC_016051	2511504236	447696	448877
NC_016051	2511504235	446275	447582
NC_016051	2511504234	445810	446271
NC_016051	2511504233	445603	445737
NC_016051	2511504232	444039	445586
NC_016051	2511504231	442888	443352
NC_016051	2511504230	442069	442818
NC_016051	2511505049	1190107	1190472
NC_016051	2511505047	1189175	1189957
NC_016051	2511505046	1188731	1189144
NC_016051	2511505045	1188192	1188734
NC_016051	2511505044	1187732	1188181
NC_016051	2511505042	1187030	1187617
NC_016051	2511505041	1185726	1186730
NC_016051	2511505040	1185477	1185716
NC_016051	2511505289	1396588	1397094
NC_016051	2511505288	1395385	1395777
NC_016051	2511505281	1391389	1391949
NC_016051	2511505280	1390742	1391320
NC_016051	2511505283	1392522	1392929
NC_016051	2511505282	1391995	1392258
NC_016051	2511505285	1393897	1394412
NC_016051	2511505284	1393426	1393689
NC_016051	2511505287	1394764	1395381
NC_016051	2511505286	1394432	1394626
NC_016051	2511503992	203788	206046
NC_016051	2511503991	203257	203754
NC_016051	2511503990	202583	203260
NC_016051	2511503997	210095	211462
NC_016051	2511503996	208759	210084
NC_016051	2511503995	207498	208796
NC_016051	2511503994	206451	207446
NC_016051	2511503999	212298	213182
NC_016051	2511503998	211612	212265
NC_016051	2511504523	693841	694104
NC_016051	2511504522	692752	693831
NC_016051	2511504521	690460	692658
NC_016051	2511504520	689436	690449
NC_016051	2511504527	697666	699123
NC_016051	2511504526	694775	695815
NC_016051	2511504525	694313	694741
NC_016051	2511504524	694094	694276
NC_016051	2511504529	700507	701325
NC_016051	2511504528	699218	700474
NC_016051	2511505133	1256666	1257313
NC_016051	2511505132	1255341	1256669
NC_016051	2511505131	1254595	1255017
NC_016051	2511505130	1253957	1254412
NC_016051	2511505137	1258473	1259057
NC_016051	2511505136	1258096	1258467
NC_016051	2511505135	1257864	1258094
NC_016051	2511505134	1257310	1257768
NC_016051	2511505139	1259857	1260567
NC_016051	2511505138	1259161	1259721
NC_016051	2511504428	613922	614314
NC_016051	2511504429	614280	615068
NC_016051	2511504426	610446	612569
NC_016051	2511504427	612700	613932
NC_016051	2511504424	608169	609122
NC_016051	2511504425	609119	610360
NC_016051	2511504422	606138	607292
NC_016051	2511504423	607589	608122
NC_016051	2511504420	604062	604958
NC_016051	2511504421	605006	606133
NC_016051	2511504141	366416	367609
NC_016051	2511505396	1487658	1487798
NC_016051	2511505395	1487054	1487623
NC_016051	2511504145	369087	369800
NC_016051	2511504144	368866	369054
NC_016051	2511505869	1933130	1933558
NC_016051	2511505868	1932506	1933090
NC_016051	2511505865	1930504	1931172
NC_016051	2511505864	1929921	1930502
NC_016051	2511505867	1932091	1932549
NC_016051	2511505866	1931266	1932090
NC_016051	2511505861	1928880	1929422
NC_016051	2511505860	1928690	1928878
NC_016051	2511505863	1929719	1929889
NC_016051	2511505862	1929412	1929708
NC_016051	2511504732	894044	895060
NC_016051	2511504733	895044	895769
NC_016051	2511504730	892650	893408
NC_016051	2511504731	893418	894047
NC_016051	2511504736	896734	897600
NC_016051	2511504737	897609	898460
NC_016051	2511504734	895766	896542
NC_016051	2511504738	898469	899431
NC_016051	2511504739	899558	899968
NC_016051	2511505911	1967645	1968088
NC_016051	2511505910	1966821	1967537
NC_016051	2511505913	1968834	1969331
NC_016051	2511505912	1968119	1968859
NC_016051	2511505915	1969851	1970282
NC_016051	2511505914	1969373	1969786
NC_016051	2511505917	1970752	1971228
NC_016051	2511505916	1970286	1970696
NC_016051	2511505919	1972043	1972279
NC_016051	2511505918	1971415	1972011
NC_016051	2511504884	1056146	1057426
NC_016051	2511504885	1057517	1058953
NC_016051	2511504886	1059033	1060166
NC_016051	2511504887	1060218	1060805
NC_016051	2511504880	1050156	1052534
NC_016051	2511504881	1052531	1054306
NC_016051	2511504882	1054392	1055237
NC_016051	2511504883	1055325	1056047
NC_016051	2511504888	1060921	1062000
NC_016051	2511504889	1062006	1062383
NC_016051	2511505605	1679172	1680155
NC_016051	2511505604	1677838	1679175
NC_016051	2511505607	1681076	1682083
NC_016051	2511505606	1680243	1681079
NC_016051	2511505601	1674599	1675534
NC_016051	2511505600	1673847	1674275
NC_016051	2511505603	1677155	1677841
NC_016051	2511505602	1675531	1677117
NC_016051	2511505609	1683225	1683743
NC_016051	2511505608	1682087	1683256
NC_016051	2511504958	1126375	1126887
NC_016051	2511504959	1126880	1127302
NC_016051	2511504952	1122031	1123251
NC_016051	2511504953	1123291	1124067
NC_016051	2511504950	1120753	1121733
NC_016051	2511504951	1121857	1122009
NC_016051	2511504956	1124866	1125675
NC_016051	2511504957	1125680	1126300
NC_016051	2511504954	1124045	1124689
NC_016051	2511504955	1124690	1124869
NC_016051	2511505739	1813358	1813717
NC_016051	2511505738	1812231	1813358
NC_016051	2511506000	2055520	2056917
NC_016051	2511506001	2056964	2057164
NC_016051	2511506006	2060614	2061447
NC_016051	2511506007	2061728	2062423
NC_016051	2511506004	2058718	2059272
NC_016051	2511506005	2059275	2060516
NC_016051	2511505731	1805520	1806401
NC_016051	2511505730	1803880	1805517
NC_016051	2511505733	1808293	1808493
NC_016051	2511505732	1806398	1808296
NC_016051	2511505735	1808696	1809505
NC_016051	2511505734	1808499	1808690
NC_016051	2511505737	1811458	1812093
NC_016051	2511505736	1809545	1811443
NC_016051	2511504458	638137	638919
NC_016051	2511505454	1544019	1544510
NC_016051	2511505455	1544551	1545144
NC_016051	2511505456	1545150	1546250
NC_016051	2511505457	1546247	1546555
NC_016051	2511505450	1540313	1540600
NC_016051	2511505451	1540659	1541546
NC_016051	2511505452	1541689	1542000
NC_016051	2511505453	1542003	1544003
NC_016051	2511505458	1546562	1548319
NC_016051	2511505459	1548325	1549716
NC_016051	2511503852	85347	86270
NC_016051	2511503853	86312	86521
NC_016051	2511503850	82673	83725
NC_016051	2511503851	83829	85286
NC_016051	2511503856	87870	88625
NC_016051	2511503857	88635	91016
NC_016051	2511503854	86518	86964
NC_016051	2511503855	86961	87527
NC_016051	2511503858	91016	93181
NC_016051	2511503859	93189	95294
NC_016051	2511504088	314211	315257
NC_016051	2511504089	315294	316301
NC_016051	2511504084	309225	310292
NC_016051	2511504085	310295	311953
NC_016051	2511504086	311984	313045
NC_016051	2511504087	313241	314044
NC_016051	2511504080	304929	305552
NC_016051	2511504081	305706	306371
NC_016051	2511504082	306549	308198
NC_016051	2511504083	308271	309143
NC_016051	2511504556	725520	725723
NC_016051	2511504557	725699	726469
NC_016051	2511504554	722907	724067
NC_016051	2511504555	724064	725314
NC_016051	2511504552	720531	721229
NC_016051	2511504553	721232	722914
NC_016051	2511504550	719361	719729
NC_016051	2511504551	719750	720526
NC_016051	2511504558	726515	727318
NC_016051	2511504559	727315	727881
NC_016051	2511505146	1264737	1266224
NC_016051	2511505147	1266380	1266763
NC_016051	2511505144	1263140	1263484
NC_016051	2511505145	1263481	1264737
NC_016051	2511505142	1261524	1262324
NC_016051	2511505143	1262361	1263143
NC_016051	2511505140	1260570	1260794
NC_016051	2511505141	1260911	1261414
NC_016051	2511505148	1266807	1267010
NC_016051	2511505149	1267056	1268537
NC_016051	2511504439	622831	623319
NC_016051	2511504438	622521	622772
NC_016051	2511504435	620046	621047
NC_016051	2511504434	619360	620001
NC_016051	2511504437	621915	622424
NC_016051	2511504436	621058	621819
NC_016051	2511504431	615313	616551
NC_016051	2511504430	615136	615312
NC_016051	2511504433	617942	619225
NC_016051	2511504432	616668	617864
NC_016051	2511505851	1922420	1922641
NC_016051	2511505852	1922641	1923132
NC_016051	2511505853	1923340	1923936
NC_016051	2511505854	1923980	1924486
NC_016051	2511505855	1924530	1925588
NC_016051	2511505856	1925618	1926508
NC_016051	2511505857	1926513	1927484
NC_016051	2511505858	1927560	1928093
NC_016051	2511505859	1928127	1928687
NC_016051	2511506015	2068529	2068789
NC_016051	2511506014	2068218	2068406
NC_016051	2511504721	884206	885852
NC_016051	2511504720	883486	884157
NC_016051	2511504723	887593	888045
NC_016051	2511504722	885968	887410
NC_016051	2511504725	889108	889725
NC_016051	2511504724	888230	889111
NC_016051	2511504727	890839	891375
NC_016051	2511504726	889715	890842
NC_016051	2511504729	891970	892668
NC_016051	2511504728	891378	891968
NC_016051	2511506019	2071432	2071596
NC_016051	2511506018	2070753	2071460
NC_016051	2511505924	1975095	1975523
NC_016051	2511505925	1975528	1976340
NC_016051	2511504899	1069359	1071074
NC_016051	2511504898	1068083	1069357
NC_016051	2511505920	1972347	1972535
NC_016051	2511505921	1972576	1972884
NC_016051	2511505922	1972893	1974233
NC_016051	2511505923	1974230	1974970
NC_016051	2511504893	1064451	1065530
NC_016051	2511504892	1063575	1064405
NC_016051	2511504891	1063185	1063565
NC_016051	2511504890	1062380	1063180
NC_016051	2511504897	1067807	1068010
NC_016051	2511505929	1978178	1978465
NC_016051	2511504895	1066763	1067416
NC_016051	2511504894	1066123	1066671
NC_016051	2511505638	1719900	1721186
NC_016051	2511505639	1721177	1721692
NC_016051	2511505630	1713142	1713438
NC_016051	2511505631	1713482	1716223
NC_016051	2511505632	1716260	1716649
NC_016051	2511505633	1716620	1717069
NC_016051	2511505634	1717197	1717877
NC_016051	2511505635	1717929	1718723
NC_016051	2511504949	1120300	1120746
NC_016051	2511504948	1118001	1120298
NC_016051	2511504941	1112082	1112885
NC_016051	2511504940	1110714	1112078
NC_016051	2511504943	1113537	1113752
NC_016051	2511504942	1112958	1113527
NC_016051	2511504945	1115191	1115616
NC_016051	2511504944	1113864	1115120
NC_016051	2511504947	1116742	1117950
NC_016051	2511504946	1115651	1116625
NC_016051	2511503826	62302	63204
NC_016051	2511506011	2064492	2065499
NC_016051	2511506010	2063569	2064342
NC_016051	2511506013	2066202	2068193
NC_016051	2511506012	2065534	2066127
NC_016051	2511505708	1789319	1790491
NC_016051	2511505709	1790577	1791023
NC_016051	2511506017	2069264	2070598
NC_016051	2511506016	2068792	2069274
NC_016051	2511505704	1786427	1787482
NC_016051	2511505705	1787583	1788320
NC_016051	2511505706	1788381	1788911
NC_016051	2511505707	1789043	1789234
NC_016051	2511505700	1780553	1781062
NC_016051	2511505701	1781046	1782281
NC_016051	2511505702	1782783	1784633
NC_016051	2511505703	1784678	1786414
NC_016051	2511505449	1539036	1540310
NC_016051	2511505448	1538280	1538795
NC_016051	2511505443	1534267	1534650
NC_016051	2511505442	1533521	1534270
NC_016051	2511505441	1532432	1533490
NC_016051	2511505440	1531267	1532250
NC_016051	2511505447	1537803	1538261
NC_016051	2511505446	1536912	1537685
NC_016051	2511505445	1535480	1536760
NC_016051	2511505444	1534660	1535385
NC_016051	2511504361	559315	559608
NC_016051	2511504360	559093	559314
NC_016051	2511505175	1290554	1291456
NC_016051	2511505174	1289000	1290343
NC_016051	2511505173	1287569	1288951
NC_016051	2511505172	1286933	1287514
NC_016051	2511504367	563418	565466
NC_016051	2511504366	562518	563393
NC_016051	2511505076	1204763	1205965
NC_016051	2511505077	1206022	1207389
NC_016051	2511503942	162163	162765
NC_016051	2511503944	163031	164461
NC_016051	2511505073	1203775	1204110
NC_016051	2511503841	73453	74088
NC_016051	2511503840	72707	73456
NC_016051	2511503843	75570	76712
NC_016051	2511503842	74243	75559
NC_016051	2511503845	77347	78543
NC_016051	2511505070	1202222	1202476
NC_016051	2511503847	78871	79542
NC_016051	2511503846	78627	78869
NC_016051	2511503849	81685	82680
NC_016051	2511503848	79547	81688
NC_016051	2511503947	165516	166322
NC_016051	2511503863	96887	97513
NC_016051	2511504152	376128	377723
NC_016051	2511503862	96181	96822
NC_016051	2511505373	1469077	1469424
NC_016051	2511504093	320258	321532
NC_016051	2511504092	318847	320208
NC_016051	2511504091	317702	318583
NC_016051	2511504090	316552	317709
NC_016051	2511504097	322673	323974
NC_016051	2511504096	322615	322767
NC_016051	2511504095	322118	322582
NC_016051	2511504094	321555	322070
NC_016051	2511505375	1470965	1471324
NC_016051	2511504099	325723	327117
NC_016051	2511504098	324006	325733
NC_016051	2511503866	100946	101947
NC_016051	2511505377	1471782	1472078
NC_016051	2511505376	1471321	1471755
NC_016051	2511504545	714556	715650
NC_016051	2511504544	713871	714596
NC_016051	2511504547	716832	717494
NC_016051	2511504546	715610	716773
NC_016051	2511504541	711194	712063
NC_016051	2511504540	710220	711140
NC_016051	2511504543	713505	713804
NC_016051	2511504542	712224	713336
NC_016051	2511504549	718547	719221
NC_016051	2511504548	717472	718545
NC_016051	2511505157	1273469	1273717
NC_016051	2511505156	1271862	1273373
NC_016051	2511505151	1269427	1269648
NC_016051	2511505150	1268683	1269417
NC_016051	2511505153	1270710	1271516
NC_016051	2511505152	1269710	1270540
NC_016051	2511505159	1274051	1274830
NC_016051	2511505158	1273797	1274045
NC_016051	2511504400	585858	587009
NC_016051	2511504401	587064	587456
NC_016051	2511504402	587518	587955
NC_016051	2511504403	587957	588157
NC_016051	2511504404	588611	589369
NC_016051	2511504405	589486	590676
NC_016051	2511504406	590683	590916
NC_016051	2511504407	591071	594649
NC_016051	2511504408	594724	595065
NC_016051	2511504409	595043	595474
NC_016051	2511505847	1920821	1921138
NC_016051	2511505846	1919724	1920743
NC_016051	2511505845	1919068	1919718
NC_016051	2511505844	1918458	1918955
NC_016051	2511505843	1917971	1918429
NC_016051	2511505842	1917765	1917959
NC_016051	2511505841	1916581	1917702
NC_016051	2511505840	1915630	1916451
NC_016051	2511505848	1921154	1921627
NC_016051	2511504714	877561	878484
NC_016051	2511504715	878617	879339
NC_016051	2511504716	879410	880738
NC_016051	2511504717	880739	881944
NC_016051	2511504710	874337	874531
NC_016051	2511504711	874600	875556
NC_016051	2511504712	875703	876854
NC_016051	2511504713	876859	877395
NC_016051	2511504718	881941	882243
NC_016051	2511504719	882209	883408
NC_016051	2511505939	1985428	1986432
NC_016051	2511505938	1984838	1985248
NC_016051	2511505933	1980932	1981636
NC_016051	2511505932	1979884	1980885
NC_016051	2511505931	1978881	1979873
NC_016051	2511505930	1978584	1978838
NC_016051	2511505937	1983947	1984837
NC_016051	2511505936	1983066	1983947
NC_016051	2511505935	1982050	1983003
NC_016051	2511505934	1981790	1982002
NC_016051	2511505629	1711284	1712834
NC_016051	2511505628	1709866	1711245
NC_016051	2511505627	1709739	1709855
NC_016051	2511505626	1709178	1709699
NC_016051	2511505625	1707865	1709172
NC_016051	2511505624	1707194	1707808
NC_016051	2511505623	1706719	1706880
NC_016051	2511505622	1705682	1706758
NC_016051	2511505621	1704501	1705643
NC_016051	2511505620	1703946	1704491
NC_016051	2511504978	1144572	1145438
NC_016051	2511504979	1145530	1147326
NC_016051	2511504974	1142116	1142871
NC_016051	2511504975	1142868	1143320
NC_016051	2511504976	1143304	1143996
NC_016051	2511504977	1144044	1144568
NC_016051	2511504970	1137315	1138295
NC_016051	2511504971	1138292	1139953
NC_016051	2511504972	1140265	1140453
NC_016051	2511504973	1140535	1142025
NC_016051	2511505713	1793137	1793574
NC_016051	2511506025	2076146	2077408
NC_016051	2511505711	1791954	1792808
NC_016051	2511505710	1791013	1791909
NC_016051	2511505717	1795731	1796102
NC_016051	2511505716	1794737	1795687
NC_016051	2511505715	1794031	1794762
NC_016051	2511505714	1793650	1793841
NC_016051	2511505719	1797148	1797888
NC_016051	2511505718	1796229	1797155
NC_016051	2511506028	2078522	2079592
NC_016051	2511506029	2079647	2079874
NC_016051	2511505438	1527115	1529070
NC_016051	2511505439	1529070	1530314
NC_016051	2511505436	1522518	1523204
NC_016051	2511505437	1523236	1527114
NC_016051	2511505432	1519964	1521091
NC_016051	2511505433	1521201	1521437
NC_016051	2511505430	1517374	1517844
NC_016051	2511505431	1517874	1519832
NC_016051	2511504390	579035	580114
NC_016051	2511504391	580174	580707
NC_016051	2511504392	580692	581177
NC_016051	2511504393	581236	582003
NC_016051	2511504394	582045	582248
NC_016051	2511504395	582229	582606
NC_016051	2511504396	582611	583297
NC_016051	2511504397	583290	584279
NC_016051	2511504398	584320	585057
NC_016051	2511504399	585032	585865
NC_016051	2511505380	1472703	1472966
NC_016051	2511505381	1472963	1473466
NC_016051	2511505382	1473673	1474437
NC_016051	2511505383	1474545	1474760
NC_016051	2511505384	1474851	1475117
NC_016051	2511504157	382050	383213
NC_016051	2511505386	1476434	1477726
NC_016051	2511505387	1477877	1478704
NC_016051	2511505388	1479027	1481465
NC_016051	2511505389	1481462	1482424
NC_016051	2511504158	383208	383399
NC_016051	2511504159	383493	384539
NC_016051	2511505613	1686731	1686853
NC_016051	2511505542	1624874	1626814
NC_016051	2511505543	1627090	1627818
NC_016051	2511505540	1622702	1623649
NC_016051	2511505541	1623892	1624791
NC_016051	2511505546	1629331	1630212
NC_016051	2511505547	1630331	1630750
NC_016051	2511505544	1627878	1628837
NC_016051	2511505545	1628883	1629299
NC_016051	2511505548	1630747	1631487
NC_016051	2511505549	1631666	1632772
NC_016051	2511503874	108253	108681
NC_016051	2511503875	108678	109778
NC_016051	2511503876	109868	111154
NC_016051	2511503877	111129	111419
NC_016051	2511503870	105755	106402
NC_016051	2511503871	106375	106770
NC_016051	2511503872	106915	107610
NC_016051	2511503873	107754	108188
NC_016051	2511503878	111458	111883
NC_016051	2511503879	111886	112722
NC_016051	2511503844	76712	77221
NC_016051	2511505094	1223108	1223536
NC_016051	2511505095	1223577	1224542
NC_016051	2511505096	1224547	1224948
NC_016051	2511505097	1225282	1225605
NC_016051	2511505090	1218321	1218881
NC_016051	2511505091	1220069	1220269
NC_016051	2511505092	1220678	1221838
NC_016051	2511505093	1222341	1222988
NC_016051	2511504578	747297	748460
NC_016051	2511504579	748463	748756
NC_016051	2511504570	738400	739386
NC_016051	2511504571	739473	740654
NC_016051	2511504572	740657	740944
NC_016051	2511504573	741129	742172
NC_016051	2511504574	742169	743014
NC_016051	2511504575	743088	743753
NC_016051	2511504576	743754	745496
NC_016051	2511504577	746318	747343
NC_016051	2511505168	1282117	1283724
NC_016051	2511505169	1283829	1284377
NC_016051	2511504378	573019	573471
NC_016051	2511504379	573475	573885
NC_016051	2511504372	568177	569568
NC_016051	2511505161	1275368	1276048
NC_016051	2511504370	566588	567289
NC_016051	2511505163	1276395	1277834
NC_016051	2511505164	1277849	1278991
NC_016051	2511505165	1279022	1281295
NC_016051	2511504374	570338	571357
NC_016051	2511504375	571358	572260
NC_016051	2511505368	1465287	1465727
NC_016051	2511505369	1465724	1466710
NC_016051	2511505362	1460263	1460559
NC_016051	2511505363	1460546	1462534
NC_016051	2511505360	1458711	1459472
NC_016051	2511505361	1459638	1460258
NC_016051	2511505366	1463613	1464725
NC_016051	2511505367	1464775	1465290
NC_016051	2511505364	1462625	1462960
NC_016051	2511505365	1462950	1463552
NC_016051	2511504417	601698	602444
NC_016051	2511504415	600334	601377
NC_016051	2511504414	597932	600355
NC_016051	2511504413	597693	597890
NC_016051	2511504412	597121	597489
NC_016051	2511504411	596511	597008
NC_016051	2511504410	595477	596151
NC_016051	2511504419	602866	604065
NC_016051	2511504418	602576	602869
NC_016051	2511504709	873855	874340
NC_016051	2511504708	873407	873853
NC_016051	2511504703	868961	870025
NC_016051	2511504702	867523	868839
NC_016051	2511504701	864746	867526
NC_016051	2511504700	864235	864714
NC_016051	2511504707	872120	873286
NC_016051	2511504706	871648	872148
NC_016051	2511504705	870768	871580
NC_016051	2511504704	870125	870763
NC_016051	2511505948	1997593	1998786
NC_016051	2511505949	1998836	1999309
NC_016051	2511505946	1994350	1995816
NC_016051	2511505947	1995944	1997596
NC_016051	2511505944	1991559	1992869
NC_016051	2511505945	1992843	1994060
NC_016051	2511505942	1988278	1988580
NC_016051	2511505943	1988671	1991541
NC_016051	2511505940	1986499	1987551
NC_016051	2511505941	1987583	1988266
NC_016051	2511505898	1958378	1958611
NC_016051	2511505899	1958646	1959293
NC_016051	2511505894	1956599	1956808
NC_016051	2511505895	1956841	1957536
NC_016051	2511505896	1957539	1957949
NC_016051	2511505897	1957946	1958377
NC_016051	2511505890	1954275	1954487
NC_016051	2511505891	1954484	1955023
NC_016051	2511505892	1955073	1956251
NC_016051	2511505893	1956232	1956612
NC_016051	2511504963	1131341	1131697
NC_016051	2511504962	1129154	1131295
NC_016051	2511504961	1127778	1129094
NC_016051	2511504960	1127403	1127681
NC_016051	2511504967	1135325	1135537
NC_016051	2511504966	1134879	1135250
NC_016051	2511504965	1133554	1134801
NC_016051	2511504964	1131745	1133034
NC_016051	2511504969	1135871	1137058
NC_016051	2511504968	1135540	1135746
NC_016051	2511506033	2084299	2084862
NC_016051	2511506032	2080863	2083526
NC_016051	2511506031	2080328	2080720
NC_016051	2511506030	2079861	2080274
NC_016051	2511506034	2085062	2085607
NC_016051	2511505766	1849905	1850714
NC_016051	2511505767	1850763	1851125
NC_016051	2511505764	1847522	1849618
NC_016051	2511505765	1849668	1849853
NC_016051	2511505762	1837359	1838498
NC_016051	2511505763	1839642	1847465
NC_016051	2511505760	1835397	1836200
NC_016051	2511505761	1836247	1837356
NC_016051	2511505768	1851176	1852030
NC_016051	2511505769	1852140	1852571
NC_016051	2511505429	1515306	1516568
NC_016051	2511505428	1514222	1515163
NC_016051	2511505425	1511978	1512205
NC_016051	2511505424	1511276	1511923
NC_016051	2511505427	1512909	1514120
NC_016051	2511505426	1512230	1512898
NC_016051	2511505421	1507508	1508914
NC_016051	2511505420	1505455	1507401
NC_016051	2511505423	1510973	1511308
NC_016051	2511505422	1508985	1510856
NC_016051	2511504387	577345	577467
NC_016051	2511504386	577161	577358
NC_016051	2511504385	576572	577090
NC_016051	2511504384	576097	576459
NC_016051	2511504383	575264	576100
NC_016051	2511504382	574664	575263
NC_016051	2511504381	574336	574584
NC_016051	2511504380	573944	574339
NC_016051	2511504389	578055	579038
NC_016051	2511504388	577442	577831
NC_016051	2511505397	1487809	1488366
NC_016051	2511504140	365906	366274
NC_016051	2511504143	368306	368869
NC_016051	2511504142	367672	368241
NC_016051	2511505393	1485834	1486877
NC_016051	2511505392	1484477	1485637
NC_016051	2511504147	370764	371180
NC_016051	2511504146	369797	370741
NC_016051	2511504149	372216	372833
NC_016051	2511504148	371292	372257
NC_016051	2511505399	1488835	1489596
NC_016051	2511505398	1488384	1488635
NC_016051	2511505551	1633111	1633392
NC_016051	2511505550	1632877	1633107
NC_016051	2511505553	1633762	1634217
NC_016051	2511505552	1633523	1633765
NC_016051	2511505555	1635151	1635771
NC_016051	2511505554	1634276	1634434
NC_016051	2511505557	1636501	1636989
NC_016051	2511505556	1636127	1636504
NC_016051	2511505559	1637232	1637813
NC_016051	2511505558	1637051	1637224
NC_016051	2511505089	1217853	1218221
NC_016051	2511505088	1215995	1217803
NC_016051	2511505083	1210601	1211632
NC_016051	2511505082	1210168	1210593
NC_016051	2511505081	1209401	1210105
NC_016051	2511505080	1209187	1209357
NC_016051	2511505087	1215159	1215896
NC_016051	2511505086	1214400	1215149
NC_016051	2511505085	1212862	1214301
NC_016051	2511505084	1211687	1212874
NC_016051	2511504569	738204	738416
NC_016051	2511504568	737570	738085
NC_016051	2511504567	736378	737568
NC_016051	2511504566	736158	736376
NC_016051	2511504565	735016	736050
NC_016051	2511504564	734277	735029
NC_016051	2511504563	733217	734239
NC_016051	2511504562	728972	733126
NC_016051	2511504561	728274	728828
NC_016051	2511504560	727957	728271
NC_016051	2511504369	566307	566591
NC_016051	2511504368	565468	566196
NC_016051	2511505179	1294999	1296393
NC_016051	2511505178	1293885	1294226
NC_016051	2511505177	1292700	1293884
NC_016051	2511505176	1291467	1292225
NC_016051	2511504363	560450	561424
NC_016051	2511504362	559614	560381
NC_016051	2511504365	561673	562392
NC_016051	2511504364	561425	561676
NC_016051	2511505171	1285773	1286930
NC_016051	2511505170	1284450	1285610
NC_016051	2511505379	1472335	1472706
NC_016051	2511505378	1472075	1472338
NC_016051	2511503869	104917	105723
NC_016051	2511503868	104116	104745
NC_016051	2511505371	1467990	1468556
NC_016051	2511505370	1466716	1467993
NC_016051	2511503861	95742	96179
NC_016051	2511505372	1468549	1469070
NC_016051	2511503867	102033	103388
NC_016051	2511505374	1469427	1470968
NC_016051	2511503865	98610	100874
NC_016051	2511503864	97503	98600
NC_016051	2511503966	183887	185326
NC_016051	2511505015	1173218	1173418
NC_016051	2511503964	181649	182797
NC_016051	2511505017	1173718	1173987
NC_016051	2511503962	178894	179241
NC_016051	2511503963	180273	180452
NC_016051	2511505012	1171714	1172115
NC_016051	2511503961	178653	178853
NC_016051	2511504778	936335	936745
NC_016051	2511504779	936746	937753
NC_016051	2511504776	935080	936021
NC_016051	2511504777	936120	936350
NC_016051	2511504774	932820	933101
NC_016051	2511504775	933314	934633
NC_016051	2511504772	931665	932156
NC_016051	2511504773	932153	932761
NC_016051	2511504770	928796	931006
NC_016051	2511504771	931062	931652
NC_016051	2511503806	44032	44910
NC_016051	2511505959	2005178	2008378
NC_016051	2511505958	2004544	2004990
NC_016051	2511505955	2003100	2003318
NC_016051	2511505954	2002378	2003019
NC_016051	2511505957	2004119	2004547
NC_016051	2511505956	2003688	2004113
NC_016051	2511505951	1999889	2000758
NC_016051	2511505950	1999306	1999800
NC_016051	2511505953	2001662	2002381
NC_016051	2511505952	2000755	2001630
NC_016051	2511504602	778461	779309
NC_016051	2511504603	779360	780289
NC_016051	2511504600	776497	777426
NC_016051	2511504601	777456	778415
NC_016051	2511504606	782487	783200
NC_016051	2511504607	783295	783903
NC_016051	2511504604	780347	781324
NC_016051	2511504605	781436	782371
NC_016051	2511504608	783942	784262
NC_016051	2511504609	784267	785409
NC_016051	2511504852	1006189	1006971
NC_016051	2511505883	1946978	1948012
NC_016051	2511505882	1946253	1946867
NC_016051	2511505881	1945849	1946169
NC_016051	2511505880	1944866	1945843
NC_016051	2511505887	1950192	1951193
NC_016051	2511505886	1949978	1950115
NC_016051	2511505885	1948616	1949947
NC_016051	2511505884	1948009	1948641
NC_016051	2511505889	1952716	1954221
NC_016051	2511505888	1951248	1952690
NC_016051	2511504916	1091632	1092279
NC_016051	2511504917	1092382	1092633
NC_016051	2511504914	1090735	1091172
NC_016051	2511504915	1091183	1091626
NC_016051	2511504912	1089238	1090413
NC_016051	2511504913	1090427	1090735
NC_016051	2511504910	1083141	1086509
NC_016051	2511504911	1086515	1089232
NC_016051	2511504918	1092738	1093019
NC_016051	2511504919	1093087	1093497
NC_016051	2511505775	1857372	1858550
NC_016051	2511505774	1856765	1857319
NC_016051	2511505777	1859341	1863426
NC_016051	2511505776	1858716	1859180
NC_016051	2511505771	1852986	1854713
NC_016051	2511505770	1852573	1852881
NC_016051	2511505773	1856142	1856594
NC_016051	2511505772	1854710	1856074
NC_016051	2511505779	1864038	1864862
NC_016051	2511505778	1863617	1864051
NC_016051	2511504828	981853	981966
NC_016051	2511504829	982003	982737
NC_016051	2511504822	974122	975417
NC_016051	2511504823	975532	976212
NC_016051	2511504820	972483	972689
NC_016051	2511504821	972686	974038
NC_016051	2511504826	978817	979887
NC_016051	2511504827	980160	981848
NC_016051	2511504824	976216	977835
NC_016051	2511504825	977832	978833
NC_016051	2511505410	1495217	1496056
NC_016051	2511505411	1496854	1497324
NC_016051	2511505412	1497297	1497848
NC_016051	2511505413	1497920	1499008
NC_016051	2511505414	1499005	1499943
NC_016051	2511505415	1499953	1501086
NC_016051	2511505416	1501083	1501790
NC_016051	2511505417	1501858	1502715
NC_016051	2511505418	1502712	1504115
NC_016051	2511505419	1504122	1505444
NC_016051	2511504174	394889	395371
NC_016051	2511504175	395379	395888
NC_016051	2511504176	395885	396448
NC_016051	2511504177	396549	398786
NC_016051	2511504170	391761	392015
NC_016051	2511504171	392105	393346
NC_016051	2511504172	393414	394220
NC_016051	2511504173	394344	394892
NC_016051	2511504178	398753	400936
NC_016051	2511504179	400920	401075
NC_016051	2511505564	1640054	1640659
NC_016051	2511505565	1640659	1642458
NC_016051	2511505566	1642461	1643378
NC_016051	2511505567	1643389	1645383
NC_016051	2511505560	1637847	1638422
NC_016051	2511505561	1638419	1638865
NC_016051	2511505562	1638905	1639222
NC_016051	2511505563	1639224	1640054
NC_016051	2511505568	1645390	1646826
NC_016051	2511505569	1646880	1647386
NC_016051	2511504288	505475	506533
NC_016051	2511504289	506656	508575
NC_016051	2511504286	503780	504940
NC_016051	2511504287	504937	505494
NC_016051	2511504284	502803	503303
NC_016051	2511504285	503304	503768
NC_016051	2511504282	500516	501850
NC_016051	2511504283	501865	502674
NC_016051	2511504280	498010	499170
NC_016051	2511504281	499164	500519
NC_016051	2511503922	144819	146789
NC_016051	2511503923	146824	147231
NC_016051	2511503920	142975	143880
NC_016051	2511503921	144298	144822
NC_016051	2511503926	148831	149301
NC_016051	2511503927	149350	149715
NC_016051	2511503924	147228	148280
NC_016051	2511503925	148280	148804
NC_016051	2511503928	149759	150781
NC_016051	2511503929	150750	151373
NC_016051	2511504592	765601	766623
NC_016051	2511504593	766683	767858
NC_016051	2511504590	762769	764994
NC_016051	2511504591	765106	765600
NC_016051	2511504596	771123	773627
NC_016051	2511504597	773624	774538
NC_016051	2511504594	768067	769338
NC_016051	2511504595	769469	770851
NC_016051	2511504598	774546	775502
NC_016051	2511504599	775532	776464
NC_016051	2511505182	1301097	1301561
NC_016051	2511505183	1301719	1302723
NC_016051	2511505180	1296454	1299303
NC_016051	2511505181	1299305	1301104
NC_016051	2511505186	1304308	1305552
NC_016051	2511504359	558603	558962
NC_016051	2511505184	1302720	1303586
NC_016051	2511505185	1303583	1304311
NC_016051	2511504354	556072	556863
NC_016051	2511504355	556941	557219
NC_016051	2511505188	1305912	1306757
NC_016051	2511504357	557526	557873
NC_016051	2511504350	552508	553095
NC_016051	2511504351	553122	553508
NC_016051	2511504352	553608	554948
NC_016051	2511504353	554950	556026
NC_016051	2511505348	1451073	1452053
NC_016051	2511505349	1452065	1452496
NC_016051	2511503818	53812	54639
NC_016051	2511503819	54639	56504
NC_016051	2511505344	1446883	1448166
NC_016051	2511505345	1448163	1449041
NC_016051	2511505346	1449034	1449945
NC_016051	2511503815	52892	53185
NC_016051	2511503812	50577	51425
NC_016051	2511505341	1443740	1444795
NC_016051	2511503810	48939	50174
NC_016051	2511505343	1445912	1446838
NC_016051	2511504270	487266	489158
NC_016051	2511503816	53209	53397
NC_016051	2511504769	927125	928726
NC_016051	2511504768	926029	927111
NC_016051	2511503817	53394	53678
NC_016051	2511504765	922384	923649
NC_016051	2511504764	921804	922394
NC_016051	2511504766	923723	925111
NC_016051	2511504761	918978	919745
NC_016051	2511504760	918126	918917
NC_016051	2511504763	920812	921729
NC_016051	2511504762	919829	920806
NC_016051	2511505960	2009048	2009326
NC_016051	2511505961	2009871	2010245
NC_016051	2511505962	2010286	2011062
NC_016051	2511505963	2011198	2012031
NC_016051	2511505964	2012114	2014471
NC_016051	2511505965	2014477	2015457
NC_016051	2511505966	2015458	2016423
NC_016051	2511505967	2016420	2017391
NC_016051	2511505968	2017393	2018325
NC_016051	2511505969	2018328	2019308
NC_016051	2511504611	786010	786603
NC_016051	2511504610	785420	785968
NC_016051	2511504613	788096	788293
NC_016051	2511504612	786661	787755
NC_016051	2511504615	788745	789338
NC_016051	2511504614	788296	788580
NC_016051	2511504617	789671	790654
NC_016051	2511504616	789339	789665
NC_016051	2511504619	791024	791347
NC_016051	2511504618	790651	791034
NC_016051	2511504905	1078701	1080578
NC_016051	2511504904	1076127	1078607
NC_016051	2511504907	1081462	1082145
NC_016051	2511504906	1080742	1081449
NC_016051	2511504901	1071546	1072898
NC_016051	2511504900	1071148	1071549
NC_016051	2511504903	1074666	1075955
NC_016051	2511504902	1072949	1074664
NC_016051	2511504909	1082907	1083125
NC_016051	2511505748	1823805	1824695
NC_016051	2511505749	1824817	1825950
NC_016051	2511505740	1814111	1815004
NC_016051	2511505741	1815050	1815964
NC_016051	2511505742	1816281	1816445
NC_016051	2511505743	1816493	1818259
NC_016051	2511505744	1818831	1819070
NC_016051	2511505745	1819568	1820572
NC_016051	2511505746	1820617	1822587
NC_016051	2511505747	1823093	1823818
NC_016051	2511505326	1429800	1430042
NC_016051	2511505988	2042007	2043269
NC_016051	2511505989	2043344	2044666
NC_016051	2511503831	66235	66471
NC_016051	2511505982	2032655	2033986
NC_016051	2511505983	2034026	2038159
NC_016051	2511505980	2030302	2031720
NC_016051	2511505981	2031756	2032655
NC_016051	2511505986	2039746	2041116
NC_016051	2511503832	66727	67722
NC_016051	2511505984	2038187	2039302
NC_016051	2511505985	2039325	2039723
NC_016051	2511504839	993106	995052
NC_016051	2511504838	992328	993062
NC_016051	2511503833	67724	68218
NC_016051	2511504831	984952	985212
NC_016051	2511504830	982734	984824
NC_016051	2511504833	987205	987630
NC_016051	2511504832	985252	987204
NC_016051	2511504835	989481	990395
NC_016051	2511504834	987806	989413
NC_016051	2511504837	990656	992344
NC_016051	2511505323	1426404	1428362
NC_016051	2511503836	70469	70642
NC_016051	2511505321	1425310	1425429
NC_016051	2511505407	1494224	1494592
NC_016051	2511505406	1493508	1494137
NC_016051	2511505404	1492356	1493189
NC_016051	2511505403	1491748	1492275
NC_016051	2511505402	1491066	1491743
NC_016051	2511505401	1490302	1491066
NC_016051	2511505400	1489626	1490315
NC_016051	2511505409	1494776	1494937
NC_016051	2511505408	1494585	1494779
NC_016051	2511504169	389776	391758
NC_016051	2511504168	389539	389760
NC_016051	2511504163	386104	386478
NC_016051	2511504162	385044	386117
NC_016051	2511504161	384775	385038
NC_016051	2511504160	384591	384785
NC_016051	2511504167	388562	389353
NC_016051	2511504166	387813	388556
NC_016051	2511504165	386818	387813
NC_016051	2511504164	386475	386792
NC_016051	2511505579	1655558	1656574
NC_016051	2511505578	1655163	1655555
NC_016051	2511505573	1650714	1650968
NC_016051	2511505572	1650261	1650644
NC_016051	2511505571	1649564	1650163
NC_016051	2511505570	1647388	1649445
NC_016051	2511505577	1654840	1655166
NC_016051	2511505576	1652477	1654795
NC_016051	2511505575	1651275	1652384
NC_016051	2511505574	1651013	1651273
NC_016051	2511504054	278495	278788
NC_016051	2511503759	477	1316
NC_016051	2511504299	515071	515529
NC_016051	2511504298	514817	515074
NC_016051	2511504295	513180	513677
NC_016051	2511504294	511596	513170
NC_016051	2511504297	514053	514820
NC_016051	2511504296	513674	514060
NC_016051	2511504291	509477	510349
NC_016051	2511504290	508789	509439
NC_016051	2511504293	511013	511552
NC_016051	2511504292	510555	511016
NC_016051	2511503931	152143	153807
NC_016051	2511503930	151522	152016
NC_016051	2511503933	155004	155303
NC_016051	2511503932	153798	154961
NC_016051	2511503935	156047	156250
NC_016051	2511503934	155413	156003
NC_016051	2511503937	156654	157541
NC_016051	2511503939	159862	160410
NC_016051	2511503938	157638	159107
NC_016051	2511504581	749502	750059
NC_016051	2511504580	748864	749481
NC_016051	2511504583	752826	754181
NC_016051	2511504582	750183	752639
NC_016051	2511504585	754722	754991
NC_016051	2511504584	754262	754534
NC_016051	2511504587	760097	760798
NC_016051	2511504586	754988	760087
NC_016051	2511504589	761233	762726
NC_016051	2511504588	760845	761099
NC_016051	2511505191	1308335	1308841
NC_016051	2511505190	1307935	1308216
NC_016051	2511504341	548038	548553
NC_016051	2511504340	546715	547944
NC_016051	2511504347	551015	551476
NC_016051	2511505194	1309564	1310598
NC_016051	2511504345	550151	550528
NC_016051	2511504344	549496	550047
NC_016051	2511505199	1313197	1318392
NC_016051	2511505198	1312703	1313197
NC_016051	2511504349	552097	552441
NC_016051	2511504348	551570	552100
NC_016051	2511505353	1455123	1455869
NC_016051	2511505352	1454000	1455139
NC_016051	2511505351	1452966	1453913
NC_016051	2511505350	1452483	1452887
NC_016051	2511503809	47703	48875
NC_016051	2511503808	46425	47621
NC_016051	2511505355	1456973	1457167
NC_016051	2511505354	1455925	1456902
NC_016051	2511503805	43804	43983
NC_016051	2511503804	42331	43647
NC_016051	2511503807	44913	46205
NC_016051	2511505358	1457802	1458098
NC_016051	2511503801	39563	39973
NC_016051	2511503800	38723	39517
NC_016051	2511503803	41478	42347
NC_016051	2511503802	39979	41481
NC_016051	2511504750	910019	911929
NC_016051	2511504751	911911	912213
NC_016051	2511504752	912226	912873
NC_016051	2511504753	912933	913187
NC_016051	2511504754	913293	913754
NC_016051	2511504755	913851	914840
NC_016051	2511504756	914845	915324
NC_016051	2511504757	915314	916303
NC_016051	2511504758	916300	917112
NC_016051	2511504759	917161	918129
NC_016051	2511506027	2078254	2078463
NC_016051	2511505977	2025879	2027222
NC_016051	2511505976	2025520	2025882
NC_016051	2511505975	2024367	2025452
NC_016051	2511505974	2023517	2024302
NC_016051	2511505973	2023075	2023524
NC_016051	2511505972	2022863	2023072
NC_016051	2511505971	2021412	2022866
NC_016051	2511505970	2019359	2021212
NC_016051	2511505979	2028323	2030239
NC_016051	2511505978	2027228	2028250
NC_016051	2511504624	792883	793518
NC_016051	2511504625	793544	794413
NC_016051	2511504626	794503	794760
NC_016051	2511504627	794729	795193
NC_016051	2511504620	791381	791689
NC_016051	2511504621	791717	792067
NC_016051	2511504622	792145	792543
NC_016051	2511504623	792662	792886
NC_016051	2511504628	795190	795618
NC_016051	2511504629	795628	796563
NC_016051	2511503860	95291	95761
NC_016051	2511504938	1108991	1109719
NC_016051	2511504939	1109884	1110336
NC_016051	2511504932	1103548	1104726
NC_016051	2511504935	1105704	1106552
NC_016051	2511504936	1106542	1107630
NC_016051	2511504937	1107676	1108821
NC_016051	2511505759	1832960	1835302
NC_016051	2511505758	1831821	1832969
NC_016051	2511505755	1830467	1831198
NC_016051	2511505754	1829685	1830470
NC_016051	2511505753	1828647	1829498
NC_016051	2511505752	1827231	1828646
NC_016051	2511505751	1826758	1827222
NC_016051	2511505750	1825997	1826485
NC_016051	2511505999	2054788	2055069
NC_016051	2511505998	2052674	2054656
NC_016051	2511505991	2045428	2046720
NC_016051	2511505990	2044696	2045442
NC_016051	2511505993	2048179	2048487
NC_016051	2511505992	2046858	2048048
NC_016051	2511505995	2049594	2050787
NC_016051	2511505994	2048497	2049612
NC_016051	2511505997	2051587	2052333
NC_016051	2511505996	2050844	2051572
NC_016051	2511504808	961733	962167
NC_016051	2511504809	962143	962292
NC_016051	2511504804	957973	958455
NC_016051	2511504805	958550	960940
NC_016051	2511504806	960997	961461
NC_016051	2511504807	961461	961706
NC_016051	2511504800	954496	956184
NC_016051	2511504801	956194	956415
NC_016051	2511504802	956410	956697
NC_016051	2511504803	956728	957591
NC_016051	2511504118	349086	350372
NC_016051	2511504119	350420	350728
NC_016051	2511504116	345788	347239
NC_016051	2511504117	347266	348873
NC_016051	2511504114	344107	344340
NC_016051	2511504115	344388	345713
NC_016051	2511504112	343526	343693
NC_016051	2511504113	343690	344022
NC_016051	2511504110	342160	342744
NC_016051	2511504111	342774	343523
NC_016051	2511505508	1591583	1592053
NC_016051	2511505509	1592063	1592974
NC_016051	2511505506	1590061	1590915
NC_016051	2511505507	1591008	1591502
NC_016051	2511505504	1588700	1589647
NC_016051	2511505505	1589622	1590074
NC_016051	2511505502	1587025	1587453
NC_016051	2511505503	1587450	1588694
NC_016051	2511505500	1584568	1586067
NC_016051	2511505501	1586201	1587028
NC_016051	2511503768	8669	9403
NC_016051	2511503769	9776	10174
NC_016051	2511503760	1445	1786
NC_016051	2511503761	1927	2559
NC_016051	2511503764	3018	4133
NC_016051	2511503765	4136	4564
NC_016051	2511503766	4761	7427
NC_016051	2511503767	7432	8568
NC_016051	2511504022	236445	237464
NC_016051	2511504023	237598	238530
NC_016051	2511504020	233433	235505
NC_016051	2511504021	235510	236448
NC_016051	2511504026	240659	241081
NC_016051	2511504027	241438	242091
NC_016051	2511504024	238534	239964
NC_016051	2511504025	240051	240626
NC_016051	2511504028	242112	242225
NC_016051	2511504029	242561	243352
NC_016051	2511505212	1327906	1328670
NC_016051	2511505213	1328667	1329365
NC_016051	2511505210	1326346	1327167
NC_016051	2511505211	1327160	1327906
NC_016051	2511505216	1330507	1330983
NC_016051	2511505217	1331148	1333820
NC_016051	2511505214	1329389	1330171
NC_016051	2511505215	1330209	1330448
NC_016051	2511505218	1333907	1334533
NC_016051	2511505219	1334538	1335485
NC_016051	2511503904	128648	129448
NC_016051	2511503905	129607	130272
NC_016051	2511503906	130277	130612
NC_016051	2511503907	130634	131446
NC_016051	2511503900	126673	127263
NC_016051	2511503901	127336	127551
NC_016051	2511503902	127648	128469
NC_016051	2511503903	128472	128651
NC_016051	2511503908	131443	132252
NC_016051	2511503909	132262	132855
NC_016051	2511504336	544857	545078
NC_016051	2511504337	545419	545592
NC_016051	2511504334	544024	544440
NC_016051	2511504335	544421	544843
NC_016051	2511504332	542998	543342
NC_016051	2511504333	543332	543475
NC_016051	2511504330	542028	542570
NC_016051	2511504331	542604	542855
NC_016051	2511504338	545585	545962
NC_016051	2511504339	545986	546135
NC_016051	2511503830	65816	66235
NC_016051	2511505327	1430044	1431231
NC_016051	2511505324	1428426	1429052
NC_016051	2511505325	1429018	1429719
NC_016051	2511505322	1425404	1426324
NC_016051	2511503835	69129	70118
NC_016051	2511505320	1424795	1425310
NC_016051	2511503837	70639	71430
NC_016051	2511503838	71432	72205
NC_016051	2511503839	72202	72633
NC_016051	2511505328	1431252	1432406
NC_016051	2511505329	1432431	1433792
NC_016051	2511504248	458872	459552
NC_016051	2511504249	459615	460547
NC_016051	2511504242	452805	453455
NC_016051	2511504243	453694	455853
NC_016051	2511504240	450798	451577
NC_016051	2511504241	451633	452169
NC_016051	2511504246	457852	458055
NC_016051	2511504247	458039	458740
NC_016051	2511504244	455884	456684
NC_016051	2511504245	456668	457855
NC_016051	2511505038	1184525	1185238
NC_016051	2511505039	1185284	1185505
NC_016051	2511505032	1180712	1182097
NC_016051	2511505033	1182182	1182772
NC_016051	2511505030	1179746	1180213
NC_016051	2511505031	1180225	1180671
NC_016051	2511505036	1183612	1184205
NC_016051	2511505037	1184206	1184457
NC_016051	2511505034	1182765	1183286
NC_016051	2511505035	1183329	1183601
NC_016051	2511506024	2075007	2076146
NC_016051	2511505712	1792805	1793116
NC_016051	2511506026	2077405	2078055
NC_016051	2511504747	906756	907802
NC_016051	2511504746	905237	906772
NC_016051	2511504745	903887	905179
NC_016051	2511504744	903262	903720
NC_016051	2511504743	902175	903161
NC_016051	2511504742	901366	902172
NC_016051	2511504741	900685	901269
NC_016051	2511504740	899980	900621
NC_016051	2511506020	2071629	2072633
NC_016051	2511504749	908712	909692
NC_016051	2511504748	907799	908710
NC_016051	2511506022	2074049	2074219
NC_016051	2511506023	2074338	2075006
NC_016051	2511505167	1281503	1282111
NC_016051	2511504639	807444	809402
NC_016051	2511504638	806480	807454
NC_016051	2511504633	801388	801855
NC_016051	2511504632	799985	801343
NC_016051	2511504631	797060	799942
NC_016051	2511504630	796560	797000
NC_016051	2511504637	805695	806360
NC_016051	2511504636	805034	805717
NC_016051	2511504635	804763	805020
NC_016051	2511504634	802439	804655
NC_016051	2511505698	1780104	1780307
NC_016051	2511505699	1780361	1780492
NC_016051	2511505696	1775937	1778045
NC_016051	2511505697	1778157	1779476
NC_016051	2511505694	1773928	1775094
NC_016051	2511505695	1775167	1775856
NC_016051	2511505692	1773152	1773661
NC_016051	2511505693	1773663	1773935
NC_016051	2511505690	1769949	1771394
NC_016051	2511505691	1771716	1773155
NC_016051	2511504929	1102174	1103319
NC_016051	2511504928	1101921	1102172
NC_016051	2511504927	1100036	1101853
NC_016051	2511504926	1098581	1099831
NC_016051	2511504925	1097179	1098501
NC_016051	2511504924	1096128	1096898
NC_016051	2511504923	1094974	1096092
NC_016051	2511504922	1094204	1094317
NC_016051	2511504921	1093880	1094068
NC_016051	2511504920	1093494	1093883
NC_016051	2511504813	964290	965651
NC_016051	2511504812	963484	964191
NC_016051	2511504811	962714	963460
NC_016051	2511504810	962481	962630
NC_016051	2511504817	969377	970267
NC_016051	2511504816	968151	969380
NC_016051	2511504815	967282	968148
NC_016051	2511504814	965954	967279
NC_016051	2511504819	972029	972493
NC_016051	2511504818	970519	972027
NC_016051	2511504358	557994	558572
NC_016051	2511505187	1305591	1305902
NC_016051	2511504356	557354	557515
NC_016051	2511505532	1614827	1615519
NC_016051	2511505189	1306803	1307903
NC_016051	2511504109	338176	342111
NC_016051	2511504108	335424	337796
NC_016051	2511504105	333221	334624
NC_016051	2511504104	331972	333177
NC_016051	2511504107	335104	335325
NC_016051	2511504106	334681	335094
NC_016051	2511504101	327661	329136
NC_016051	2511504100	327184	327594
NC_016051	2511504103	329919	331802
NC_016051	2511504102	329226	329873
NC_016051	2511505519	1603864	1604811
NC_016051	2511505518	1603088	1603765
NC_016051	2511505515	1600531	1601601
NC_016051	2511505514	1600290	1600562
NC_016051	2511505517	1602698	1603042
NC_016051	2511505516	1601607	1602704
NC_016051	2511505511	1594066	1597650
NC_016051	2511505510	1592980	1594056
NC_016051	2511505513	1598703	1600148
NC_016051	2511505512	1597658	1598689
NC_016051	2511503957	176653	176895
NC_016051	2511503779	21020	21691
NC_016051	2511503778	20328	21005
NC_016051	2511503777	19691	20260
NC_016051	2511503776	19410	19688
NC_016051	2511503775	17418	19340
NC_016051	2511503774	16347	17417
NC_016051	2511503773	14953	16233
NC_016051	2511503772	13729	14922
NC_016051	2511503771	10604	13519
NC_016051	2511503770	10227	10523
NC_016051	2511505066	1198239	1199042
NC_016051	2511505061	1194658	1195416
NC_016051	2511505060	1194351	1194650
NC_016051	2511505063	1195756	1196214
NC_016051	2511504031	244149	245309
NC_016051	2511504030	243340	244110
NC_016051	2511504033	247128	249398
NC_016051	2511504032	245312	246790
NC_016051	2511504035	250771	251337
NC_016051	2511504034	249624	250769
NC_016051	2511504037	252837	252965
NC_016051	2511504036	251342	252499
NC_016051	2511504039	254150	255211
NC_016051	2511504038	252989	253111
NC_016051	2511503814	52126	52833
NC_016051	2511505201	1318920	1320563
NC_016051	2511505200	1318443	1318871
NC_016051	2511505203	1320935	1321396
NC_016051	2511505202	1320573	1320941
NC_016051	2511505205	1322611	1323456
NC_016051	2511505204	1321402	1322541
NC_016051	2511505207	1324538	1325062
NC_016051	2511505206	1323493	1324491
NC_016051	2511505209	1325842	1326255
NC_016051	2511505208	1325053	1325763
NC_016051	2511503813	51494	52129
NC_016051	2511505342	1444770	1445861
NC_016051	2511503811	50171	50461
NC_016051	2511504325	538453	539238
NC_016051	2511504324	537875	538456
NC_016051	2511504327	540062	540673
NC_016051	2511504326	539240	539761
NC_016051	2511504321	535885	536613
NC_016051	2511504320	534917	535882
NC_016051	2511504323	537202	537891
NC_016051	2511504322	536589	537221
NC_016051	2511504329	541291	542022
NC_016051	2511504328	540749	541294
NC_016051	2511505335	1437464	1438465
NC_016051	2511505334	1436396	1437454
NC_016051	2511503825	61334	62095
NC_016051	2511503824	59896	61317
NC_016051	2511503823	59031	59804
NC_016051	2511503822	57853	59034
NC_016051	2511503821	57139	57744
NC_016051	2511505332	1435086	1435550
NC_016051	2511505339	1441514	1442437
NC_016051	2511505338	1439936	1441477
NC_016051	2511503829	64920	65597
NC_016051	2511503828	64121	64942
NC_016051	2511504259	473390	473689
NC_016051	2511504258	472209	473390
NC_016051	2511504251	465109	465315
NC_016051	2511504250	460624	464145
NC_016051	2511504253	466547	467236
NC_016051	2511504252	466297	466554
NC_016051	2511504255	468237	468773
NC_016051	2511504254	467247	468227
NC_016051	2511504257	471376	472203
NC_016051	2511504256	468770	471376
NC_016051	2511505029	1179027	1179734
NC_016051	2511505028	1178425	1179030
NC_016051	2511503919	141728	142897
NC_016051	2511503918	140682	141722
NC_016051	2511503913	135157	136554
NC_016051	2511505020	1174768	1175133
NC_016051	2511505023	1176429	1176599
NC_016051	2511505022	1175876	1176427
NC_016051	2511503917	139945	140685
NC_016051	2511505024	1176611	1177003
NC_016051	2511505027	1177968	1178414
NC_016051	2511505026	1177579	1177962
NC_016051	2511504648	817010	817369
NC_016051	2511504649	817366	818121
NC_016051	2511504647	815478	817004
NC_016051	2511504644	813601	814167
NC_016051	2511504645	814162	815169
NC_016051	2511504642	811429	812331
NC_016051	2511504643	812282	813547
NC_016051	2511504640	809383	810195
NC_016051	2511504641	810342	811439
NC_016051	2511504488	667248	667595
NC_016051	2511504489	667592	668200
NC_016051	2511504153	377877	378692
NC_016051	2511504480	655685	656152
NC_016051	2511504481	656280	660335
NC_016051	2511504482	660451	660624
NC_016051	2511504483	660703	661590
NC_016051	2511504484	661766	664225
NC_016051	2511504150	372844	373905
NC_016051	2511504486	664730	666175
NC_016051	2511504487	666226	667242
NC_016051	2511504151	373915	376131
NC_016051	2511504156	380172	381971
NC_016051	2511505385	1475118	1476308
NC_016051	2511505689	1768493	1769491
NC_016051	2511504154	378689	379510
NC_016051	2511505685	1766122	1766841
NC_016051	2511505684	1765703	1766125
NC_016051	2511505687	1767236	1767472
NC_016051	2511504155	379510	380202
NC_016051	2511505680	1761191	1762018
NC_016051	2511505683	1763245	1764147
NC_016051	2511503834	68228	69124
NC_016051	2511504798	953948	954217
NC_016051	2511504799	954228	954383
NC_016051	2511504794	947239	952383
NC_016051	2511504795	952388	952894
NC_016051	2511504796	952954	953187
NC_016051	2511504797	953234	953920
NC_016051	2511504790	944850	945575
NC_016051	2511504791	945578	945901
NC_016051	2511504792	945898	946110
NC_016051	2511504793	946176	946970
NC_016051	2511504866	1021604	1023313
NC_016051	2511504867	1023463	1023693
NC_016051	2511504864	1020197	1020724
NC_016051	2511504865	1020885	1021589
NC_016051	2511504862	1018741	1018905
NC_016051	2511504863	1018908	1020239
NC_016051	2511504860	1015085	1018036
NC_016051	2511504861	1018027	1018689
NC_016051	2511504868	1023716	1023907
NC_016051	2511504869	1024008	1024178
NC_016051	2511504130	358737	359177
NC_016051	2511504131	359277	359717
NC_016051	2511504132	359914	360498
NC_016051	2511504133	360665	361165
NC_016051	2511504134	361259	362386
NC_016051	2511504135	362402	362902
NC_016051	2511504136	362877	364199
NC_016051	2511504137	364205	364567
NC_016051	2511504138	364564	365097
NC_016051	2511504139	365110	365895
NC_016051	2511505520	1604814	1605791
NC_016051	2511505521	1606200	1606502
NC_016051	2511505522	1606513	1607088
NC_016051	2511505523	1607277	1608680
NC_016051	2511505524	1609411	1610163
NC_016051	2511505525	1610857	1611072
NC_016051	2511505526	1611069	1611836
NC_016051	2511505527	1611833	1612678
NC_016051	2511505528	1613051	1613254
NC_016051	2511505529	1613257	1613529
NC_016051	2511503782	23841	24374
NC_016051	2511503783	24371	24625
NC_016051	2511503780	21737	22996
NC_016051	2511503781	23141	23641
NC_016051	2511503786	25304	26011
NC_016051	2511503787	26008	26364
NC_016051	2511503784	24622	25020
NC_016051	2511503785	25017	25301
NC_016051	2511503788	26361	27848
NC_016051	2511503789	27848	29722
NC_016051	2511504004	217580	218041
NC_016051	2511504005	218068	218733
NC_016051	2511504006	218783	220654
NC_016051	2511504007	220715	222523
NC_016051	2511504000	213334	215241
NC_016051	2511504001	215245	216474
NC_016051	2511504002	217027	217299
NC_016051	2511504003	217266	217592
NC_016051	2511504008	222534	225491
NC_016051	2511504009	225488	226156
NC_016051	2511505234	1350672	1351373
NC_016051	2511505235	1351363	1351725
NC_016051	2511505236	1351731	1352333
NC_016051	2511505237	1352386	1353105
NC_016051	2511505233	1349777	1350616
NC_016051	2511505238	1353102	1354106
NC_016051	2511505239	1354184	1354888
NC_016051	2511504318	532573	534030
NC_016051	2511504319	534020	534916
NC_016051	2511504447	629800	630297
NC_016051	2511504310	524479	526002
NC_016051	2511504311	526002	526997
NC_016051	2511504312	527097	528299
NC_016051	2511504313	528310	529368
NC_016051	2511504314	529390	530259
NC_016051	2511504315	530261	531199
NC_016051	2511504316	531196	531819
NC_016051	2511504317	531806	532576
NC_016051	2511505308	1415458	1415772
NC_016051	2511505309	1415748	1416062
NC_016051	2511505300	1407021	1408328
NC_016051	2511505301	1408325	1408780
NC_016051	2511505302	1408783	1410063
NC_016051	2511505303	1410078	1410629
NC_016051	2511505304	1410741	1412657
NC_016051	2511505305	1412631	1413917
NC_016051	2511505306	1413999	1414601
NC_016051	2511505307	1414660	1415298
NC_016051	2511505067	1199106	1200425
NC_016051	2511504268	485264	485935
NC_016051	2511504269	486285	487244
NC_016051	2511504264	478751	479983
NC_016051	2511504265	480014	480430
NC_016051	2511504266	480474	481028
NC_016051	2511504267	484467	485243
NC_016051	2511504260	473658	475568
NC_016051	2511504261	475549	476286
NC_016051	2511504262	476457	477155
NC_016051	2511504263	477325	478644
NC_016051	2511505018	1173984	1174328
NC_016051	2511505019	1174332	1174757
NC_016051	2511503968	185711	186091
NC_016051	2511503969	186329	186670
NC_016051	2511505014	1172602	1173231
NC_016051	2511503967	185413	185718
NC_016051	2511505016	1173425	1173721
NC_016051	2511503965	183009	183887
NC_016051	2511505010	1170720	1170980
NC_016051	2511505011	1170992	1171711
NC_016051	2511503960	177902	178666
NC_016051	2511505013	1172126	1172596
NC_016051	2511504659	826721	827377
NC_016051	2511504658	825987	826661
NC_016051	2511504655	823664	824638
NC_016051	2511504654	823148	823516
NC_016051	2511504657	825325	825972
NC_016051	2511504656	824649	824984
NC_016051	2511504651	819391	820251
NC_016051	2511504650	818099	819394
NC_016051	2511504653	820833	823064
NC_016051	2511504652	820241	820846
NC_016051	2511504499	674650	675162
NC_016051	2511504498	674131	674337
NC_016051	2511504497	672986	674134
NC_016051	2511504496	672141	672986
NC_016051	2511504495	671593	672144
NC_016051	2511504494	671313	671603
NC_016051	2511504493	670850	671275
NC_016051	2511504492	670270	670743
NC_016051	2511504491	669230	669931
NC_016051	2511504490	668185	669225
NC_016051	2511506002	2057328	2057621
NC_016051	2511506003	2057681	2058589
NC_016051	2511505832	1910639	1911130
NC_016051	2511505833	1911148	1911351
NC_016051	2511505830	1909410	1909709
NC_016051	2511505831	1909716	1910627
NC_016051	2511505834	1911544	1911726
NC_016051	2511505835	1911836	1912435
NC_016051	2511505838	1912718	1914607
NC_016051	2511505839	1914667	1915581
NC_016051	2511504783	940843	941331
NC_016051	2511504782	939954	940703
NC_016051	2511504781	938691	939899
NC_016051	2511504780	937867	938694
NC_016051	2511504787	942782	943129
NC_016051	2511504786	942409	942816
NC_016051	2511504785	942001	942372
NC_016051	2511504784	941613	941996
NC_016051	2511504789	943810	944676
NC_016051	2511504788	943104	943796
NC_016051	2511506008	2062420	2063199
NC_016051	2511506009	2063196	2063597
NC_016051	2511505784	1867723	1869669
NC_016051	2511505785	1869666	1870283
NC_016051	2511505786	1870399	1871523
NC_016051	2511505787	1871525	1872529
NC_016051	2511505780	1864914	1865585
NC_016051	2511505781	1865742	1867127
NC_016051	2511505782	1867129	1867278
NC_016051	2511505783	1867424	1867723
NC_016051	2511505788	1872533	1873858
NC_016051	2511505789	1873905	1874507
NC_016051	2511504875	1032084	1033625
NC_016051	2511504874	1030247	1031914
NC_016051	2511504877	1034416	1047294
NC_016051	2511504876	1033622	1034362
NC_016051	2511504871	1024958	1026196
NC_016051	2511504870	1024230	1024952
NC_016051	2511504873	1028837	1030237
NC_016051	2511504872	1026183	1028840
NC_016051	2511504879	1048696	1050030
NC_016051	2511504878	1047553	1048641
NC_016051	2511505658	1738980	1740833
NC_016051	2511505659	1740847	1741806
NC_016051	2511505652	1731270	1731608
NC_016051	2511505653	1731585	1733102
NC_016051	2511505650	1729872	1731002
NC_016051	2511505651	1730999	1731181
NC_016051	2511505656	1735280	1737763
NC_016051	2511505657	1737925	1738968
NC_016051	2511505654	1733155	1733856
NC_016051	2511505655	1733840	1735063
NC_016051	2511505331	1434910	1435098
NC_016051	2511504127	356863	357498
NC_016051	2511504126	355324	356601
NC_016051	2511504125	354498	355139
NC_016051	2511504124	354051	354458
NC_016051	2511504123	353152	353994
NC_016051	2511504122	352391	353167
NC_016051	2511504121	351079	352338
NC_016051	2511504129	357805	358731
NC_016051	2511504128	357543	357821
NC_016051	2511505537	1620592	1621143
NC_016051	2511505536	1618742	1620184
NC_016051	2511505535	1617234	1618661
NC_016051	2511505534	1616632	1617117
NC_016051	2511505533	1615564	1615707
NC_016051	2511505330	1433785	1434645
NC_016051	2511505531	1613676	1614824
NC_016051	2511505530	1613536	1613655
NC_016051	2511505539	1621975	1622712
NC_016051	2511505538	1621310	1621942
NC_016051	2511503791	30627	31211
NC_016051	2511503790	29723	30616
NC_016051	2511503793	31812	32996
NC_016051	2511503792	31202	31801
NC_016051	2511503795	34287	35864
NC_016051	2511503794	33002	33682
NC_016051	2511503797	36363	36887
NC_016051	2511503796	35854	36267
NC_016051	2511503799	37684	38628
NC_016051	2511503798	36884	37687
NC_016051	2511504019	232545	233321
NC_016051	2511504018	232136	232543
NC_016051	2511504013	227834	229549
NC_016051	2511504012	227176	227622
NC_016051	2511504011	226444	227118
NC_016051	2511504010	226157	226438
NC_016051	2511504017	231864	232139
NC_016051	2511504016	231141	231794
NC_016051	2511504015	229864	230856
NC_016051	2511504014	229588	229854
NC_016051	2511505229	1344039	1344515
NC_016051	2511505228	1343468	1344034
NC_016051	2511505223	1338544	1339494
NC_016051	2511505222	1337400	1338551
NC_016051	2511505221	1336756	1337340
NC_016051	2511505220	1335561	1336730
NC_016051	2511505227	1342866	1343474
NC_016051	2511505226	1341956	1342825
NC_016051	2511505225	1340252	1341829
NC_016051	2511505224	1339556	1340245
NC_016051	2511505160	1275002	1275358
NC_016051	2511504373	569789	570238
NC_016051	2511504371	567322	568077
NC_016051	2511504376	572314	572613
NC_016051	2511504377	572607	572945
NC_016051	2511505166	1281354	1281500
NC_016051	2511504309	524158	524361
NC_016051	2511504308	522865	524013
NC_016051	2511504307	522435	522854
NC_016051	2511504306	521509	522405
NC_016051	2511504305	521193	521522
NC_016051	2511504304	520188	521189
NC_016051	2511504303	519296	520216
NC_016051	2511504302	517693	519177
NC_016051	2511504301	515807	517696
NC_016051	2511504300	515526	515810
NC_016051	2511505319	1423472	1424746
NC_016051	2511505318	1422830	1423369
NC_016051	2511505317	1422240	1422785
NC_016051	2511505316	1421886	1422239
NC_016051	2511505315	1419964	1421790
NC_016051	2511505314	1418977	1419882
NC_016051	2511505313	1417265	1418971
NC_016051	2511505312	1417081	1417287
NC_016051	2511505311	1416542	1416814
NC_016051	2511505310	1416165	1416461
NC_016051	2511503979	194316	194525
NC_016051	2511505006	1167626	1167973
NC_016051	2511503977	192626	192892
NC_016051	2511504273	490371	490832
NC_016051	2511504272	489872	490300
NC_016051	2511504271	489163	489882
NC_016051	2511503976	191391	192548
NC_016051	2511504277	494230	496656
NC_016051	2511504276	492260	494170
NC_016051	2511504275	491509	492288
NC_016051	2511504274	490819	491382
NC_016051	2511504279	497523	498023
NC_016051	2511504278	496694	497404
NC_016051	2511505003	1165709	1166101
NC_016051	2511505002	1165314	1165502
NC_016051	2511505001	1164038	1165291
NC_016051	2511505000	1163181	1163954
NC_016051	2511505007	1168126	1168893
NC_016051	2511503978	192948	194315
NC_016051	2511505005	1167353	1167616
NC_016051	2511505004	1166164	1167342
NC_016051	2511503975	190944	191240
NC_016051	2511503974	190573	190941
NC_016051	2511505009	1169946	1170713
NC_016051	2511505008	1168895	1169935
NC_016051	2511503971	187238	189058
NC_016051	2511503970	186725	187129
NC_016051	2511503973	189889	190509
NC_016051	2511503972	189041	189892
