CP003651	2518822491	1613330	1613929
CP003651	2518822490	1612180	1613211
CP003651	2518822493	1614474	1614824
CP003651	2518822492	1614025	1614486
CP003651	2518822495	1615126	1617024
CP003651	2518822494	1614791	1615063
CP003651	2518822497	1618285	1619394
CP003651	2518822496	1617191	1618285
CP003651	2518822499	1621870	1622274
CP003651	2518822498	1619456	1621888
CP003651	2518822653	1777964	1778389
CP003651	2518822652	1777083	1777787
CP003651	2518822651	1776385	1777086
CP003651	2518822650	1775537	1776388
CP003651	2518822657	1783049	1783618
CP003651	2518822656	1781133	1783043
CP003651	2518822655	1780261	1780908
CP003651	2518822654	1778499	1780079
CP003651	2518822659	1784400	1784570
CP003651	2518822658	1783648	1784397
CP003651	2518821618	783020	784756
CP003651	2518822550	1684796	1685086
CP003651	2518821619	784753	785751
CP003651	2518822259	1417079	1417597
CP003651	2518822258	1416622	1417077
CP003651	2518822257	1416209	1416553
CP003651	2518822256	1415452	1416222
CP003651	2518822255	1414167	1415420
CP003651	2518822254	1413910	1414101
CP003651	2518822253	1413293	1413700
CP003651	2518822252	1412028	1413206
CP003651	2518822251	1411754	1412017
CP003651	2518822250	1410537	1411742
CP003651	2518822553	1686900	1687145
CP003651	2518822554	1687145	1687864
CP003651	2518822555	1687997	1689052
CP003651	2518822224	1388705	1389043
CP003651	2518822557	1690350	1690718
CP003651	2518821610	773401	774528
CP003651	2518820748	820	1167
CP003651	2518820969	201261	201548
CP003651	2518821734	923615	926893
CP003651	2518820968	200269	201264
CP003651	2518821736	927454	927963
CP003651	2518821357	547326	547691
CP003651	2518821356	546891	547319
CP003651	2518821355	546473	546880
CP003651	2518821354	546241	546438
CP003651	2518821352	545925	546098
CP003651	2518821351	544893	545918
CP003651	2518821350	544273	544878
CP003651	2518821732	922045	922341
CP003651	2518821359	547849	548631
CP003651	2518821759	955501	956934
CP003651	2518821758	954560	955495
CP003651	2518821753	950300	951664
CP003651	2518821752	949121	950275
CP003651	2518821751	947908	949083
CP003651	2518821750	947658	947906
CP003651	2518821757	954360	954554
CP003651	2518821756	953172	954311
CP003651	2518821755	952919	953146
CP003651	2518821754	951654	952514
CP003651	2518821285	486094	486795
CP003651	2518821284	485855	486094
CP003651	2518821287	487509	487754
CP003651	2518821286	486820	487509
CP003651	2518821281	485109	485477
CP003651	2518821280	484945	485103
CP003651	2518821283	485661	485828
CP003651	2518821282	485470	485664
CP003651	2518821289	488844	489221
CP003651	2518821288	487789	488379
CP003651	2518821498	665021	665698
CP003651	2518821947	1135883	1136275
CP003651	2518821139	353041	354231
CP003651	2518821138	352841	353044
CP003651	2518821137	352147	352857
CP003651	2518821136	351333	352013
CP003651	2518821135	350230	351165
CP003651	2518821134	346675	346932
CP003651	2518821133	345971	346678
CP003651	2518821132	344980	345960
CP003651	2518821131	344398	344970
CP003651	2518821130	342224	344401
CP003651	2518821919	1107785	1108840
CP003651	2518821918	1107336	1107788
CP003651	2518821915	1106011	1106376
CP003651	2518821914	1105751	1106014
CP003651	2518821917	1106633	1107130
CP003651	2518821916	1106373	1106636
CP003651	2518821911	1104659	1105018
CP003651	2518821910	1103115	1104662
CP003651	2518821913	1105458	1105754
CP003651	2518821912	1105015	1105461
CP003651	2518821497	664229	664999
CP003651	2518821623	788491	789324
CP003651	2518821622	787950	788504
CP003651	2518821621	786670	787953
CP003651	2518821620	785753	786673
CP003651	2518821627	796786	797478
CP003651	2518821626	794564	796783
CP003651	2518821625	793558	794562
CP003651	2518821624	789280	792912
CP003651	2518821629	804079	805083
CP003651	2518821628	797550	803639
CP003651	2518820880	126462	128159
CP003651	2518820881	128366	129235
CP003651	2518820882	129512	130084
CP003651	2518820883	130108	131319
CP003651	2518820884	131410	133287
CP003651	2518820885	133382	134404
CP003651	2518820886	134454	134630
CP003651	2518820887	134627	134827
CP003651	2518820888	135069	136172
CP003651	2518820889	136169	137053
CP003651	2518820868	114590	116203
CP003651	2518820869	116382	117761
CP003651	2518820862	109194	109718
CP003651	2518820863	109690	110454
CP003651	2518820860	108020	108301
CP003651	2518820861	108347	109063
CP003651	2518820866	112599	114050
CP003651	2518820867	114103	114525
CP003651	2518820864	110472	111467
CP003651	2518820865	111478	112479
CP003651	2518821010	231732	232142
CP003651	2518821011	232210	233067
CP003651	2518821544	701817	703271
CP003651	2518822712	1831961	1832377
CP003651	2518822713	1832450	1834561
CP003651	2518822710	1829552	1830712
CP003651	2518822711	1830709	1831956
CP003651	2518822716	1837139	1837462
CP003651	2518822717	1837515	1838600
CP003651	2518822714	1834558	1835949
CP003651	2518822715	1836102	1836905
CP003651	2518821542	700884	701327
CP003651	2518822718	1838605	1839372
CP003651	2518822719	1839369	1839830
CP003651	2518821015	235831	236298
CP003651	2518821540	699655	700284
CP003651	2518821541	700324	700881
CP003651	2518822828	1942799	1943530
CP003651	2518821937	1125468	1126928
CP003651	2518822398	1530777	1531208
CP003651	2518821936	1124399	1125376
CP003651	2518822396	1529303	1529863
CP003651	2518822397	1529998	1530654
CP003651	2518822822	1935978	1937096
CP003651	2518822395	1529096	1529281
CP003651	2518822392	1525978	1526715
CP003651	2518821423	600888	601355
CP003651	2518822390	1523667	1525109
CP003651	2518822391	1525238	1525981
CP003651	2518821934	1122873	1123547
CP003651	2518822008	1190803	1191390
CP003651	2518822009	1191387	1191698
CP003651	2518822006	1188578	1189774
CP003651	2518821933	1121657	1122868
CP003651	2518822004	1186569	1187399
CP003651	2518822005	1187431	1188507
CP003651	2518822002	1185829	1186428
CP003651	2518822000	1184014	1184865
CP003651	2518822001	1185094	1185735
CP003651	2518821395	567525	568568
CP003651	2518821930	1118913	1119479
CP003651	2518822626	1758341	1758778
CP003651	2518822627	1758775	1759467
CP003651	2518822624	1756567	1757604
CP003651	2518822625	1757601	1758344
CP003651	2518822622	1754590	1755480
CP003651	2518822623	1755862	1756374
CP003651	2518822620	1752825	1753958
CP003651	2518821781	975582	976184
CP003651	2518821834	1023771	1027670
CP003651	2518822628	1759476	1760003
CP003651	2518822629	1760057	1760536
CP003651	2518821835	1027720	1028406
CP003651	2518821784	977710	978078
CP003651	2518821785	978048	978329
CP003651	2518821830	1019476	1020087
CP003651	2518821831	1020080	1020274
CP003651	2518822538	1668737	1669552
CP003651	2518822539	1669647	1671440
CP003651	2518822532	1664586	1666403
CP003651	2518822533	1666493	1667107
CP003651	2518822530	1662271	1663224
CP003651	2518822531	1663819	1664589
CP003651	2518822536	1667923	1668126
CP003651	2518822537	1668216	1668740
CP003651	2518822534	1667259	1667630
CP003651	2518822535	1667708	1667920
CP003651	2518821393	566480	566740
CP003651	2518821728	917724	918476
CP003651	2518821729	918451	918816
CP003651	2518821726	915076	915852
CP003651	2518821727	915849	917621
CP003651	2518821724	913823	914377
CP003651	2518821725	914522	915079
CP003651	2518821722	912537	913055
CP003651	2518821723	913178	913810
CP003651	2518821720	911513	911887
CP003651	2518821721	912003	912500
CP003651	2518821932	1119940	1121547
CP003651	2518821432	607117	607521
CP003651	2518821921	1109823	1110194
CP003651	2518821922	1110178	1110648
CP003651	2518821431	606376	607044
CP003651	2518821388	564034	564234
CP003651	2518821389	564221	564853
CP003651	2518821434	607888	608697
CP003651	2518821435	608699	609448
CP003651	2518821928	1116562	1117836
CP003651	2518821385	563136	563471
CP003651	2518821438	610934	611716
CP003651	2518821387	563731	563997
CP003651	2518821380	560863	561033
CP003651	2518821381	561035	561586
CP003651	2518821382	561598	562329
CP003651	2518821383	562329	562694
CP003651	2518822274	1430829	1431032
CP003651	2518822272	1429389	1430285
CP003651	2518821656	840331	841677
CP003651	2518821657	841729	842751
CP003651	2518821654	838814	839899
CP003651	2518821655	839972	840334
CP003651	2518821652	837642	837902
CP003651	2518821653	837910	838695
CP003651	2518821650	836171	837112
CP003651	2518821651	837295	837672
CP003651	2518821658	842823	844757
CP003651	2518821659	844909	846231
CP003651	2518822278	1434150	1434353
CP003651	2518820897	142037	142777
CP003651	2518820896	140703	142040
CP003651	2518820895	140298	140591
CP003651	2518820894	139842	140267
CP003651	2518820893	139370	139801
CP003651	2518820892	139192	139407
CP003651	2518820891	137855	139141
CP003651	2518820890	137064	137858
CP003651	2518820899	144902	145705
CP003651	2518820898	142880	144784
CP003651	2518820879	124883	126346
CP003651	2518820878	124671	124880
CP003651	2518820871	119110	119766
CP003651	2518820870	117944	119113
CP003651	2518820873	120703	121920
CP003651	2518820872	119779	120318
CP003651	2518820875	122893	123462
CP003651	2518820874	122246	122872
CP003651	2518820877	124118	124624
CP003651	2518820876	123459	124097
CP003651	2518822341	1484451	1484738
CP003651	2518822701	1820661	1822049
CP003651	2518822700	1819453	1820601
CP003651	2518822703	1823446	1824144
CP003651	2518822702	1822092	1823471
CP003651	2518822705	1824967	1825761
CP003651	2518822704	1824149	1824970
CP003651	2518822707	1826367	1827140
CP003651	2518822706	1825967	1826329
CP003651	2518822709	1827871	1829559
CP003651	2518822708	1827152	1827868
CP003651	2518821391	565340	565747
CP003651	2518822389	1522319	1523524
CP003651	2518822388	1521253	1522269
CP003651	2518822385	1518509	1518934
CP003651	2518822384	1517723	1518427
CP003651	2518822387	1520193	1521212
CP003651	2518822386	1518945	1520108
CP003651	2518822381	1513738	1514940
CP003651	2518822832	1945231	1946424
CP003651	2518822383	1516470	1517726
CP003651	2518822382	1515014	1516381
CP003651	2518822019	1198712	1199746
CP003651	2518822018	1197954	1198715
CP003651	2518822015	1194779	1195513
CP003651	2518822014	1194201	1194740
CP003651	2518822017	1196997	1197884
CP003651	2518822016	1195497	1196864
CP003651	2518822011	1192035	1192628
CP003651	2518822010	1191770	1192045
CP003651	2518822013	1193762	1194058
CP003651	2518822012	1192746	1193636
CP003651	2518822635	1762675	1763187
CP003651	2518822634	1762432	1762593
CP003651	2518822637	1764881	1765234
CP003651	2518822636	1763251	1764477
CP003651	2518822631	1760911	1761261
CP003651	2518822630	1760598	1760900
CP003651	2518822633	1762074	1762421
CP003651	2518822632	1761265	1761624
CP003651	2518822639	1766610	1767152
CP003651	2518822638	1765247	1766533
CP003651	2518822529	1660424	1662319
CP003651	2518822528	1659130	1660338
CP003651	2518822521	1648631	1650706
CP003651	2518822520	1647039	1648631
CP003651	2518822523	1651411	1652010
CP003651	2518822522	1650800	1651414
CP003651	2518822525	1653902	1654417
CP003651	2518822524	1652053	1653900
CP003651	2518822527	1655870	1658863
CP003651	2518822526	1654730	1655863
CP003651	2518822552	1685922	1686893
CP003651	2518821322	522217	522477
CP003651	2518821451	620018	620563
CP003651	2518821320	519463	519963
CP003651	2518820761	9921	10184
CP003651	2518821453	621098	621481
CP003651	2518820760	8925	9899
CP003651	2518821454	621531	621821
CP003651	2518820763	10631	11404
CP003651	2518821327	527538	528278
CP003651	2518820762	10165	10626
CP003651	2518821739	930307	931449
CP003651	2518821738	929585	930199
CP003651	2518821735	926898	927410
CP003651	2518820765	12239	13144
CP003651	2518821737	928205	929518
CP003651	2518821325	524825	526159
CP003651	2518821731	919248	921989
CP003651	2518821730	918834	919196
CP003651	2518821733	922517	923260
CP003651	2518820764	11643	12110
CP003651	2518820767	13854	15083
CP003651	2518821397	569676	570818
CP003651	2518820766	13282	13731
CP003651	2518821421	598939	600507
CP003651	2518821420	598376	598807
CP003651	2518821935	1123592	1124389
CP003651	2518821422	600517	600885
CP003651	2518821425	602649	603494
CP003651	2518821424	601362	602567
CP003651	2518821931	1119476	1119832
CP003651	2518821426	603543	604547
CP003651	2518821429	605432	605785
CP003651	2518821924	1112967	1113797
CP003651	2518821399	571574	572740
CP003651	2518821398	570935	571483
CP003651	2518821939	1127692	1129293
CP003651	2518821938	1127268	1127615
CP003651	2518821925	1113794	1114474
CP003651	2518821645	828746	830170
CP003651	2518821644	827913	828740
CP003651	2518821647	831741	832106
CP003651	2518821646	830304	831383
CP003651	2518821641	824085	825467
CP003651	2518821640	822692	824011
CP003651	2518821643	827574	827882
CP003651	2518821642	825722	827449
CP003651	2518821649	835871	836119
CP003651	2518821648	832357	835554
CP003651	2518821929	1118051	1118554
CP003651	2518820848	91845	92891
CP003651	2518820849	92984	94021
CP003651	2518820844	88451	89545
CP003651	2518820845	89594	90730
CP003651	2518820846	90777	91043
CP003651	2518820847	91085	91753
CP003651	2518820840	86130	86318
CP003651	2518820841	86418	87788
CP003651	2518820842	87844	88065
CP003651	2518820843	88159	88470
CP003651	2518822734	1852467	1853771
CP003651	2518822735	1853768	1854649
CP003651	2518822736	1854624	1856150
CP003651	2518822737	1856156	1856563
CP003651	2518822730	1850047	1850391
CP003651	2518822731	1850554	1851195
CP003651	2518822732	1851200	1852075
CP003651	2518822733	1852147	1852326
CP003651	2518822738	1856605	1857414
CP003651	2518822739	1857478	1858350
CP003651	2518822020	1199752	1200870
CP003651	2518822021	1200872	1201567
CP003651	2518822022	1201722	1202717
CP003651	2518822023	1202728	1203912
CP003651	2518822024	1203924	1204241
CP003651	2518822025	1204303	1205238
CP003651	2518822026	1205244	1206431
CP003651	2518822027	1206442	1206768
CP003651	2518822028	1206803	1207360
CP003651	2518822029	1207584	1208546
CP003651	2518822608	1741430	1742113
CP003651	2518822609	1742115	1743098
CP003651	2518822358	1496745	1497230
CP003651	2518822359	1497317	1498174
CP003651	2518822600	1731372	1732085
CP003651	2518822353	1492508	1492897
CP003651	2518822602	1733586	1735052
CP003651	2518822603	1735130	1735771
CP003651	2518822604	1735953	1738070
CP003651	2518822605	1738074	1738544
CP003651	2518822606	1738559	1738816
CP003651	2518822607	1738816	1739769
CP003651	2518821443	614095	614415
CP003651	2518822284	1439142	1439567
CP003651	2518822285	1439604	1440272
CP003651	2518822286	1440797	1441465
CP003651	2518822287	1441443	1441829
CP003651	2518822280	1435808	1436857
CP003651	2518822281	1436870	1437163
CP003651	2518822282	1437153	1437767
CP003651	2518822283	1437783	1438988
CP003651	2518822288	1441801	1442235
CP003651	2518822289	1442304	1442729
CP003651	2518822518	1643794	1644990
CP003651	2518822519	1645094	1647016
CP003651	2518822514	1637121	1639088
CP003651	2518822515	1639178	1641214
CP003651	2518822516	1641592	1642338
CP003651	2518822517	1642338	1643672
CP003651	2518822510	1631224	1631790
CP003651	2518822511	1631832	1633679
CP003651	2518822512	1633702	1634370
CP003651	2518822513	1634382	1637111
CP003651	2518821524	685820	686356
CP003651	2518821525	686423	686932
CP003651	2518821526	686929	687993
CP003651	2518821527	687990	689360
CP003651	2518821521	684335	684550
CP003651	2518821522	684600	684989
CP003651	2518821523	685182	685814
CP003651	2518821945	1133419	1133745
CP003651	2518821090	305858	306070
CP003651	2518821091	306077	307579
CP003651	2518821092	307649	308701
CP003651	2518821093	308843	309586
CP003651	2518821094	309603	310823
CP003651	2518821095	311068	311226
CP003651	2518821096	311281	311673
CP003651	2518821097	311808	312689
CP003651	2518821098	312686	314287
CP003651	2518821099	314545	314925
CP003651	2518821700	891154	892422
CP003651	2518821701	892426	893652
CP003651	2518821702	893700	894353
CP003651	2518821703	894381	895763
CP003651	2518821704	895778	897535
CP003651	2518821705	897542	897850
CP003651	2518821706	897847	898947
CP003651	2518821707	898953	899564
CP003651	2518821708	899604	900092
CP003651	2518821709	900108	902087
CP003651	2518821258	459503	460747
CP003651	2518821259	460752	462077
CP003651	2518821898	1094278	1095270
CP003651	2518821899	1095338	1095868
CP003651	2518821890	1087435	1088265
CP003651	2518821891	1088541	1089197
CP003651	2518821892	1089224	1090516
CP003651	2518821893	1090606	1090914
CP003651	2518821894	1091139	1091816
CP003651	2518821895	1091809	1092093
CP003651	2518821896	1092090	1092689
CP003651	2518821897	1092781	1094118
CP003651	2518821948	1136568	1139531
CP003651	2518821414	588441	589475
CP003651	2518821415	589565	590152
CP003651	2518821416	590133	591017
CP003651	2518821417	591058	591570
CP003651	2518821410	585242	585979
CP003651	2518821411	585976	587223
CP003651	2518821412	587272	587577
CP003651	2518821413	587587	588432
CP003651	2518821418	591746	592240
CP003651	2518821419	592255	598314
CP003651	2518821678	867416	868447
CP003651	2518821679	868474	869292
CP003651	2518821670	859117	860331
CP003651	2518821671	860368	861111
CP003651	2518821672	861179	862369
CP003651	2518821673	862439	862747
CP003651	2518821674	862758	863864
CP003651	2518821675	863870	864847
CP003651	2518821676	865221	865970
CP003651	2518821677	866206	867423
CP003651	2518821078	294422	295240
CP003651	2518821079	295221	295538
CP003651	2518821072	287242	287691
CP003651	2518821073	287698	290907
CP003651	2518821070	286160	286585
CP003651	2518821071	286763	287110
CP003651	2518821076	292992	293447
CP003651	2518821077	293437	294432
CP003651	2518821074	291053	291859
CP003651	2518821075	291954	292955
CP003651	2518820853	96416	96643
CP003651	2518820852	95842	96204
CP003651	2518820851	94983	95804
CP003651	2518820850	94022	95014
CP003651	2518820857	103680	105887
CP003651	2518820856	99095	100336
CP003651	2518820855	98640	98909
CP003651	2518820854	96654	98630
CP003651	2518820859	106753	107958
CP003651	2518820858	105888	106724
CP003651	2518822352	1491772	1492506
CP003651	2518822601	1732189	1733463
CP003651	2518822350	1490657	1491484
CP003651	2518822351	1491547	1491762
CP003651	2518822356	1493673	1494158
CP003651	2518822357	1494220	1496607
CP003651	2518822354	1492971	1493120
CP003651	2518822355	1493459	1493704
CP003651	2518822037	1213087	1213794
CP003651	2518822036	1212564	1213100
CP003651	2518822035	1211557	1212588
CP003651	2518822034	1211180	1211554
CP003651	2518822033	1210956	1211183
CP003651	2518822032	1210283	1210618
CP003651	2518822031	1209920	1210279
CP003651	2518822030	1208502	1209809
CP003651	2518822039	1214779	1215426
CP003651	2518822038	1213849	1214757
CP003651	2518822349	1489966	1490673
CP003651	2518822348	1489524	1489964
CP003651	2518822619	1752292	1752828
CP003651	2518822618	1751702	1752289
CP003651	2518822617	1751002	1751700
CP003651	2518822616	1750262	1751020
CP003651	2518822343	1485419	1486150
CP003651	2518822614	1748613	1749632
CP003651	2518822613	1747891	1748622
CP003651	2518822612	1746871	1747866
CP003651	2518822611	1744476	1745189
CP003651	2518822346	1487266	1488654
CP003651	2518822299	1450288	1451271
CP003651	2518822298	1448846	1450246
CP003651	2518822293	1445497	1445919
CP003651	2518822292	1445204	1445491
CP003651	2518822291	1443942	1445225
CP003651	2518822290	1442726	1443826
CP003651	2518822297	1447419	1448807
CP003651	2518822296	1446845	1447399
CP003651	2518822295	1446527	1446841
CP003651	2518822294	1445920	1446477
CP003651	2518822729	1849089	1849928
CP003651	2518822728	1848900	1849067
CP003651	2518822723	1844144	1844665
CP003651	2518822722	1841830	1844028
CP003651	2518822721	1840632	1841708
CP003651	2518822720	1839827	1840579
CP003651	2518822727	1846826	1848727
CP003651	2518822725	1846187	1846495
CP003651	2518822724	1844851	1846137
CP003651	2518822503	1624516	1625649
CP003651	2518822502	1623476	1624408
CP003651	2518822501	1622937	1623443
CP003651	2518822500	1622428	1622940
CP003651	2518822507	1628607	1629026
CP003651	2518822506	1627369	1628586
CP003651	2518822505	1625846	1627138
CP003651	2518822509	1630080	1631222
CP003651	2518822508	1629060	1629998
CP003651	2518822825	1938662	1939927
CP003651	2518822826	1939928	1941253
CP003651	2518821456	623064	623279
CP003651	2518821087	302696	303499
CP003651	2518821086	301355	302749
CP003651	2518821085	300016	301281
CP003651	2518821084	299442	300026
CP003651	2518821083	298451	299368
CP003651	2518821082	297576	298445
CP003651	2518821081	296608	297399
CP003651	2518821080	295638	296606
CP003651	2518821089	305451	305843
CP003651	2518821088	303740	305446
CP003651	2518821241	443601	444332
CP003651	2518821240	443185	443604
CP003651	2518821243	445160	445756
CP003651	2518821242	444378	444893
CP003651	2518821245	446086	447198
CP003651	2518821244	445859	446083
CP003651	2518821247	449657	449983
CP003651	2518821246	447291	449609
CP003651	2518821249	450375	451391
CP003651	2518821248	449980	450372
CP003651	2518821719	910525	911421
CP003651	2518821718	909908	910501
CP003651	2518821889	1083270	1087193
CP003651	2518821888	1082326	1083273
CP003651	2518821887	1080902	1081654
CP003651	2518821886	1079927	1080877
CP003651	2518821885	1079662	1079901
CP003651	2518821884	1078922	1079557
CP003651	2518821883	1078522	1078728
CP003651	2518821882	1077971	1078423
CP003651	2518821881	1077361	1077915
CP003651	2518821880	1076825	1077313
CP003651	2518821409	584376	585242
CP003651	2518821408	583369	584379
CP003651	2518821403	575648	576550
CP003651	2518821402	574867	575448
CP003651	2518821401	574089	574874
CP003651	2518821400	572905	574059
CP003651	2518821407	582744	583208
CP003651	2518821406	580949	582751
CP003651	2518821405	578089	580947
CP003651	2518821404	576571	577953
CP003651	2518821669	858717	859079
CP003651	2518821668	856794	858668
CP003651	2518821667	855696	856511
CP003651	2518821666	855465	855686
CP003651	2518821665	854084	855448
CP003651	2518821664	853660	854070
CP003651	2518821663	852509	853627
CP003651	2518821662	848427	852482
CP003651	2518821661	847167	848417
CP003651	2518821660	846271	847170
CP003651	2518821069	285754	286110
CP003651	2518821068	284456	284905
CP003651	2518821477	649839	651398
CP003651	2518821061	279562	280878
CP003651	2518821060	279149	279436
CP003651	2518821063	281292	281732
CP003651	2518821062	280875	281261
CP003651	2518821065	282880	283407
CP003651	2518821064	282314	282856
CP003651	2518821067	284040	284444
CP003651	2518821066	283414	284001
CP003651	2518820913	154040	155200
CP003651	2518820910	152323	152778
CP003651	2518820911	152747	153760
CP003651	2518820916	155992	157263
CP003651	2518820917	157265	157696
CP003651	2518820914	155216	155602
CP003651	2518820915	155685	155906
CP003651	2518820918	157955	158140
CP003651	2518820919	158181	158366
CP003651	2518821771	966678	967562
CP003651	2518821806	998931	999269
CP003651	2518821773	968793	969764
CP003651	2518821772	967613	968746
CP003651	2518821775	971099	971296
CP003651	2518821802	993672	994922
CP003651	2518821777	971982	972596
CP003651	2518821800	992309	992644
CP003651	2518820826	71950	73200
CP003651	2518820827	73272	73640
CP003651	2518820824	69940	71241
CP003651	2518820825	71248	71901
CP003651	2518820822	68858	69343
CP003651	2518820823	69530	69943
CP003651	2518820820	63711	64592
CP003651	2518820821	64688	68740
CP003651	2518820828	73676	74035
CP003651	2518820829	74028	74543
CP003651	2518821392	565747	566466
CP003651	2518822198	1367911	1368474
CP003651	2518822199	1368480	1369478
CP003651	2518822190	1361498	1362550
CP003651	2518822191	1362561	1363721
CP003651	2518822192	1363724	1364128
CP003651	2518822193	1364164	1364370
CP003651	2518822194	1364339	1364854
CP003651	2518822195	1365015	1365548
CP003651	2518822196	1365549	1365968
CP003651	2518822197	1366085	1367788
CP003651	2518821390	564859	565329
CP003651	2518822378	1509726	1510022
CP003651	2518822379	1510099	1512609
CP003651	2518822374	1505846	1506871
CP003651	2518822375	1506883	1507332
CP003651	2518822376	1507520	1508914
CP003651	2518822377	1509005	1509712
CP003651	2518822370	1503914	1504201
CP003651	2518822371	1504262	1504600
CP003651	2518822372	1504616	1504894
CP003651	2518822373	1504933	1505832
CP003651	2518821396	568570	569340
CP003651	2518822758	1880177	1881307
CP003651	2518822759	1881346	1881975
CP003651	2518822756	1879559	1879831
CP003651	2518822757	1879819	1880079
CP003651	2518822754	1876264	1876533
CP003651	2518822755	1878482	1879423
CP003651	2518822752	1874948	1875946
CP003651	2518822753	1875940	1876245
CP003651	2518822750	1872887	1873813
CP003651	2518822751	1873817	1874935
CP003651	2518822576	1707176	1707643
CP003651	2518822577	1707699	1707932
CP003651	2518822574	1705914	1706486
CP003651	2518822575	1706542	1706964
CP003651	2518822572	1704978	1705334
CP003651	2518822573	1705436	1705894
CP003651	2518822570	1702301	1703656
CP003651	2518822571	1703783	1703968
CP003651	2518822578	1707964	1708578
CP003651	2518822579	1708684	1709430
CP003651	2518821394	566747	567514
CP003651	2518822409	1542084	1543301
CP003651	2518822402	1533277	1536843
CP003651	2518822403	1536849	1537511
CP003651	2518822400	1532210	1532614
CP003651	2518822401	1532836	1533222
CP003651	2518822406	1540328	1541038
CP003651	2518822404	1537508	1537954
CP003651	2518822405	1537986	1540343
CP003651	2518821274	481355	481603
CP003651	2518821275	481600	481872
CP003651	2518821276	481869	482069
CP003651	2518821277	482177	483058
CP003651	2518821270	477982	478650
CP003651	2518821271	478948	479826
CP003651	2518821272	479837	480754
CP003651	2518821273	481011	481358
CP003651	2518821278	483061	483690
CP003651	2518821979	1164513	1165766
CP003651	2518821978	1164189	1164404
CP003651	2518821058	277934	278524
CP003651	2518821059	278527	279159
CP003651	2518821872	1071331	1071849
CP003651	2518821873	1071889	1072404
CP003651	2518821870	1066574	1068949
CP003651	2518821871	1068946	1071213
CP003651	2518821876	1073420	1074280
CP003651	2518821877	1074376	1074804
CP003651	2518821874	1072461	1072727
CP003651	2518821875	1072729	1073427
CP003651	2518821878	1074901	1075833
CP003651	2518821879	1075836	1076753
CP003651	2518821836	1028549	1032388
CP003651	2518821188	399469	400140
CP003651	2518821189	400343	401638
CP003651	2518821186	398296	399057
CP003651	2518821187	399188	399472
CP003651	2518821184	397344	397547
CP003651	2518821185	397544	398251
CP003651	2518821182	396386	397003
CP003651	2518821056	275415	277295
CP003651	2518821180	395121	395465
CP003651	2518821181	395471	396277
CP003651	2518821057	277401	277808
CP003651	2518821478	651553	652890
CP003651	2518821479	652934	653371
CP003651	2518821476	648550	649554
CP003651	2518821119	329812	330024
CP003651	2518821474	645803	646846
CP003651	2518821475	646931	648556
CP003651	2518821472	643919	644920
CP003651	2518821473	644961	645806
CP003651	2518821470	642456	642758
CP003651	2518821471	642751	643884
CP003651	2518822816	1929416	1929667
CP003651	2518821986	1171960	1172907
CP003651	2518821987	1172955	1173800
CP003651	2518821984	1168523	1170481
CP003651	2518821985	1170549	1171811
CP003651	2518821982	1166879	1167115
CP003651	2518821983	1167235	1168362
CP003651	2518821980	1165836	1166261
CP003651	2518821988	1173939	1174841
CP003651	2518821989	1174851	1176557
CP003651	2518821692	883182	884414
CP003651	2518821693	884392	885093
CP003651	2518821690	879149	880204
CP003651	2518821691	880406	882823
CP003651	2518821696	887195	888472
CP003651	2518821697	888532	889215
CP003651	2518821694	885141	886043
CP003651	2518821695	886156	887202
CP003651	2518821698	889248	890078
CP003651	2518821699	890192	891157
CP003651	2518821502	668731	670059
CP003651	2518821503	670128	671078
CP003651	2518821500	666996	667637
CP003651	2518821501	667637	668734
CP003651	2518821506	672950	673531
CP003651	2518821507	673645	674259
CP003651	2518821504	671138	671728
CP003651	2518821505	671746	672780
CP003651	2518821054	273985	274662
CP003651	2518821055	274697	275425
CP003651	2518821508	674355	674693
CP003651	2518821509	674696	675400
CP003651	2518821050	270552	272096
CP003651	2518821051	272086	272487
CP003651	2518821052	272553	273083
CP003651	2518821053	273090	273884
CP003651	2518820901	146209	146580
CP003651	2518820900	145800	146183
CP003651	2518820903	147028	147342
CP003651	2518820902	146647	147024
CP003651	2518820905	148026	148739
CP003651	2518820904	147498	147947
CP003651	2518820907	149992	150594
CP003651	2518820906	148846	149877
CP003651	2518820909	150860	152290
CP003651	2518820908	150610	150870
CP003651	2518822399	1531254	1532213
CP003651	2518822820	1932314	1933060
CP003651	2518820747	247	549
CP003651	2518822821	1933262	1935928
CP003651	2518822394	1528867	1529118
CP003651	2518822824	1937615	1938610
CP003651	2518822393	1526796	1528604
CP003651	2518820835	80503	81111
CP003651	2518820834	80162	80443
CP003651	2518820837	81634	83346
CP003651	2518820836	81108	81596
CP003651	2518820831	77380	78213
CP003651	2518820830	74685	77336
CP003651	2518820833	79157	80161
CP003651	2518820832	78243	79001
CP003651	2518822827	1941264	1942631
CP003651	2518820839	85880	86110
CP003651	2518820838	83433	85700
CP003651	2518822189	1360687	1361367
CP003651	2518822188	1359407	1360681
CP003651	2518822187	1357952	1358911
CP003651	2518822186	1356965	1357888
CP003651	2518822185	1355944	1356912
CP003651	2518822184	1354447	1355703
CP003651	2518822183	1353509	1354375
CP003651	2518822182	1352740	1353582
CP003651	2518822181	1352271	1352747
CP003651	2518822180	1351583	1352224
CP003651	2518822007	1189878	1190714
CP003651	2518822363	1500590	1501276
CP003651	2518822362	1500293	1500562
CP003651	2518822361	1500126	1500281
CP003651	2518822360	1498319	1500007
CP003651	2518822367	1502644	1503096
CP003651	2518822366	1502225	1502641
CP003651	2518822365	1501511	1502128
CP003651	2518822364	1501294	1501527
CP003651	2518822369	1503643	1503969
CP003651	2518822368	1503223	1503552
CP003651	2518822547	1680112	1681509
CP003651	2518822749	1872003	1872884
CP003651	2518822748	1871398	1872006
CP003651	2518822230	1393791	1394429
CP003651	2518822745	1865368	1866582
CP003651	2518822744	1863906	1865363
CP003651	2518822747	1868979	1871393
CP003651	2518822746	1866592	1867320
CP003651	2518822741	1859431	1860609
CP003651	2518822233	1395542	1397488
CP003651	2518822743	1862671	1863909
CP003651	2518822742	1860827	1862602
CP003651	2518821252	453030	454163
CP003651	2518822544	1675631	1675900
CP003651	2518821253	454168	455613
CP003651	2518822543	1675231	1675644
CP003651	2518821250	451509	451775
CP003651	2518822542	1674230	1675234
CP003651	2518822565	1698843	1699913
CP003651	2518822564	1698601	1698891
CP003651	2518822567	1700501	1701034
CP003651	2518822566	1699969	1700511
CP003651	2518822561	1694603	1694806
CP003651	2518822560	1694170	1694619
CP003651	2518822563	1697346	1698542
CP003651	2518822562	1694899	1696368
CP003651	2518821256	458335	458577
CP003651	2518822540	1671453	1672847
CP003651	2518822569	1701833	1702108
CP003651	2518822568	1701085	1701723
CP003651	2518821257	458581	459225
CP003651	2518821254	455646	456596
CP003651	2518821255	456686	458320
CP003651	2518821849	1042685	1044238
CP003651	2518822621	1753948	1754589
CP003651	2518822419	1549806	1550057
CP003651	2518821976	1162786	1163346
CP003651	2518822411	1544592	1545434
CP003651	2518822410	1543295	1544461
CP003651	2518822413	1545821	1546585
CP003651	2518821848	1041573	1042625
CP003651	2518822415	1546918	1547355
CP003651	2518822414	1546722	1546916
CP003651	2518822417	1547834	1549345
CP003651	2518822416	1547416	1547796
CP003651	2518821269	476501	477931
CP003651	2518821268	475068	476438
CP003651	2518821263	468272	468934
CP003651	2518821262	463721	467989
CP003651	2518821261	463350	463649
CP003651	2518821260	462138	463304
CP003651	2518821267	472568	474922
CP003651	2518821266	471031	472434
CP003651	2518821265	469934	471049
CP003651	2518821264	468934	469920
CP003651	2518821861	1057788	1059104
CP003651	2518821483	654325	654930
CP003651	2518821863	1060141	1060923
CP003651	2518821862	1059173	1060150
CP003651	2518821865	1061740	1062822
CP003651	2518821864	1060907	1061743
CP003651	2518821867	1063891	1065048
CP003651	2518821866	1062863	1063888
CP003651	2518821869	1065619	1066524
CP003651	2518821868	1065058	1065576
CP003651	2518821199	412484	413659
CP003651	2518821198	409765	412482
CP003651	2518821487	657350	657730
CP003651	2518821197	406392	409760
CP003651	2518821196	406126	406374
CP003651	2518821191	403109	404614
CP003651	2518821190	401762	403108
CP003651	2518821486	656506	657306
CP003651	2518821469	641743	642360
CP003651	2518821468	641285	641737
CP003651	2518821465	634601	639016
CP003651	2518821464	633565	634548
CP003651	2518821467	639756	641111
CP003651	2518821484	655057	656130
CP003651	2518821461	629578	631047
CP003651	2518821460	628250	629383
CP003651	2518821463	632714	633409
CP003651	2518821462	631652	632674
CP003651	2518821995	1180486	1180776
CP003651	2518821994	1180052	1180489
CP003651	2518821997	1181261	1182847
CP003651	2518821996	1180783	1181256
CP003651	2518821991	1177634	1177930
CP003651	2518821990	1176560	1177597
CP003651	2518821993	1179393	1180055
CP003651	2518821992	1177966	1179366
CP003651	2518821999	1183854	1184051
CP003651	2518821998	1182844	1183857
CP003651	2518821681	871317	871592
CP003651	2518821680	869641	871275
CP003651	2518821683	872225	873547
CP003651	2518821682	871598	872005
CP003651	2518821685	874411	875175
CP003651	2518821684	873544	874401
CP003651	2518821687	875680	876687
CP003651	2518821686	875172	875648
CP003651	2518821689	877668	879137
CP003651	2518821688	876698	877657
CP003651	2518821511	675762	676550
CP003651	2518821510	675406	675765
CP003651	2518821041	262786	263961
CP003651	2518821512	676805	677599
CP003651	2518821515	679490	680140
CP003651	2518821514	678178	678972
CP003651	2518821517	680579	682267
CP003651	2518821516	680241	680582
CP003651	2518821518	682325	683383
CP003651	2518821049	269435	270472
CP003651	2518821048	268944	269330
CP003651	2518820934	174107	174682
CP003651	2518820935	174683	175345
CP003651	2518820936	175414	176673
CP003651	2518820937	176862	177362
CP003651	2518820930	169597	170724
CP003651	2518820931	171008	172294
CP003651	2518820932	172291	173424
CP003651	2518820933	173421	174077
CP003651	2518820938	177658	178188
CP003651	2518820939	178185	178439
CP003651	2518820808	54925	55818
CP003651	2518820809	55829	56323
CP003651	2518820800	47918	49006
CP003651	2518820801	49052	50197
CP003651	2518820802	50366	51094
CP003651	2518820803	51183	51842
CP003651	2518820804	51839	52612
CP003651	2518820805	52614	53408
CP003651	2518820806	53405	53716
CP003651	2518820807	53951	54919
CP003651	2518821007	228452	229540
CP003651	2518821554	715403	716074
CP003651	2518821005	226840	227814
CP003651	2518822172	1346162	1347328
CP003651	2518822173	1347445	1347897
CP003651	2518822170	1345325	1345504
CP003651	2518821004	225914	226843
CP003651	2518822176	1349114	1349341
CP003651	2518822177	1349342	1350268
CP003651	2518822174	1347969	1348469
CP003651	2518822175	1348681	1349112
CP003651	2518821003	224329	225723
CP003651	2518822178	1350252	1350533
CP003651	2518822179	1350588	1351457
CP003651	2518821002	223425	224285
CP003651	2518821001	222576	223103
CP003651	2518821000	221962	222507
CP003651	2518822061	1236515	1239736
CP003651	2518822541	1672907	1674169
CP003651	2518821828	1018310	1018516
CP003651	2518822316	1467472	1468107
CP003651	2518822317	1468147	1468776
CP003651	2518822314	1465684	1467204
CP003651	2518822312	1464101	1465258
CP003651	2518822313	1465317	1465679
CP003651	2518822310	1461983	1463248
CP003651	2518822311	1463302	1463877
CP003651	2518822318	1468918	1470123
CP003651	2518822319	1470133	1470300
CP003651	2518822086	1258639	1259655
CP003651	2518821797	987876	989744
CP003651	2518822084	1257274	1257876
CP003651	2518822085	1257923	1258642
CP003651	2518822082	1255006	1256136
CP003651	2518822083	1256138	1257235
CP003651	2518822080	1253757	1254212
CP003651	2518822081	1254209	1255000
CP003651	2518821795	985895	986794
CP003651	2518822088	1261905	1263449
CP003651	2518822089	1263517	1264020
CP003651	2518821826	1015851	1016915
CP003651	2518821793	984841	985335
CP003651	2518821792	983921	984772
CP003651	2518822770	1887810	1888238
CP003651	2518822771	1888248	1889183
CP003651	2518822772	1889180	1889626
CP003651	2518822773	1889688	1892570
CP003651	2518822774	1892614	1893540
CP003651	2518822775	1893537	1895663
CP003651	2518822776	1895660	1896589
CP003651	2518822777	1896690	1897166
CP003651	2518822778	1897151	1897324
CP003651	2518822779	1897359	1897658
CP003651	2518821822	1013288	1013656
CP003651	2518822558	1690745	1691134
CP003651	2518822559	1691389	1694166
CP003651	2518822228	1392757	1393062
CP003651	2518822229	1393049	1393810
CP003651	2518822222	1387455	1388060
CP003651	2518822223	1388255	1388659
CP003651	2518822220	1386906	1387208
CP003651	2518822221	1387210	1387458
CP003651	2518822226	1390377	1391819
CP003651	2518822227	1391821	1392687
CP003651	2518822556	1689111	1690175
CP003651	2518822225	1389273	1390367
CP003651	2518822798	1914452	1914982
CP003651	2518822799	1915025	1915984
CP003651	2518822792	1909322	1909954
CP003651	2518822793	1909978	1910697
CP003651	2518822790	1907585	1908532
CP003651	2518822791	1908516	1909340
CP003651	2518822796	1912221	1913123
CP003651	2518822797	1913133	1914455
CP003651	2518822794	1910856	1911863
CP003651	2518822795	1911951	1912124
CP003651	2518821183	397026	397229
CP003651	2518822428	1555713	1556078
CP003651	2518822429	1556075	1556473
CP003651	2518822424	1553571	1554431
CP003651	2518822425	1554444	1554611
CP003651	2518822426	1554726	1555055
CP003651	2518822427	1555115	1555723
CP003651	2518822420	1550054	1550833
CP003651	2518822421	1551004	1551849
CP003651	2518822422	1551850	1553199
CP003651	2518822423	1553290	1553610
CP003651	2518822615	1749629	1750252
CP003651	2518821218	425139	425966
CP003651	2518821219	425966	426145
CP003651	2518821216	424552	424836
CP003651	2518821217	424840	425037
CP003651	2518821214	423631	423810
CP003651	2518821215	423792	424370
CP003651	2518821212	422746	422991
CP003651	2518821213	422988	423569
CP003651	2518821210	419988	421184
CP003651	2518821211	421472	422725
CP003651	2518821854	1051580	1052917
CP003651	2518821855	1052887	1053546
CP003651	2518821856	1053989	1054966
CP003651	2518821850	1044241	1044567
CP003651	2518821851	1045008	1049165
CP003651	2518821852	1049168	1051081
CP003651	2518821853	1051074	1051541
CP003651	2518821858	1055326	1056006
CP003651	2518821859	1055972	1056541
CP003651	2518821450	619045	620091
CP003651	2518821323	522477	523508
CP003651	2518821452	620620	621018
CP003651	2518821321	520261	521793
CP003651	2518821326	526366	527538
CP003651	2518821455	621825	623003
CP003651	2518821324	523630	524604
CP003651	2518821457	623367	625673
CP003651	2518821458	625652	625906
CP003651	2518821459	625992	628217
CP003651	2518821328	528336	529127
CP003651	2518821329	529124	530128
CP003651	2518821036	257611	258690
CP003651	2518821037	258752	259558
CP003651	2518821034	254183	255502
CP003651	2518821035	255508	257400
CP003651	2518821032	252577	253737
CP003651	2518821033	253784	254077
CP003651	2518821030	251774	252142
CP003651	2518821031	252145	252441
CP003651	2518821528	689357	690379
CP003651	2518821529	690482	691018
CP003651	2518821038	259615	260424
CP003651	2518821039	260421	261680
CP003651	2518821148	361999	363036
CP003651	2518821149	363259	364077
CP003651	2518821143	357051	357650
CP003651	2518821140	354228	356378
CP003651	2518821146	359221	361530
CP003651	2518821147	361532	361987
CP003651	2518821144	357703	358911
CP003651	2518821145	358983	359165
CP003651	2518820819	62642	63661
CP003651	2518820818	62308	62640
CP003651	2518820817	62012	62311
CP003651	2518820816	60428	61897
CP003651	2518820815	59857	60159
CP003651	2518820814	58489	59853
CP003651	2518820813	58109	58327
CP003651	2518820812	57813	57995
CP003651	2518820811	57380	57835
CP003651	2518820810	56325	57311
CP003651	2518822551	1685083	1685847
CP003651	2518820929	169096	169659
CP003651	2518820928	168812	169090
CP003651	2518820923	163051	164301
CP003651	2518820922	162122	163066
CP003651	2518820921	160591	162063
CP003651	2518820920	158363	160594
CP003651	2518820927	166811	168739
CP003651	2518820926	165487	166740
CP003651	2518820925	165166	165402
CP003651	2518820924	164510	165073
CP003651	2518822161	1333645	1334493
CP003651	2518822160	1332325	1333644
CP003651	2518822163	1336363	1336872
CP003651	2518822162	1334556	1336301
CP003651	2518822165	1338201	1339532
CP003651	2518822164	1336856	1338091
CP003651	2518822167	1340904	1342064
CP003651	2518822166	1339783	1340844
CP003651	2518822169	1343712	1345328
CP003651	2518822168	1342054	1343559
CP003651	2518822305	1456172	1457143
CP003651	2518822304	1455028	1455966
CP003651	2518822307	1459038	1459871
CP003651	2518822306	1457140	1459041
CP003651	2518822301	1452518	1453264
CP003651	2518822300	1451442	1452479
CP003651	2518822303	1454543	1454986
CP003651	2518822302	1453257	1454291
CP003651	2518822309	1461105	1461980
CP003651	2518822308	1459859	1461115
CP003651	2518822095	1272241	1273257
CP003651	2518822094	1270732	1272228
CP003651	2518822097	1274150	1275076
CP003651	2518822096	1273229	1274068
CP003651	2518822091	1264554	1265741
CP003651	2518822090	1264017	1264532
CP003651	2518822093	1266305	1270726
CP003651	2518822092	1265797	1266306
CP003651	2518822099	1275910	1277325
CP003651	2518822098	1275201	1275944
CP003651	2518822767	1886168	1887025
CP003651	2518822766	1885499	1886167
CP003651	2518822765	1884664	1885524
CP003651	2518822764	1884015	1884446
CP003651	2518822763	1883494	1884006
CP003651	2518822761	1882533	1883345
CP003651	2518822760	1881979	1882437
CP003651	2518822769	1887346	1887804
CP003651	2518822768	1887117	1887377
CP003651	2518822239	1402353	1404533
CP003651	2518822238	1401706	1402281
CP003651	2518822549	1683282	1684802
CP003651	2518822548	1681519	1683186
CP003651	2518822231	1394486	1394833
CP003651	2518822546	1677455	1680115
CP003651	2518822545	1676227	1677468
CP003651	2518822232	1394834	1395079
CP003651	2518822235	1398578	1399753
CP003651	2518822234	1397561	1398562
CP003651	2518822237	1400736	1401716
CP003651	2518822236	1399746	1400726
CP003651	2518822789	1907126	1907539
CP003651	2518822788	1906759	1907157
CP003651	2518822781	1899574	1900749
CP003651	2518822780	1897750	1899480
CP003651	2518822783	1901425	1901736
CP003651	2518822782	1900752	1901420
CP003651	2518822785	1903655	1904527
CP003651	2518822784	1901914	1903575
CP003651	2518822787	1905620	1906762
CP003651	2518822786	1904609	1905508
CP003651	2518822740	1858347	1859339
CP003651	2518822433	1558990	1559670
CP003651	2518822432	1558218	1558985
CP003651	2518822431	1557662	1558159
CP003651	2518822430	1556694	1557671
CP003651	2518822437	1562239	1563048
CP003651	2518822436	1561126	1562157
CP003651	2518822435	1560664	1561098
CP003651	2518822434	1559663	1560667
CP003651	2518822439	1563810	1564421
CP003651	2518822438	1563050	1563820
CP003651	2518820974	204956	205216
CP003651	2518820975	205276	205776
CP003651	2518821447	617498	618181
CP003651	2518821330	530179	531060
CP003651	2518820978	206779	207417
CP003651	2518821209	419774	419947
CP003651	2518821208	419405	419608
CP003651	2518820755	4798	5946
CP003651	2518821205	417532	418782
CP003651	2518821204	416331	417458
CP003651	2518821201	413981	414418
CP003651	2518821200	413673	413981
CP003651	2518821203	414878	415525
CP003651	2518821202	414429	414872
CP003651	2518821441	612644	612949
CP003651	2518821336	535730	537031
CP003651	2518821442	613435	614082
CP003651	2518821331	531209	532045
CP003651	2518821446	615247	617154
CP003651	2518821445	614808	615056
CP003651	2518821444	614430	614717
CP003651	2518821335	534886	535689
CP003651	2518821334	533444	534781
CP003651	2518821337	537122	537331
CP003651	2518821440	612070	612528
CP003651	2518821339	539377	539616
CP003651	2518821338	538034	539380
CP003651	2518821449	618667	618990
CP003651	2518821448	618247	618660
CP003651	2518820790	38133	38570
CP003651	2518820791	38551	39633
CP003651	2518820792	39732	41582
CP003651	2518820793	41687	42391
CP003651	2518820794	42475	42783
CP003651	2518820795	42807	43856
CP003651	2518820796	43980	44870
CP003651	2518820797	44912	46651
CP003651	2518820798	46648	47397
CP003651	2518821539	698549	699658
CP003651	2518821538	696316	698541
CP003651	2518821533	692320	692616
CP003651	2518821532	691800	692330
CP003651	2518821531	691612	691800
CP003651	2518821530	691055	691612
CP003651	2518821537	695233	696234
CP003651	2518821536	694386	694976
CP003651	2518821535	692869	694116
CP003651	2518821534	692627	692794
CP003651	2518821025	247116	247913
CP003651	2518821024	245288	247069
CP003651	2518821027	249733	250287
CP003651	2518821026	247900	249645
CP003651	2518821021	242463	243185
CP003651	2518821020	241240	242463
CP003651	2518821023	244264	245088
CP003651	2518821022	243212	244258
CP003651	2518821843	1035444	1036067
CP003651	2518821842	1034745	1035332
CP003651	2518821841	1034231	1034656
CP003651	2518821840	1033663	1034217
CP003651	2518821029	251085	251498
CP003651	2518821028	250270	251088
CP003651	2518821845	1037066	1040452
CP003651	2518821844	1036057	1037073
CP003651	2518821159	369708	370178
CP003651	2518821151	365352	365537
CP003651	2518821150	364196	365314
CP003651	2518821153	366043	366534
CP003651	2518821152	365558	366016
CP003651	2518821155	367271	368290
CP003651	2518821154	366615	367265
CP003651	2518821157	368723	369163
CP003651	2518821156	368367	368684
CP003651	2518820778	26622	27302
CP003651	2518820779	27419	27979
CP003651	2518820958	194962	195540
CP003651	2518820959	195634	195951
CP003651	2518820956	192615	193955
CP003651	2518820773	21487	21732
CP003651	2518820954	191071	191532
CP003651	2518820955	191529	192605
CP003651	2518820952	188232	189533
CP003651	2518820953	189610	190953
CP003651	2518820950	186762	187448
CP003651	2518820951	187547	188140
CP003651	2518822154	1328682	1329188
CP003651	2518822155	1329396	1329668
CP003651	2518822156	1329661	1330827
CP003651	2518822157	1330829	1331281
CP003651	2518822151	1324943	1325815
CP003651	2518822152	1325819	1326724
CP003651	2518822153	1327244	1328689
CP003651	2518822158	1331274	1331480
CP003651	2518822159	1331577	1332254
CP003651	2518822418	1549468	1549716
CP003651	2518822208	1378612	1379751
CP003651	2518822209	1379767	1380552
CP003651	2518822204	1375077	1375751
CP003651	2518822205	1375797	1376801
CP003651	2518822206	1377079	1377891
CP003651	2518822207	1377950	1378588
CP003651	2518822200	1369587	1370906
CP003651	2518822201	1370949	1371557
CP003651	2518822202	1371554	1373500
CP003651	2518822203	1373512	1374891
CP003651	2518821920	1108837	1109826
CP003651	2518822412	1545585	1545824
CP003651	2518821433	607596	607859
CP003651	2518821430	605855	606379
CP003651	2518822338	1481423	1483309
CP003651	2518822339	1483443	1483844
CP003651	2518821923	1110645	1112783
CP003651	2518822330	1477369	1477722
CP003651	2518821436	609445	610215
CP003651	2518822332	1478219	1479031
CP003651	2518822333	1479100	1479600
CP003651	2518822334	1479749	1480120
CP003651	2518822335	1480257	1480694
CP003651	2518822336	1480705	1481193
CP003651	2518821437	610212	610922
CP003651	2518821926	1114480	1115652
CP003651	2518821927	1115923	1116132
CP003651	2518821545	703268	705445
CP003651	2518822446	1570101	1571339
CP003651	2518821384	562705	563130
CP003651	2518822444	1568121	1569167
CP003651	2518822445	1569394	1570104
CP003651	2518822442	1567050	1567340
CP003651	2518822443	1567330	1568031
CP003651	2518822441	1565041	1566999
CP003651	2518821386	563468	563734
CP003651	2518822448	1572315	1573157
CP003651	2518822449	1573229	1574608
CP003651	2518821439	611793	612014
CP003651	2518821847	1040957	1041388
CP003651	2518821846	1040514	1040960
CP003651	2518821230	435628	436194
CP003651	2518821231	436260	436871
CP003651	2518821232	436883	437065
CP003651	2518821233	437157	437858
CP003651	2518821234	437855	438799
CP003651	2518821235	438887	439846
CP003651	2518821236	439972	440343
CP003651	2518821237	440388	441410
CP003651	2518821238	441379	441999
CP003651	2518821239	442200	443132
CP003651	2518820777	25909	26511
CP003651	2518821304	503310	504038
CP003651	2518821305	504035	504352
CP003651	2518821306	504421	506412
CP003651	2518821307	506542	508491
CP003651	2518821300	498171	499334
CP003651	2518821301	499338	499676
CP003651	2518821302	499705	500964
CP003651	2518821303	501618	503153
CP003651	2518821308	508488	508898
CP003651	2518821309	508910	509326
CP003651	2518821942	1131267	1132496
CP003651	2518821943	1132524	1132751
CP003651	2518821940	1129298	1130218
CP003651	2518821941	1130279	1131277
CP003651	2518821946	1133864	1135729
CP003651	2518821499	665817	666944
CP003651	2518821944	1132804	1133451
CP003651	2518820775	23239	24594
CP003651	2518821494	661963	662340
CP003651	2518821495	662445	663677
CP003651	2518821496	663711	664127
CP003651	2518821949	1139537	1140859
CP003651	2518821490	659871	660335
CP003651	2518821491	660279	660902
CP003651	2518821492	660996	661652
CP003651	2518821493	661649	661819
CP003651	2518820787	35839	36393
CP003651	2518820786	34874	35806
CP003651	2518820785	34218	34877
CP003651	2518820784	32933	34213
CP003651	2518820783	31202	32788
CP003651	2518820782	30335	31087
CP003651	2518820781	29035	30330
CP003651	2518820780	27933	29066
CP003651	2518820789	36856	38016
CP003651	2518820788	36383	36844
CP003651	2518821018	239374	240342
CP003651	2518821019	240425	241264
CP003651	2518821548	710010	710579
CP003651	2518821549	710576	711022
CP003651	2518821546	705445	708876
CP003651	2518821547	708881	709624
CP003651	2518821012	233068	233754
CP003651	2518821013	234026	234520
CP003651	2518821014	234508	235827
CP003651	2518821543	701347	701784
CP003651	2518821016	236374	238095
CP003651	2518821017	238105	239367
CP003651	2518821788	980827	981249
CP003651	2518821789	981246	982550
CP003651	2518821838	1032896	1033195
CP003651	2518821839	1033167	1033559
CP003651	2518821780	973530	975542
CP003651	2518821837	1032392	1032871
CP003651	2518821782	976245	977357
CP003651	2518821783	977385	977717
CP003651	2518821832	1020367	1021614
CP003651	2518821833	1021614	1023770
CP003651	2518821786	978357	979850
CP003651	2518821787	979997	980830
CP003651	2518821168	382049	383134
CP003651	2518821169	383139	383852
CP003651	2518821164	374236	375957
CP003651	2518821165	376009	377298
CP003651	2518821166	377440	379932
CP003651	2518821167	380027	381904
CP003651	2518821160	370514	370717
CP003651	2518821161	370787	372061
CP003651	2518821162	372185	372586
CP003651	2518821163	372583	373974
CP003651	2518822594	1725007	1725294
CP003651	2518822595	1725284	1726276
CP003651	2518822596	1726286	1726576
CP003651	2518822597	1726613	1728370
CP003651	2518822590	1719256	1721316
CP003651	2518822591	1721377	1722165
CP003651	2518822592	1723146	1723340
CP003651	2518822593	1724352	1725005
CP003651	2518820769	16643	17695
CP003651	2518820768	15124	16662
CP003651	2518820949	185572	186756
CP003651	2518820948	184983	185561
CP003651	2518822340	1483870	1484367
CP003651	2518820945	181656	183500
CP003651	2518820944	180172	181659
CP003651	2518820947	184405	184992
CP003651	2518820946	183501	184394
CP003651	2518820941	178840	179124
CP003651	2518820940	178436	178843
CP003651	2518820943	179831	180175
CP003651	2518820942	179127	179834
CP003651	2518822342	1484735	1485397
CP003651	2518822345	1486716	1487294
CP003651	2518822344	1486277	1486729
CP003651	2518822347	1488693	1489448
CP003651	2518822610	1743095	1744471
CP003651	2518822148	1323842	1324636
CP003651	2518822143	1319305	1320738
CP003651	2518822142	1318825	1319289
CP003651	2518822141	1317796	1318698
CP003651	2518822140	1317001	1317804
CP003651	2518822146	1322544	1323275
CP003651	2518822145	1321761	1322543
CP003651	2518822144	1320739	1321581
CP003651	2518822213	1382679	1383890
CP003651	2518822212	1382038	1382511
CP003651	2518822211	1381551	1382033
CP003651	2518822210	1380586	1381452
CP003651	2518822217	1386058	1386459
CP003651	2518822216	1385775	1386065
CP003651	2518822215	1384276	1385778
CP003651	2518822214	1383826	1384293
CP003651	2518822219	1386695	1386925
CP003651	2518822218	1386456	1386698
CP003651	2518822329	1476633	1477385
CP003651	2518822328	1476030	1476593
CP003651	2518822327	1475250	1476029
CP003651	2518822326	1473592	1475199
CP003651	2518822325	1473059	1473595
CP003651	2518822324	1472483	1473049
CP003651	2518822323	1471708	1472409
CP003651	2518822322	1471276	1471557
CP003651	2518822321	1470726	1471295
CP003651	2518822320	1470391	1470729
CP003651	2518821860	1056612	1057787
CP003651	2518822455	1578294	1578827
CP003651	2518822454	1577647	1578195
CP003651	2518822457	1579803	1580147
CP003651	2518822456	1578988	1579806
CP003651	2518822451	1575510	1576118
CP003651	2518822450	1574698	1575411
CP003651	2518822453	1576494	1577636
CP003651	2518822452	1576163	1576489
CP003651	2518822459	1580936	1582354
CP003651	2518822458	1580148	1580909
CP003651	2518821227	432319	432723
CP003651	2518821226	430938	432308
CP003651	2518821225	429770	430849
CP003651	2518821224	428614	429405
CP003651	2518821223	427958	428617
CP003651	2518821222	427708	427956
CP003651	2518821221	427136	427711
CP003651	2518821220	426149	426949
CP003651	2518821229	434200	435561
CP003651	2518821228	432737	434134
CP003651	2518821427	604693	605034
CP003651	2518821319	517923	519128
CP003651	2518821318	514940	517840
CP003651	2518821313	511785	512240
CP003651	2518821312	511093	511737
CP003651	2518821311	509862	510866
CP003651	2518821310	509419	509865
CP003651	2518821317	513670	514740
CP003651	2518821316	512957	513541
CP003651	2518821315	512579	512950
CP003651	2518821314	512347	512577
CP003651	2518821192	404716	405009
CP003651	2518821951	1142260	1143120
CP003651	2518821950	1140866	1142263
CP003651	2518821953	1144106	1145161
CP003651	2518821952	1143161	1144096
CP003651	2518821955	1145772	1146245
CP003651	2518821954	1145242	1145808
CP003651	2518821957	1147649	1148287
CP003651	2518821956	1146898	1147647
CP003651	2518821959	1148797	1149324
CP003651	2518821489	658624	659691
CP003651	2518821488	657749	658579
CP003651	2518820772	19718	21508
CP003651	2518820957	194148	194960
CP003651	2518820770	17692	18585
CP003651	2518821428	605066	605374
CP003651	2518820771	18631	19626
CP003651	2518821559	719474	720763
CP003651	2518821558	718905	719336
CP003651	2518821009	230279	231658
CP003651	2518821008	229518	230177
CP003651	2518821555	716076	716318
CP003651	2518820776	24823	25875
CP003651	2518821557	717482	718798
CP003651	2518821556	716329	717471
CP003651	2518821551	711272	712195
CP003651	2518821550	711019	711228
CP003651	2518821553	713257	715398
CP003651	2518821552	712265	713260
CP003651	2518821829	1018707	1019330
CP003651	2518820774	21811	22458
CP003651	2518821799	990772	992232
CP003651	2518821798	989760	990761
CP003651	2518821825	1015063	1015734
CP003651	2518821824	1014683	1015066
CP003651	2518821827	1016965	1017999
CP003651	2518821794	985427	985918
CP003651	2518821821	1012447	1013220
CP003651	2518821820	1011889	1012347
CP003651	2518821823	1013945	1014673
CP003651	2518821790	982560	983513
CP003651	2518821466	639098	639652
CP003651	2518821296	493728	494096
CP003651	2518821297	494142	495473
CP003651	2518821173	386364	387686
CP003651	2518821172	385507	386367
CP003651	2518821171	384735	385457
CP003651	2518821170	383958	384575
CP003651	2518821177	390740	392221
CP003651	2518821176	389985	390686
CP003651	2518821175	389204	389956
CP003651	2518821174	387784	389106
CP003651	2518821292	491316	491807
CP003651	2518821179	393868	395124
CP003651	2518821178	392381	393868
CP003651	2518821293	491808	492089
CP003651	2518821290	489201	490382
CP003651	2518821743	935609	936136
CP003651	2518820970	201545	202198
CP003651	2518820971	202269	203591
CP003651	2518820972	203740	204180
CP003651	2518820973	204190	204951
CP003651	2518820758	7310	8500
CP003651	2518820759	8503	8775
CP003651	2518820976	206278	206538
CP003651	2518820977	206573	206722
CP003651	2518820754	3952	4797
CP003651	2518820979	207381	207638
CP003651	2518820756	5943	6455
CP003651	2518820757	6459	7310
CP003651	2518820750	2097	2486
CP003651	2518820751	2668	3093
CP003651	2518820752	3121	3414
CP003651	2518820753	3395	3955
CP003651	2518820998	220391	221086
CP003651	2518820999	221133	221885
CP003651	2518820992	216113	216751
CP003651	2518820993	216982	217287
CP003651	2518820990	215043	215339
CP003651	2518820991	215418	216116
CP003651	2518820996	218540	219775
CP003651	2518820997	219895	220404
CP003651	2518820994	217334	218137
CP003651	2518820995	218253	218543
CP003651	2518822042	1217263	1217772
CP003651	2518822043	1217763	1219049
CP003651	2518822040	1215431	1216354
CP003651	2518822041	1216415	1217266
CP003651	2518822046	1220607	1222535
CP003651	2518822047	1222666	1223214
CP003651	2518822045	1219478	1220584
CP003651	2518822048	1223226	1224512
CP003651	2518822049	1224516	1224965
CP003651	2518822138	1315477	1315680
CP003651	2518822139	1315749	1316921
CP003651	2518822136	1314008	1314748
CP003651	2518822137	1314812	1315345
CP003651	2518822134	1311054	1312823
CP003651	2518822135	1312843	1313898
CP003651	2518822132	1306915	1308732
CP003651	2518822133	1309034	1311010
CP003651	2518822131	1305558	1306682
CP003651	2518822266	1424905	1425666
CP003651	2518822267	1425676	1427139
CP003651	2518822264	1421485	1422162
CP003651	2518822265	1422168	1424741
CP003651	2518822262	1418903	1420051
CP003651	2518822263	1420093	1421391
CP003651	2518822260	1417600	1418232
CP003651	2518822261	1418237	1418839
CP003651	2518822598	1728545	1730326
CP003651	2518822599	1730433	1731278
CP003651	2518822268	1427129	1427485
CP003651	2518822269	1427490	1427999
CP003651	2518822680	1801551	1801910
CP003651	2518822681	1802019	1803299
CP003651	2518822682	1803277	1803720
CP003651	2518822683	1803717	1804019
CP003651	2518822684	1804010	1804699
CP003651	2518822685	1804709	1805575
CP003651	2518822686	1805768	1806472
CP003651	2518822687	1806624	1807085
CP003651	2518822688	1807132	1807593
CP003651	2518822689	1807687	1809123
CP003651	2518822468	1588113	1589090
CP003651	2518822469	1589095	1589859
CP003651	2518822460	1582458	1583210
CP003651	2518822461	1583222	1584415
CP003651	2518822462	1584525	1585133
CP003651	2518822463	1585126	1585704
CP003651	2518822464	1585739	1586308
CP003651	2518822465	1586456	1587172
CP003651	2518822466	1587138	1587569
CP003651	2518822467	1587689	1588126
CP003651	2518822668	1790756	1791331
CP003651	2518822669	1791328	1791789
CP003651	2518822662	1785482	1786771
CP003651	2518822663	1786901	1788097
CP003651	2518822660	1784567	1784899
CP003651	2518822661	1784960	1785397
CP003651	2518822666	1789441	1790169
CP003651	2518822667	1790126	1790707
CP003651	2518822664	1788244	1788999
CP003651	2518822665	1788996	1789406
CP003651	2518821043	264302	265189
CP003651	2518821513	677583	677945
CP003651	2518821040	261683	262783
CP003651	2518821047	268406	268939
CP003651	2518821046	267577	268404
CP003651	2518821045	266763	267623
CP003651	2518821044	265285	266766
CP003651	2518821368	553807	554079
CP003651	2518821369	554122	554649
CP003651	2518821366	552944	553195
CP003651	2518821367	553196	553789
CP003651	2518821364	551102	552106
CP003651	2518821365	552167	552874
CP003651	2518821362	549626	550075
CP003651	2518821360	548660	549076
CP003651	2518821361	549073	549615
CP003651	2518821964	1151114	1151575
CP003651	2518821965	1151519	1152193
CP003651	2518821966	1152190	1152537
CP003651	2518821967	1152623	1154080
CP003651	2518821960	1149435	1149686
CP003651	2518821961	1149726	1150289
CP003651	2518821962	1150286	1150864
CP003651	2518821968	1154120	1154419
CP003651	2518821969	1154425	1156191
CP003651	2518821560	720881	721885
CP003651	2518821561	721916	722083
CP003651	2518821562	722106	722795
CP003651	2518821563	722843	725446
CP003651	2518821564	725419	726114
CP003651	2518821565	726277	727611
CP003651	2518821566	727574	729586
CP003651	2518821567	729661	730254
CP003651	2518821568	730285	731292
CP003651	2518821569	731426	732259
CP003651	2518821762	957409	957945
CP003651	2518821763	957961	958701
CP003651	2518821812	1004541	1004846
CP003651	2518821761	957193	957405
CP003651	2518821814	1005559	1006932
CP003651	2518821767	962631	963740
CP003651	2518821764	958707	960242
CP003651	2518821765	960226	961563
CP003651	2518821818	1009751	1010542
CP003651	2518821819	1010544	1011818
CP003651	2518821768	963772	964488
CP003651	2518821769	964485	965429
CP003651	2518821588	750312	751949
CP003651	2518821589	752054	752578
CP003651	2518821582	744830	745183
CP003651	2518821583	745210	745917
CP003651	2518821580	743785	744372
CP003651	2518821581	744390	744788
CP003651	2518821586	748025	748993
CP003651	2518821587	748990	750018
CP003651	2518821584	745951	746745
CP003651	2518821585	747069	747863
CP003651	2518821106	318560	319807
CP003651	2518821107	319811	320167
CP003651	2518821104	316963	317796
CP003651	2518821105	317771	318508
CP003651	2518821103	315825	316970
CP003651	2518821100	314936	315223
CP003651	2518822836	1948088	1948891
CP003651	2518822835	1947426	1947959
CP003651	2518821108	320232	322289
CP003651	2518821109	322350	323666
CP003651	2518822834	1946942	1947424
CP003651	2518822833	1946427	1946942
CP003651	2518822380	1512606	1513379
CP003651	2518822831	1944238	1944945
CP003651	2518822830	1943891	1944235
CP003651	2518821279	483758	484702
CP003651	2518820967	199800	200282
CP003651	2518820966	199351	199806
CP003651	2518820965	198918	199340
CP003651	2518820964	198210	198677
CP003651	2518820963	197951	198208
CP003651	2518820962	197383	197847
CP003651	2518820961	196735	197361
CP003651	2518820960	195943	196671
CP003651	2518821612	775905	777434
CP003651	2518821613	777584	779953
CP003651	2518820749	1382	1858
CP003651	2518821611	774562	775908
CP003651	2518821616	782012	782251
CP003651	2518821617	782242	782961
CP003651	2518821614	779963	780958
CP003651	2518821615	781049	782008
CP003651	2518820989	214830	215039
CP003651	2518820988	213919	214746
CP003651	2518820981	208083	208415
CP003651	2518820980	207702	208052
CP003651	2518820983	209376	209702
CP003651	2518820982	208393	209376
CP003651	2518820985	210948	211520
CP003651	2518820984	209753	210985
CP003651	2518820987	212063	213919
CP003651	2518820986	211570	212118
CP003651	2518822051	1225213	1225722
CP003651	2518822050	1224962	1225213
CP003651	2518822053	1227168	1228466
CP003651	2518822052	1225810	1227171
CP003651	2518822055	1229236	1231353
CP003651	2518822054	1228528	1229190
CP003651	2518822057	1232710	1233288
CP003651	2518822056	1231347	1232618
CP003651	2518822059	1234131	1235375
CP003651	2518822058	1233325	1234134
CP003651	2518822129	1304789	1305154
CP003651	2518822128	1304001	1304783
CP003651	2518822125	1301769	1303091
CP003651	2518822124	1300803	1301711
CP003651	2518822127	1303458	1303994
CP003651	2518822126	1303097	1303468
CP003651	2518822121	1297575	1298699
CP003651	2518822120	1296544	1297476
CP003651	2518822123	1300097	1300846
CP003651	2518822122	1298686	1299882
CP003651	2518822275	1431424	1432758
CP003651	2518821717	908746	909492
CP003651	2518822277	1433517	1434113
CP003651	2518822276	1432857	1433438
CP003651	2518822271	1429050	1429367
CP003651	2518822270	1428082	1428963
CP003651	2518822273	1430295	1430789
CP003651	2518821716	908198	908725
CP003651	2518822279	1434460	1435662
CP003651	2518821715	906506	908197
CP003651	2518821714	906001	906429
CP003651	2518821713	904752	905666
CP003651	2518821712	903232	904755
CP003651	2518821711	902540	903232
CP003651	2518821710	902089	902400
CP003651	2518822697	1814356	1817238
CP003651	2518822696	1813680	1814372
CP003651	2518822695	1813399	1813680
CP003651	2518822694	1813118	1813399
CP003651	2518822693	1812300	1813046
CP003651	2518822692	1811663	1812334
CP003651	2518822691	1809352	1811583
CP003651	2518822690	1809155	1809349
CP003651	2518822699	1819212	1819403
CP003651	2518822698	1817249	1819057
CP003651	2518822479	1601064	1602503
CP003651	2518822478	1599075	1600913
CP003651	2518822477	1598000	1599064
CP003651	2518822476	1597374	1597967
CP003651	2518822475	1595320	1597329
CP003651	2518822474	1594608	1595231
CP003651	2518822473	1592472	1594607
CP003651	2518822472	1591092	1592327
CP003651	2518822471	1590593	1591102
CP003651	2518822470	1590029	1590544
CP003651	2518822679	1801166	1801546
CP003651	2518822678	1799884	1801101
CP003651	2518822671	1793285	1794475
CP003651	2518822670	1791798	1793078
CP003651	2518822673	1795851	1797269
CP003651	2518822672	1794518	1795840
CP003651	2518822675	1797893	1798159
CP003651	2518822674	1797625	1797891
CP003651	2518822677	1799019	1799825
CP003651	2518822676	1798224	1798904
CP003651	2518822589	1718244	1719263
CP003651	2518822588	1717179	1718111
CP003651	2518822583	1712233	1713102
CP003651	2518822582	1711750	1712160
CP003651	2518822581	1711315	1711746
CP003651	2518822580	1710834	1711310
CP003651	2518822587	1715552	1717204
CP003651	2518822586	1714961	1715401
CP003651	2518822585	1713967	1714851
CP003651	2518822584	1713102	1713989
CP003651	2518821379	560459	560851
CP003651	2518821378	559894	560448
CP003651	2518821375	558430	559035
CP003651	2518821374	557726	558433
CP003651	2518821377	559503	559883
CP003651	2518821376	559046	559492
CP003651	2518821371	555306	556751
CP003651	2518821370	554642	555232
CP003651	2518821373	557247	557714
CP003651	2518821372	556789	557235
CP003651	2518822331	1477697	1477969
CP003651	2518821577	741000	741455
CP003651	2518821576	740755	741003
CP003651	2518821575	738837	740294
CP003651	2518821574	737544	738776
CP003651	2518821573	736047	737438
CP003651	2518821572	734606	736003
CP003651	2518821571	733634	734542
CP003651	2518821570	732246	733556
CP003651	2518821579	741799	743781
CP003651	2518821578	741439	741708
CP003651	2518821807	999315	999992
CP003651	2518821770	965416	966681
CP003651	2518821805	997830	998927
CP003651	2518821804	996146	997612
CP003651	2518821803	994924	995955
CP003651	2518821774	969838	971112
CP003651	2518821801	992598	993671
CP003651	2518821776	971333	971950
CP003651	2518821779	972890	973501
CP003651	2518821778	972601	972909
CP003651	2518822337	1481190	1481411
CP003651	2518821809	1001038	1002189
CP003651	2518821808	1000086	1001045
CP003651	2518821599	760892	761995
CP003651	2518821598	760279	760881
CP003651	2518821591	754980	756005
CP003651	2518821590	752832	754676
CP003651	2518821593	756606	756881
CP003651	2518821592	756043	756225
CP003651	2518821595	758099	759214
CP003651	2518821594	756900	757079
CP003651	2518821115	326594	327349
CP003651	2518821114	325941	326585
CP003651	2518821117	328760	329485
CP003651	2518821116	327401	328621
CP003651	2518821111	324326	324946
CP003651	2518821110	323712	324224
CP003651	2518821113	325765	325944
CP003651	2518821112	324943	325761
CP003651	2518821973	1159350	1160252
CP003651	2518821972	1157728	1159272
CP003651	2518821971	1156735	1157304
CP003651	2518821970	1156361	1156711
CP003651	2518821977	1163302	1164135
CP003651	2518821118	329489	329815
CP003651	2518821975	1161959	1162678
CP003651	2518821974	1160296	1161975
CP003651	2518822447	1571435	1572313
CP003651	2518821609	771629	773401
CP003651	2518821608	770519	771619
CP003651	2518821601	762966	764315
CP003651	2518821600	762019	762966
CP003651	2518821603	765218	766318
CP003651	2518821602	764328	765221
CP003651	2518821605	767401	768618
CP003651	2518821604	766324	767400
CP003651	2518821607	769531	770514
CP003651	2518821606	768603	769556
CP003651	2518822171	1345683	1346165
CP003651	2518821810	1002310	1003719
CP003651	2518821811	1003942	1004517
CP003651	2518821760	956941	957192
CP003651	2518821813	1004847	1005404
CP003651	2518821766	961556	962521
CP003651	2518821815	1006969	1007343
CP003651	2518822064	1241197	1242546
CP003651	2518822065	1242553	1243341
CP003651	2518822066	1243348	1243914
CP003651	2518822067	1243911	1244507
CP003651	2518822060	1235548	1236522
CP003651	2518821816	1007587	1009029
CP003651	2518822062	1239830	1240615
CP003651	2518822063	1240741	1241124
CP003651	2518821817	1009075	1009614
CP003651	2518822068	1244504	1244944
CP003651	2518822069	1244944	1245168
CP003651	2518822110	1286837	1287448
CP003651	2518822111	1287480	1288364
CP003651	2518822112	1288494	1290074
CP003651	2518822113	1290194	1290778
CP003651	2518822114	1290789	1291955
CP003651	2518822115	1292044	1292958
CP003651	2518822116	1293019	1293939
CP003651	2518822117	1293939	1295123
CP003651	2518822118	1295126	1296094
CP003651	2518822119	1296063	1296554
CP003651	2518822806	1922634	1923149
CP003651	2518822807	1923250	1923840
CP003651	2518822804	1921232	1921477
CP003651	2518822805	1921442	1922632
CP003651	2518822802	1918755	1919795
CP003651	2518822803	1919801	1920895
CP003651	2518822800	1915977	1917227
CP003651	2518822801	1917320	1918603
CP003651	2518822808	1923841	1924851
CP003651	2518822809	1924935	1926371
CP003651	2518822482	1604957	1605430
CP003651	2518822483	1605436	1608036
CP003651	2518822480	1602592	1603641
CP003651	2518822481	1603797	1604924
CP003651	2518822486	1609386	1610021
CP003651	2518822487	1610012	1610773
CP003651	2518822484	1608041	1608847
CP003651	2518822485	1608940	1609323
CP003651	2518822488	1610770	1611561
CP003651	2518822489	1611653	1612171
CP003651	2518822648	1774291	1774623
CP003651	2518822649	1774831	1775475
CP003651	2518822644	1769788	1771875
CP003651	2518822645	1771936	1773318
CP003651	2518822646	1773468	1774085
CP003651	2518822647	1774078	1774326
CP003651	2518822640	1767255	1767818
CP003651	2518822641	1767820	1768281
CP003651	2518822642	1768520	1769356
CP003651	2518822643	1769432	1769788
CP003651	2518822249	1410218	1410547
CP003651	2518821796	986800	987864
CP003651	2518822240	1404579	1405136
CP003651	2518822241	1405122	1405931
CP003651	2518822242	1406004	1406423
CP003651	2518822243	1406820	1408085
CP003651	2518822244	1408100	1408858
CP003651	2518822245	1408878	1409075
CP003651	2518822246	1409085	1409384
CP003651	2518822247	1409385	1409753
CP003651	2518822829	1943543	1943770
CP003651	2518821340	539621	540121
CP003651	2518821341	540176	540892
CP003651	2518821342	540898	541224
CP003651	2518821343	541210	541659
CP003651	2518821345	542340	543101
CP003651	2518821346	543104	543403
CP003651	2518821347	543513	543845
CP003651	2518821348	543926	544084
CP003651	2518821251	451772	452971
CP003651	2518821791	983482	983934
CP003651	2518821744	936178	937101
CP003651	2518821745	937158	940100
CP003651	2518821746	940741	942699
CP003651	2518821295	493040	493723
CP003651	2518821740	931471	932028
CP003651	2518821741	932186	933649
CP003651	2518821742	933652	935451
CP003651	2518821291	490363	490971
CP003651	2518821748	946283	946903
CP003651	2518821749	946887	947576
CP003651	2518821298	495485	497431
CP003651	2518821299	497442	498053
CP003651	2518821128	340517	341605
CP003651	2518821129	341610	342227
CP003651	2518822087	1259752	1261680
CP003651	2518821120	330084	330878
CP003651	2518821121	331228	334914
CP003651	2518821122	334967	335497
CP003651	2518821123	335592	335825
CP003651	2518821124	335822	337126
CP003651	2518821125	337281	337979
CP003651	2518821126	338324	339109
CP003651	2518821127	339234	340520
CP003651	2518821908	1102115	1102633
CP003651	2518821909	1102766	1103113
CP003651	2518821906	1100296	1101573
CP003651	2518821907	1101570	1102118
CP003651	2518821904	1098873	1099301
CP003651	2518821905	1099298	1100290
CP003651	2518821902	1097720	1098202
CP003651	2518821903	1098349	1098861
CP003651	2518821900	1095870	1097078
CP003651	2518821901	1097140	1097622
CP003651	2518821006	227814	228392
CP003651	2518821638	815739	822017
CP003651	2518821639	822174	822728
CP003651	2518821634	810870	811658
CP003651	2518821635	811655	812089
CP003651	2518821636	812279	814999
CP003651	2518821637	815132	815596
CP003651	2518821630	805054	806112
CP003651	2518821631	806112	807230
CP003651	2518821632	807220	808344
CP003651	2518821633	808482	810809
CP003651	2518821485	656132	656509
CP003651	2518822817	1929711	1930457
CP003651	2518821747	942862	946248
CP003651	2518822104	1279620	1280459
CP003651	2518822103	1278858	1279565
CP003651	2518822102	1278655	1278819
CP003651	2518822101	1278066	1278701
CP003651	2518822100	1277389	1278054
CP003651	2518822109	1286277	1286843
CP003651	2518822108	1285795	1286271
CP003651	2518822077	1250440	1251567
CP003651	2518822818	1930445	1931329
CP003651	2518822815	1928997	1929413
CP003651	2518822814	1928299	1929000
CP003651	2518822079	1252162	1253511
CP003651	2518822078	1251895	1252125
CP003651	2518822811	1926587	1927126
CP003651	2518822810	1926368	1926586
CP003651	2518822813	1927481	1928314
CP003651	2518822812	1927248	1927466
CP003651	2518822073	1247297	1247752
CP003651	2518822072	1246698	1247279
CP003651	2518822071	1245777	1246577
CP003651	2518822070	1245202	1245780
CP003651	2518822819	1931314	1932282
CP003651	2518822076	1249952	1250365
CP003651	2518822075	1248807	1249703
CP003651	2518822074	1247753	1248688
