gene_oid	gene_length	feature_type	start_coord	end_coord
650726465	68	cleavage	33	34
650726484	466	cleavage	32	33
650726485	38	cleavage	26	27
650726491	82	cleavage	22	23
650726492	204	cleavage	27	28
650726494	576	cleavage	34	35
650726498	438	cleavage	33	34
650726500	354	cleavage	16	17
650726510	44	cleavage	16	17
650726513	387	cleavage	30	31
650726516	501	cleavage	52	53
650726517	328	cleavage	21	22
650726519	400	cleavage	35	36
650726520	303	cleavage	32	33
650726539	126	cleavage	35	36
650726541	374	cleavage	22	23
650726543	333	cleavage	19	20
650726549	346	cleavage	20	21
650726575	173	cleavage	35	36
650726576	89	cleavage	34	35
650726596	57	cleavage	23	24
650726610	341	cleavage	18	19
650726613	237	cleavage	29	30
650726622	255	cleavage	19	20
650726644	58	cleavage	33	34
650726647	344	cleavage	21	22
650726673	429	cleavage	21	22
650726676	167	cleavage	33	34
650726678	286	cleavage	29	30
650726679	287	cleavage	23	24
650726680	434	cleavage	26	27
650726681	442	cleavage	25	26
650726688	496	cleavage	18	19
650726689	417	cleavage	26	27
650726691	276	cleavage	35	36
650726692	267	cleavage	20	21
650726693	256	cleavage	34	35
650726695	240	cleavage	17	18
650726725	273	cleavage	30	31
650726726	427	cleavage	25	26
650726738	336	cleavage	45	46
650726741	108	cleavage	32	33
650726750	454	cleavage	30	31
650726751	313	cleavage	35	36
650726752	282	cleavage	47	48
650726755	220	cleavage	21	22
650726757	330	cleavage	29	30
650726759	566	cleavage	20	21
650726761	281	cleavage	23	24
650726763	428	cleavage	39	40
650726764	478	cleavage	20	21
650726795	144	cleavage	33	34
650726796	313	cleavage	21	22
650726802	687	cleavage	27	28
650726824	365	cleavage	16	17
650726840	70	cleavage	40	41
650726841	193	cleavage	18	19
650726852	201	cleavage	19	20
650726860	572	cleavage	25	26
650726861	221	cleavage	22	23
650726879	136	cleavage	16	17
650726884	260	cleavage	16	17
650726898	360	cleavage	20	21
650726906	257	cleavage	15	16
650726954	346	cleavage	25	26
650726956	338	cleavage	28	29
650726966	212	cleavage	40	41
650726976	532	cleavage	21	22
650726977	425	cleavage	32	33
650726978	266	cleavage	46	47
650726982	439	cleavage	22	23
650726984	344	cleavage	35	36
650726985	301	cleavage	25	26
650726986	326	cleavage	22	23
650726987	595	cleavage	19	20
650726993	410	cleavage	34	35
650726995	348	cleavage	25	26
650726997	195	cleavage	21	22
650727002	393	cleavage	24	25
650727004	392	cleavage	23	24
650727012	125	cleavage	16	17
650727017	292	cleavage	18	19
650727025	231	cleavage	38	39
650727029	619	cleavage	41	42
650727031	97	cleavage	48	49
650727034	261	cleavage	22	23
650727036	487	cleavage	16	17
650727038	174	cleavage	26	27
650727045	292	cleavage	28	29
650727054	365	cleavage	31	32
650727061	78	cleavage	21	22
650727063	56	cleavage	32	33
650727064	96	cleavage	25	26
650727067	305	cleavage	22	23
650727069	730	cleavage	20	21
650727070	315	cleavage	46	47
650727074	279	cleavage	27	28
650727081	194	cleavage	29	30
650727085	287	cleavage	38	39
650727086	170	cleavage	25	26
650727089	188	cleavage	26	27
650727094	682	cleavage	24	25
650727095	332	cleavage	22	23
650727098	417	cleavage	25	26
650727103	121	cleavage	29	30
650727127	82	cleavage	29	30
650727148	38	cleavage	28	29
650727151	205	cleavage	30	31
650727156	688	cleavage	31	32
650727163	514	cleavage	23	24
650727181	311	cleavage	36	37
650727182	262	cleavage	33	34
650727183	533	cleavage	22	23
650727184	430	cleavage	27	28
650727206	254	cleavage	49	50
650727208	351	cleavage	30	31
650727209	420	cleavage	22	23
650727210	157	cleavage	27	28
650727211	396	cleavage	25	26
650727212	276	cleavage	20	21
650727213	436	cleavage	24	25
650727214	313	cleavage	21	22
650727217	405	cleavage	23	24
650727229	682	cleavage	22	23
650727246	435	cleavage	27	28
650727249	155	cleavage	18	19
650727250	270	cleavage	17	18
650727255	46	cleavage	33	34
650727257	66	cleavage	27	28
650727259	49	cleavage	32	33
650727261	243	cleavage	30	31
650727262	378	cleavage	23	24
650727263	73	cleavage	32	33
650727264	214	cleavage	40	41
650727266	154	cleavage	33	34
650727268	76	cleavage	16	17
650727278	79	cleavage	21	22
650727286	147	cleavage	34	35
650727291	461	cleavage	68	69
650727306	240	cleavage	26	27
650727307	180	cleavage	22	23
650727310	83	cleavage	18	19
650727312	241	cleavage	39	40
650727316	418	cleavage	34	35
650727328	188	cleavage	22	23
650727329	271	cleavage	20	21
650727335	190	cleavage	30	31
650727336	309	cleavage	31	32
650727337	620	cleavage	19	20
650727338	496	cleavage	25	26
650727340	237	cleavage	28	29
650727341	94	cleavage	23	24
650727343	84	cleavage	77	78
650727344	168	cleavage	27	28
650727350	186	cleavage	24	25
650727353	145	cleavage	30	31
650727356	78	cleavage	26	27
650727361	154	cleavage	33	34
650727362	765	cleavage	30	31
650727368	61	cleavage	42	43
650727380	237	cleavage	23	24
650727384	279	cleavage	28	29
650727386	202	cleavage	17	18
650727392	309	cleavage	24	25
650727401	271	cleavage	21	22
650727403	162	cleavage	32	33
650727406	121	cleavage	22	23
650727408	304	cleavage	21	22
650727415	232	cleavage	35	36
650727422	199	cleavage	22	23
650727428	401	cleavage	49	50
650727432	370	cleavage	22	23
650727435	301	cleavage	23	24
650727437	121	cleavage	21	22
650727444	410	cleavage	45	46
650727447	728	cleavage	22	23
650727449	435	cleavage	21	22
650727455	389	cleavage	20	21
650727459	379	cleavage	18	19
650727462	535	cleavage	25	26
650727463	58	cleavage	26	27
650727468	153	cleavage	48	49
650727469	289	cleavage	23	24
650727477	250	cleavage	29	30
650727479	372	cleavage	27	28
650727487	110	cleavage	32	33
650727492	116	cleavage	18	19
650727508	81	cleavage	20	21
650727510	274	cleavage	26	27
650727511	449	cleavage	21	22
650727519	503	cleavage	22	23
650727520	41	cleavage	26	27
650727551	428	cleavage	25	26
650727561	128	cleavage	23	24
650727566	310	cleavage	34	35
650727569	542	cleavage	22	23
650727580	562	cleavage	34	35
650727587	346	cleavage	29	30
650727588	145	cleavage	32	33
650727589	651	cleavage	19	20
650727590	423	cleavage	22	23
650727591	307	cleavage	19	20
650727592	156	cleavage	26	27
650727593	176	cleavage	30	31
650727606	274	cleavage	22	23
650727615	428	cleavage	17	18
650727617	289	cleavage	39	40
650727618	315	cleavage	34	35
650727619	541	cleavage	29	30
650727624	520	cleavage	17	18
650727625	161	cleavage	22	23
650727626	137	cleavage	23	24
650727627	256	cleavage	24	25
650727628	84	cleavage	23	24
650727629	119	cleavage	19	20
650727630	94	cleavage	26	27
650727631	192	cleavage	18	19
650727634	293	cleavage	29	30
650727635	635	cleavage	24	25
650727639	211	cleavage	31	32
650727653	99	cleavage	40	41
650727656	89	cleavage	22	23
650727657	933	cleavage	23	24
650727660	160	cleavage	22	23
650727665	154	cleavage	27	28
650727668	271	cleavage	41	42
650727669	102	cleavage	30	31
650727672	658	cleavage	24	25
650727675	613	cleavage	46	47
650727676	467	cleavage	30	31
650727677	375	cleavage	24	25
650727684	380	cleavage	45	46
650727692	218	cleavage	31	32
650727695	171	cleavage	21	22
650727696	153	cleavage	23	24
650727700	645	cleavage	20	21
650727702	310	cleavage	29	30
650727706	375	cleavage	19	20
650727707	54	cleavage	34	35
650727708	61	cleavage	36	37
650727713	232	cleavage	20	21
650727714	174	cleavage	36	37
650727716	532	cleavage	26	27
650727720	263	cleavage	35	36
650727721	251	cleavage	39	40
650727723	174	cleavage	21	22
650727727	96	cleavage	31	32
650727730	99	cleavage	23	24
650727741	348	cleavage	31	32
650727743	247	cleavage	30	31
650727746	264	cleavage	24	25
650727747	77	cleavage	40	41
650727748	240	cleavage	30	31
650727761	153	cleavage	29	30
650727768	108	cleavage	22	23
650727769	397	cleavage	27	28
650727770	87	cleavage	22	23
650727804	645	cleavage	26	27
650727807	337	cleavage	29	30
650727819	169	cleavage	16	17
650727837	378	cleavage	18	19
650727839	505	cleavage	23	24
650727841	140	cleavage	22	23
650727842	81	cleavage	27	28
650727843	82	cleavage	19	20
650727844	104	cleavage	20	21
650727845	94	cleavage	41	42
650727854	252	cleavage	27	28
650727859	444	cleavage	22	23
650727860	37	cleavage	16	17
650727863	518	cleavage	19	20
650727865	815	cleavage	25	26
650727872	115	cleavage	41	42
650727873	114	cleavage	23	24
650727884	107	cleavage	29	30
650727891	191	cleavage	21	22
650727894	348	cleavage	16	17
650727896	300	cleavage	22	23
650727898	68	cleavage	31	32
650727901	284	cleavage	15	16
650727905	207	cleavage	28	29
650727906	665	cleavage	31	32
650727907	177	cleavage	25	26
650727914	278	cleavage	15	16
650727923	108	cleavage	24	25
650727927	511	cleavage	25	26
650727928	367	cleavage	30	31
650727929	194	cleavage	21	22
650727935	138	cleavage	22	23
650727937	127	cleavage	32	33
650727938	40	cleavage	24	25
650727939	258	cleavage	21	22
650727940	683	cleavage	27	28
650727942	1005	cleavage	26	27
650727946	710	cleavage	19	20
650727949	210	cleavage	35	36
650727954	425	cleavage	28	29
650727956	642	cleavage	26	27
650727959	60	cleavage	24	25
650727962	152	cleavage	21	22
650727966	148	cleavage	23	24
650727967	113	cleavage	35	36
650727968	517	cleavage	29	30
650727969	123	cleavage	19	20
650727970	156	cleavage	28	29
650727971	91	cleavage	28	29
650727972	87	cleavage	39	40
650727974	91	cleavage	37	38
650727975	167	cleavage	26	27
650727977	329	cleavage	20	21
650727981	115	cleavage	21	22
650727982	509	cleavage	15	16
650727983	120	cleavage	19	20
650727985	100	cleavage	21	22
650727986	88	cleavage	39	40
650727988	87	cleavage	36	37
650727989	166	cleavage	80	81
650727994	156	cleavage	19	20
650727996	60	cleavage	27	28
650727998	429	cleavage	37	38
650728004	324	cleavage	28	29
650728007	333	cleavage	40	41
650728008	725	cleavage	48	49
650728017	294	cleavage	24	25
650728024	242	cleavage	17	18
650728033	312	cleavage	30	31
650728034	402	cleavage	20	21
650728037	273	cleavage	42	43
650728038	267	cleavage	80	81
650728043	315	cleavage	19	20
650728045	315	cleavage	22	23
650728051	186	cleavage	35	36
650728052	320	cleavage	20	21
650728058	222	cleavage	38	39
650728059	161	cleavage	22	23
650728067	1727	cleavage	28	29
650728069	204	cleavage	18	19
650728070	539	cleavage	25	26
650728074	612	cleavage	20	21
650728075	407	cleavage	47	48
650728085	173	cleavage	33	34
650728091	274	cleavage	27	28
650728093	439	cleavage	37	38
650728097	451	cleavage	83	84
650728099	540	cleavage	62	63
650728108	41	cleavage	19	20
650728120	487	cleavage	20	21
650728121	136	cleavage	29	30
650728127	395	cleavage	28	29
650728128	102	cleavage	20	21
650728130	210	cleavage	32	33
650728133	327	cleavage	33	34
650728139	85	cleavage	28	29
650728140	37	cleavage	21	22
650728144	456	cleavage	19	20
650728147	449	cleavage	35	36
650728148	297	cleavage	30	31
650728149	419	cleavage	46	47
650728150	1352	cleavage	24	25
650728161	385	cleavage	23	24
650728162	401	cleavage	21	22
650728167	286	cleavage	23	24
650728168	541	cleavage	26	27
650728169	88	cleavage	24	25
650728173	282	cleavage	22	23
650728175	52	cleavage	30	31
650728176	335	cleavage	35	36
650728178	480	cleavage	39	40
650728179	353	cleavage	30	31
650728180	930	cleavage	23	24
650728184	217	cleavage	22	23
650728191	370	cleavage	26	27
650728193	161	cleavage	31	32
650728196	227	cleavage	16	17
650728197	507	cleavage	39	40
650728198	308	cleavage	33	34
650728203	194	cleavage	38	39
650728205	555	cleavage	37	38
650728213	98	cleavage	21	22
650728221	125	cleavage	24	25
650728223	365	cleavage	29	30
650728225	271	cleavage	38	39
650728227	622	cleavage	20	21
650728234	48	cleavage	29	30
650728236	355	cleavage	35	36
650728237	304	cleavage	18	19
650728242	397	cleavage	24	25
650728244	345	cleavage	25	26
650728246	107	cleavage	16	17
650728252	251	cleavage	42	43
650728254	124	cleavage	26	27
650728266	551	cleavage	31	32
650728268	407	cleavage	26	27
650728272	104	cleavage	25	26
650728280	157	cleavage	24	25
650728285	425	cleavage	28	29
650728289	419	cleavage	22	23
650728291	368	cleavage	26	27
650728292	443	cleavage	24	25
650728295	249	cleavage	67	68
650728297	341	cleavage	34	35
650728300	297	cleavage	36	37
650728301	916	cleavage	22	23
650728302	752	cleavage	34	35
650728305	168	cleavage	19	20
650728310	312	cleavage	33	34
650728311	383	cleavage	16	17
650728312	59	cleavage	31	32
650728314	489	cleavage	28	29
650728316	239	cleavage	38	39
650728322	296	cleavage	28	29
650728332	277	cleavage	36	37
650728333	281	cleavage	28	29
650728334	445	cleavage	21	22
650728352	101	cleavage	25	26
650728379	480	cleavage	34	35
650728386	128	cleavage	21	22
650728390	342	cleavage	32	33
650728394	346	cleavage	25	26
650728401	264	cleavage	36	37
650728402	144	cleavage	21	22
650728405	139	cleavage	33	34
650728415	413	cleavage	15	16
650728422	375	cleavage	22	23
650728433	286	cleavage	26	27
650728436	117	cleavage	68	69
650728439	866	cleavage	23	24
650728445	375	cleavage	18	19
650728457	530	cleavage	28	29
650728459	122	cleavage	23	24
650728464	427	cleavage	31	32
650728465	243	cleavage	45	46
650728466	280	cleavage	34	35
650728468	339	cleavage	35	36
650728471	81	cleavage	15	16
650728481	617	cleavage	28	29
650728484	343	cleavage	38	39
650728486	353	cleavage	34	35
650728487	165	cleavage	31	32
650728488	184	cleavage	24	25
650728489	203	cleavage	28	29
650728492	53	cleavage	29	30
650728501	281	cleavage	99	100
650728511	136	cleavage	21	22
650728517	51	cleavage	33	34
650728521	751	cleavage	23	24
650728524	203	cleavage	36	37
650728525	143	cleavage	35	36
650728527	465	cleavage	34	35
650728528	698	cleavage	35	36
650728529	821	cleavage	36	37
650728542	557	cleavage	41	42
650728568	246	cleavage	40	41
650728580	50	cleavage	30	31
650728581	768	cleavage	33	34
650728594	509	cleavage	36	37
650728596	60	cleavage	17	18
650728598	523	cleavage	31	32
650728600	356	cleavage	38	39
650728604	188	cleavage	36	37
650728615	428	cleavage	21	22
650728617	336	cleavage	27	28
650728618	646	cleavage	31	32
650728619	261	cleavage	35	36
650728620	80	cleavage	21	22
650728621	331	cleavage	27	28
650728624	658	cleavage	24	25
650728628	2030	cleavage	32	33
650728629	1614	cleavage	31	32
650728630	242	cleavage	30	31
650728631	736	cleavage	26	27
650728632	636	cleavage	32	33
650728633	199	cleavage	28	29
650728650	277	cleavage	23	24
650728653	397	cleavage	30	31
650728662	485	cleavage	21	22
650728666	39	cleavage	33	34
650728667	528	cleavage	23	24
650728674	107	cleavage	27	28
650728679	813	cleavage	29	30
650728680	341	cleavage	29	30
650728681	346	cleavage	25	26
650728683	1895	cleavage	30	31
650728684	313	cleavage	98	99
650728685	137	cleavage	24	25
650728689	441	cleavage	18	19
650728692	46	cleavage	21	22
650728702	711	cleavage	40	41
650728703	348	cleavage	25	26
650728711	330	cleavage	21	22
650728712	450	cleavage	21	22
650728713	419	cleavage	45	46
650829866	146	cleavage	21	22
650829877	52	cleavage	26	27
650829878	313	cleavage	20	21
650829880	300	cleavage	37	38
650829890	644	cleavage	23	24
650829891	309	cleavage	30	31
650829893	280	cleavage	23	24
650829895	332	cleavage	22	23
650829896	304	cleavage	28	29
650829906	149	cleavage	29	30
650829910	334	cleavage	36	37
650829911	157	cleavage	25	26
