gene_oid	gene_length	feature_type	start_coord	end_coord
651048986	221	cleavage	31	32
651048989	169	cleavage	30	31
651048990	148	cleavage	19	20
651048994	658	cleavage	19	20
651048996	139	cleavage	24	25
651048997	320	cleavage	23	24
651049001	624	cleavage	22	23
651049003	922	cleavage	24	25
651049005	683	cleavage	29	30
651049006	1003	cleavage	29	30
651049007	248	cleavage	24	25
651049008	433	cleavage	16	17
651049011	530	cleavage	32	33
651049012	691	cleavage	23	24
651049019	46	cleavage	19	20
651049029	283	cleavage	15	16
651049037	416	cleavage	31	32
651049042	4411	cleavage	27	28
651049051	494	cleavage	34	35
651049066	189	cleavage	18	19
651049067	338	cleavage	40	41
651049070	73	cleavage	45	46
651049079	86	cleavage	21	22
651049083	294	cleavage	22	23
651049085	553	cleavage	30	31
651049091	281	cleavage	23	24
651049093	430	cleavage	33	34
651049094	490	cleavage	25	26
651049096	390	cleavage	19	20
651049108	128	cleavage	13	14
651049109	350	cleavage	24	25
651049111	145	cleavage	23	24
651049122	149	cleavage	21	22
651049128	345	cleavage	17	18
651049132	56	cleavage	30	31
651049133	640	cleavage	28	29
651049140	234	cleavage	65	66
651049148	142	cleavage	27	28
651049149	156	cleavage	25	26
651049150	163	cleavage	28	29
651049157	187	cleavage	25	26
651049158	153	cleavage	21	22
651049159	543	cleavage	23	24
651049161	149	cleavage	28	29
651049162	259	cleavage	96	97
651049164	426	cleavage	34	35
651049172	270	cleavage	32	33
651049175	137	cleavage	33	34
651049176	426	cleavage	28	29
651049191	461	cleavage	27	28
651049193	273	cleavage	33	34
651049204	258	cleavage	30	31
651049235	395	cleavage	28	29
651049242	143	cleavage	35	36
651049243	284	cleavage	27	28
651049251	709	cleavage	20	21
651049258	292	cleavage	26	27
651049278	364	cleavage	40	41
651049287	333	cleavage	19	20
651049288	82	cleavage	38	39
651049293	294	cleavage	18	19
651049295	1181	cleavage	30	31
651049296	345	cleavage	22	23
651049298	420	cleavage	38	39
651049299	318	cleavage	42	43
651049305	338	cleavage	35	36
651049311	231	cleavage	17	18
651049314	684	cleavage	22	23
651049320	59	cleavage	49	50
651049321	40	cleavage	15	16
651049322	71	cleavage	32	33
651049339	63	cleavage	36	37
651049352	414	cleavage	22	23
651049358	162	cleavage	32	33
651049359	1354	cleavage	24	25
651049362	780	cleavage	21	22
651049370	280	cleavage	28	29
651049371	47	cleavage	30	31
651049377	302	cleavage	55	56
651049384	62	cleavage	22	23
651049385	390	cleavage	44	45
651049386	195	cleavage	19	20
651049395	200	cleavage	20	21
651049400	596	cleavage	23	24
651049401	330	cleavage	25	26
651049402	297	cleavage	27	28
651049403	349	cleavage	39	40
651049405	409	cleavage	27	28
651049408	156	cleavage	31	32
651049410	324	cleavage	35	36
651049413	284	cleavage	38	39
651049414	170	cleavage	25	26
651049417	186	cleavage	26	27
651049424	279	cleavage	22	23
651049425	404	cleavage	25	26
651049429	254	cleavage	49	50
651049435	131	cleavage	21	22
651049441	285	cleavage	36	37
651049447	212	cleavage	17	18
651049448	178	cleavage	28	29
651049450	487	cleavage	16	17
651049452	289	cleavage	19	20
651049454	625	cleavage	29	30
651049455	58	cleavage	34	35
651049463	510	cleavage	26	27
651049464	164	cleavage	35	36
651049465	125	cleavage	24	25
651049466	238	cleavage	26	27
651049467	80	cleavage	18	19
651049468	110	cleavage	17	18
651049469	89	cleavage	17	18
651049475	594	cleavage	38	39
651049476	474	cleavage	12	13
651049477	164	cleavage	22	23
651049503	235	cleavage	23	24
651049509	57	cleavage	36	37
651049511	744	cleavage	28	29
651049512	526	cleavage	24	25
651049514	78	cleavage	24	25
651049519	270	cleavage	38	39
651049520	240	cleavage	24	25
651049522	189	cleavage	32	33
651049524	428	cleavage	31	32
651049526	201	cleavage	30	31
651049527	221	cleavage	29	30
651049530	176	cleavage	28	29
651049531	84	cleavage	18	19
651049532	133	cleavage	23	24
651049534	235	cleavage	28	29
651049536	495	cleavage	25	26
651049537	614	cleavage	21	22
651049538	297	cleavage	33	34
651049554	242	cleavage	27	28
651049555	193	cleavage	29	30
651049557	83	cleavage	26	27
651049560	151	cleavage	25	26
651049563	95	cleavage	18	19
651049567	68	cleavage	30	31
651049584	318	cleavage	25	26
651049585	101	cleavage	29	30
651049591	542	cleavage	28	29
651049594	163	cleavage	32	33
651049597	324	cleavage	18	19
651049599	362	cleavage	16	17
651049601	459	cleavage	18	19
651049604	229	cleavage	23	24
651049606	439	cleavage	18	19
651049608	558	cleavage	15	16
651049617	595	cleavage	25	26
651049618	265	cleavage	26	27
651049643	289	cleavage	40	41
651049650	334	cleavage	23	24
651049653	438	cleavage	26	27
651049664	515	cleavage	24	25
651049671	493	cleavage	39	40
651049675	366	cleavage	19	20
651049682	295	cleavage	38	39
651049683	533	cleavage	30	31
651049684	301	cleavage	30	31
651049694	688	cleavage	31	32
651049701	251	cleavage	16	17
651049707	343	cleavage	25	26
651049708	310	cleavage	24	25
651049713	434	cleavage	29	30
651049727	236	cleavage	44	45
651049736	152	cleavage	24	25
651049748	58	cleavage	35	36
651049754	430	cleavage	24	25
651049761	409	cleavage	43	44
651049762	253	cleavage	25	26
651049763	288	cleavage	22	23
651049764	417	cleavage	25	26
651049765	440	cleavage	23	24
651049769	495	cleavage	18	19
651049770	418	cleavage	28	29
651049772	268	cleavage	27	28
651049773	209	cleavage	27	28
651049774	210	cleavage	20	21
651049776	235	cleavage	17	18
651049777	255	cleavage	36	37
651049780	431	cleavage	22	23
651049795	127	cleavage	23	24
651049803	81	cleavage	45	46
651049804	197	cleavage	17	18
651049810	215	cleavage	60	61
651049811	160	cleavage	27	28
651049827	338	cleavage	28	29
651049829	279	cleavage	39	40
651049830	109	cleavage	24	25
651049834	334	cleavage	28	29
651049838	245	cleavage	27	28
651049839	312	cleavage	24	25
651049845	77	cleavage	24	25
651049864	221	cleavage	24	25
651049865	334	cleavage	33	34
651049866	373	cleavage	26	27
651049867	469	cleavage	28	29
651049870	278	cleavage	38	39
651049875	122	cleavage	28	29
651049876	443	cleavage	23	24
651049880	120	cleavage	49	50
651049883	35	cleavage	22	23
651049888	136	cleavage	25	26
651049892	449	cleavage	37	38
651049897	286	cleavage	23	24
651049898	188	cleavage	25	26
651049901	338	cleavage	38	39
651049903	57	cleavage	33	34
651049904	520	cleavage	34	35
651049912	244	cleavage	29	30
651049935	109	cleavage	32	33
651049940	57	cleavage	23	24
651049953	231	cleavage	19	20
651049956	193	cleavage	22	23
651049972	121	cleavage	28	29
651049984	347	cleavage	20	21
651049988	150	cleavage	29	30
651049990	388	cleavage	31	32
651049992	257	cleavage	27	28
651049995	391	cleavage	31	32
651050018	123	cleavage	37	38
651050022	333	cleavage	19	20
651050023	121	cleavage	26	27
651050027	95	cleavage	23	24
651050030	256	cleavage	19	20
651050033	73	cleavage	38	39
651050037	82	cleavage	68	69
651050040	112	cleavage	20	21
651050044	348	cleavage	39	40
651050046	132	cleavage	36	37
651050050	393	cleavage	29	30
651050054	392	cleavage	26	27
651050055	489	cleavage	23	24
651050062	184	cleavage	31	32
651050070	541	cleavage	65	66
651050072	425	cleavage	22	23
651050073	319	cleavage	26	27
651050085	276	cleavage	36	37
651050097	373	cleavage	30	31
651050098	368	cleavage	37	38
651050105	193	cleavage	24	25
651050106	204	cleavage	23	24
651050110	166	cleavage	37	38
651050111	246	cleavage	22	23
651050113	233	cleavage	41	42
651050115	119	cleavage	35	36
651050125	85	cleavage	45	46
651050129	210	cleavage	24	25
651050130	178	cleavage	23	24
651050131	169	cleavage	35	36
651050132	354	cleavage	35	36
651050133	458	cleavage	29	30
651050134	340	cleavage	35	36
651050140	57	cleavage	38	39
651050144	741	cleavage	25	26
651050147	183	cleavage	30	31
651050148	147	cleavage	30	31
651050149	160	cleavage	35	36
651050151	714	cleavage	33	34
651050152	862	cleavage	32	33
651050161	402	cleavage	29	30
651050179	466	cleavage	21	22
651050180	440	cleavage	20	21
651050190	348	cleavage	32	33
651050191	375	cleavage	39	40
651050195	407	cleavage	56	57
651050201	418	cleavage	20	21
651050204	519	cleavage	35	36
651050210	788	cleavage	22	23
651050213	79	cleavage	28	29
651050214	239	cleavage	24	25
651050215	584	cleavage	29	30
651050216	332	cleavage	34	35
651050218	427	cleavage	27	28
651050219	184	cleavage	38	39
651050220	269	cleavage	20	21
651050221	300	cleavage	20	21
651050222	329	cleavage	31	32
651050224	227	cleavage	15	16
651050234	107	cleavage	18	19
651050239	278	cleavage	23	24
651050240	472	cleavage	23	24
651050241	359	cleavage	27	28
651050243	337	cleavage	96	97
651050244	167	cleavage	18	19
651050246	259	cleavage	35	36
651050249	946	cleavage	28	29
651050250	450	cleavage	19	20
651050253	447	cleavage	31	32
651050254	299	cleavage	30	31
651050255	416	cleavage	45	46
651050256	1356	cleavage	27	28
651050260	73	cleavage	21	22
651050262	624	cleavage	36	37
651050265	425	cleavage	25	26
651050281	388	cleavage	26	27
651050285	282	cleavage	48	49
651050289	285	cleavage	22	23
651050291	158	cleavage	31	32
651050294	489	cleavage	39	40
651050295	351	cleavage	36	37
651050297	537	cleavage	9	10
651050302	348	cleavage	28	29
651050303	425	cleavage	31	32
651050304	227	cleavage	28	29
651050311	366	cleavage	26	27
651050313	162	cleavage	31	32
651050316	230	cleavage	16	17
651050317	507	cleavage	36	37
651050326	175	cleavage	21	22
651050333	413	cleavage	36	37
651050338	1075	cleavage	32	33
651050339	173	cleavage	19	20
651050344	243	cleavage	30	31
651050346	79	cleavage	18	19
651050347	132	cleavage	44	45
651050349	204	cleavage	23	24
651050350	374	cleavage	14	15
651050351	380	cleavage	28	29
651050359	1137	cleavage	27	28
651050361	231	cleavage	37	38
651050362	82	cleavage	29	30
651050363	391	cleavage	14	15
651050365	286	cleavage	35	36
651050368	311	cleavage	24	25
651050371	246	cleavage	42	43
651050372	511	cleavage	36	37
651050380	377	cleavage	21	22
651050396	150	cleavage	39	40
651050397	283	cleavage	23	24
651050404	335	cleavage	20	21
651050408	416	cleavage	22	23
651050409	343	cleavage	28	29
651050411	170	cleavage	39	40
651050413	112	cleavage	29	30
651050415	322	cleavage	36	37
651050416	582	cleavage	29	30
651050417	200	cleavage	42	43
651050419	68	cleavage	24	25
651050429	457	cleavage	25	26
651050430	207	cleavage	23	24
651050432	57	cleavage	36	37
651050436	140	cleavage	10	11
651050439	43	cleavage	21	22
651050440	224	cleavage	42	43
651050441	226	cleavage	33	34
651050442	303	cleavage	23	24
651050447	338	cleavage	37	38
651050459	399	cleavage	23	24
651050462	260	cleavage	24	25
651050464	362	cleavage	25	26
651050465	352	cleavage	25	26
651050468	301	cleavage	24	25
651050469	794	cleavage	26	27
651050470	755	cleavage	32	33
651050472	171	cleavage	22	23
651050475	287	cleavage	27	28
651050483	1123	cleavage	30	31
651050484	160	cleavage	23	24
651050485	206	cleavage	29	30
651050487	405	cleavage	21	22
651050491	199	cleavage	37	38
651050494	281	cleavage	29	30
651050495	176	cleavage	29	30
651050499	59	cleavage	25	26
651050501	165	cleavage	29	30
651050503	69	cleavage	23	24
651050507	117	cleavage	32	33
651050508	517	cleavage	31	32
651050509	121	cleavage	21	22
651050510	155	cleavage	43	44
651050511	90	cleavage	28	29
651050512	87	cleavage	24	25
651050513	117	cleavage	36	37
651050514	100	cleavage	37	38
651050515	167	cleavage	26	27
651050516	144	cleavage	25	26
651050517	329	cleavage	25	26
651050521	115	cleavage	23	24
651050522	513	cleavage	25	26
651050523	119	cleavage	19	20
651050525	100	cleavage	21	22
651050526	88	cleavage	39	40
651050532	99	cleavage	30	31
651050534	134	cleavage	29	30
651050535	371	cleavage	30	31
651050536	189	cleavage	31	32
651050538	541	cleavage	28	29
651050539	403	cleavage	36	37
651050541	42	cleavage	26	27
651050542	507	cleavage	24	25
651050543	306	cleavage	29	30
651050544	331	cleavage	34	35
651050545	409	cleavage	31	32
651050548	108	cleavage	30	31
651050550	228	cleavage	36	37
651050551	990	cleavage	47	48
651050552	440	cleavage	26	27
651050553	466	cleavage	36	37
651050560	158	cleavage	31	32
651050578	224	cleavage	21	22
651050583	116	cleavage	25	26
651050586	507	cleavage	35	36
651050600	420	cleavage	19	20
651050602	281	cleavage	37	38
651050605	347	cleavage	23	24
651050608	145	cleavage	27	28
651050610	529	cleavage	22	23
651050611	344	cleavage	23	24
651050612	336	cleavage	28	29
651050613	123	cleavage	22	23
651050617	276	cleavage	19	20
651050628	455	cleavage	21	22
651050631	344	cleavage	30	31
651050632	375	cleavage	29	30
651050635	331	cleavage	22	23
651050636	394	cleavage	26	27
651050641	185	cleavage	34	35
651050642	320	cleavage	20	21
651050646	60	cleavage	27	28
651050647	342	cleavage	19	20
651050649	304	cleavage	22	23
651050657	645	cleavage	21	22
651050660	84	cleavage	18	19
651050666	722	cleavage	22	23
651050668	288	cleavage	30	31
651050669	417	cleavage	36	37
651050671	330	cleavage	31	32
651050672	1073	cleavage	31	32
651050674	41	cleavage	27	28
651050675	175	cleavage	36	37
651050677	46	cleavage	24	25
651050678	236	cleavage	29	30
651050679	149	cleavage	34	35
651050681	188	cleavage	32	33
651050687	196	cleavage	33	34
651050692	122	cleavage	18	19
651050694	82	cleavage	24	25
651050704	363	cleavage	23	24
651050707	337	cleavage	39	40
651050709	167	cleavage	24	25
651050711	265	cleavage	28	29
651050726	234	cleavage	36	37
651050733	203	cleavage	23	24
651050740	318	cleavage	32	33
651050741	315	cleavage	22	23
651050744	183	cleavage	33	34
651050745	377	cleavage	22	23
651050748	302	cleavage	22	23
651050750	122	cleavage	21	22
651050752	260	cleavage	18	19
651050762	316	cleavage	28	29
651050770	589	cleavage	23	24
651050771	659	cleavage	26	27
651050774	82	cleavage	31	32
651050775	239	cleavage	17	18
651050780	388	cleavage	17	18
651050784	581	cleavage	30	31
651050786	411	cleavage	43	44
651050789	444	cleavage	39	40
651050794	539	cleavage	25	26
651050795	59	cleavage	26	27
651050804	242	cleavage	29	30
651050806	75	cleavage	25	26
651050807	308	cleavage	18	19
651050809	301	cleavage	37	38
651050810	288	cleavage	21	22
651050811	213	cleavage	24	25
651050819	654	cleavage	26	27
651050833	648	cleavage	38	39
651050835	488	cleavage	29	30
651050836	224	cleavage	33	34
651050837	334	cleavage	25	26
651050843	298	cleavage	22	23
651050849	382	cleavage	18	19
651050851	500	cleavage	19	20
651050853	133	cleavage	22	23
651050854	80	cleavage	20	21
651050855	76	cleavage	19	20
651050856	104	cleavage	20	21
651050857	83	cleavage	21	22
651050864	74	cleavage	24	25
651050870	333	cleavage	40	41
651050871	392	cleavage	78	79
651050879	429	cleavage	39	40
651050881	122	cleavage	29	30
651050886	127	cleavage	47	48
651050887	126	cleavage	38	39
651050889	109	cleavage	27	28
651050890	401	cleavage	28	29
651050891	87	cleavage	28	29
651050902	96	cleavage	27	28
651050904	831	cleavage	26	27
651050905	382	cleavage	25	26
651050931	429	cleavage	22	23
651050932	283	cleavage	30	31
651050933	277	cleavage	41	42
651050941	145	cleavage	34	35
651050951	343	cleavage	24	25
651050952	250	cleavage	35	36
651050962	402	cleavage	17	18
651050963	55	cleavage	25	26
651050970	535	cleavage	32	33
651050976	368	cleavage	32	33
651050980	166	cleavage	21	22
651050985	73	cleavage	23	24
651050986	629	cleavage	31	32
651050988	222	cleavage	27	28
651050989	309	cleavage	16	17
651050990	104	cleavage	25	26
651050998	282	cleavage	55	56
651050999	339	cleavage	41	42
651051009	153	cleavage	27	28
651051017	712	cleavage	19	20
651051018	646	cleavage	23	24
651051030	162	cleavage	26	27
651051046	406	cleavage	30	31
651051052	74	cleavage	36	37
651051060	1188	cleavage	77	78
651051063	99	cleavage	30	31
651051065	238	cleavage	27	28
651051075	82	cleavage	27	28
651051077	281	cleavage	24	25
651051078	450	cleavage	24	25
651051105	108	cleavage	28	29
651051107	184	cleavage	38	39
651051110	114	cleavage	26	27
651051111	374	cleavage	34	35
651051118	248	cleavage	29	30
651051125	703	cleavage	25	26
651051130	668	cleavage	26	27
651051133	612	cleavage	46	47
651051134	481	cleavage	21	22
651051135	349	cleavage	22	23
651051140	128	cleavage	27	28
651051145	172	cleavage	20	21
651051153	378	cleavage	23	24
651051158	310	cleavage	25	26
651051159	379	cleavage	24	25
651051166	211	cleavage	30	31
