gene_oid	gene_length	feature_type	start_coord	end_coord
643420517	489	cleavage	23	24
643420526	346	cleavage	21	22
643420539	78	cleavage	28	29
643420575	388	cleavage	26	27
643420579	347	cleavage	20	21
643420611	276	cleavage	24	25
643420612	324	cleavage	28	29
643420659	97	cleavage	27	28
643420683	428	cleavage	28	29
643420688	114	cleavage	29	30
643420694	56	cleavage	28	29
643420696	149	cleavage	18	19
643420697	329	cleavage	27	28
643420722	436	cleavage	26	27
643420723	441	cleavage	24	25
643420727	496	cleavage	18	19
643420736	428	cleavage	20	21
643420758	476	cleavage	23	24
643420761	82	cleavage	45	46
643420770	82	cleavage	22	23
643420784	344	cleavage	33	34
643420785	378	cleavage	18	19
643420788	341	cleavage	30	31
643420798	257	cleavage	30	31
643420799	84	cleavage	23	24
643420823	80	cleavage	34	35
643420825	536	cleavage	21	22
643420826	314	cleavage	22	23
643420830	283	cleavage	20	21
643420831	263	cleavage	20	21
643420834	441	cleavage	18	19
643420837	1414	cleavage	27	28
643420858	432	cleavage	23	24
643420874	682	cleavage	21	22
643420903	508	cleavage	22	23
643420913	439	cleavage	28	29
643420916	335	cleavage	23	24
643420945	259	cleavage	23	24
643420946	618	cleavage	25	26
643420953	202	cleavage	17	18
643420956	573	cleavage	30	31
643420992	144	cleavage	23	24
643421004	205	cleavage	22	23
643421005	242	cleavage	25	26
643421007	190	cleavage	20	21
643421025	620	cleavage	21	22
643421026	495	cleavage	24	25
643421028	236	cleavage	24	25
643421038	190	cleavage	31	32
643421050	234	cleavage	22	23
643421068	97	cleavage	48	49
643421081	57	cleavage	27	28
643421082	624	cleavage	26	27
643421085	289	cleavage	19	20
643421092	174	cleavage	23	24
643421103	128	cleavage	26	27
643421108	172	cleavage	27	28
643421111	400	cleavage	25	26
643421112	282	cleavage	21	22
643421113	413	cleavage	25	26
643421114	317	cleavage	20	21
643421122	284	cleavage	38	39
643421130	407	cleavage	21	22
643421133	298	cleavage	27	28
643421134	327	cleavage	23	24
643421135	596	cleavage	22	23
643421140	200	cleavage	23	24
643421152	305	cleavage	20	21
643421163	352	cleavage	20	21
643421173	879	cleavage	27	28
643421201	131	cleavage	26	27
643421202	330	cleavage	37	38
643421244	290	cleavage	28	29
643421260	141	cleavage	33	34
643421264	205	cleavage	30	31
643421266	71	cleavage	55	56
643421270	394	cleavage	27	28
643421271	276	cleavage	24	25
643421275	65	cleavage	26	27
643421301	133	cleavage	29	30
643421312	461	cleavage	27	28
643421328	155	cleavage	23	24
643421336	123	cleavage	19	20
643421347	202	cleavage	23	24
643421350	216	cleavage	23	24
643421353	171	cleavage	29	30
643421363	150	cleavage	27	28
643421364	140	cleavage	32	33
643421378	111	cleavage	23	24
643421399	431	cleavage	20	21
643421416	117	cleavage	25	26
643421417	202	cleavage	34	35
643421429	262	cleavage	20	21
643421441	484	cleavage	23	24
643421443	340	cleavage	25	26
643421446	566	cleavage	20	21
643421453	308	cleavage	22	23
643421454	480	cleavage	13	14
643421490	92	cleavage	19	20
643421497	315	cleavage	33	34
643421499	318	cleavage	24	25
643421505	380	cleavage	25	26
643421515	171	cleavage	20	21
643421519	130	cleavage	33	34
643421524	372	cleavage	22	23
643421525	483	cleavage	21	22
643421529	672	cleavage	26	27
643421533	114	cleavage	30	31
643421545	111	cleavage	26	27
643421563	634	cleavage	24	25
643421575	124	cleavage	25	26
643421576	358	cleavage	22	23
643421577	237	cleavage	23	24
643421578	148	cleavage	24	25
643421587	393	cleavage	19	20
643421602	441	cleavage	22	23
643421603	268	cleavage	23	24
643421613	247	cleavage	26	27
643421629	401	cleavage	25	26
643421663	149	cleavage	26	27
643421682	270	cleavage	16	17
643421689	245	cleavage	19	20
643421693	256	cleavage	23	24
643421702	166	cleavage	21	22
643421718	55	cleavage	25	26
643421722	640	cleavage	19	20
643421726	159	cleavage	24	25
643421727	158	cleavage	25	26
643421730	265	cleavage	24	25
643421731	221	cleavage	24	25
643421732	246	cleavage	28	29
643421733	343	cleavage	27	28
643421734	235	cleavage	28	29
643421739	408	cleavage	19	20
643421747	747	cleavage	34	35
643421748	249	cleavage	20	21
643421750	427	cleavage	23	24
643421756	382	cleavage	27	28
643421759	312	cleavage	23	24
643421770	127	cleavage	31	32
643421807	401	cleavage	28	29
643421808	108	cleavage	22	23
643421817	388	cleavage	17	18
643421821	64	cleavage	29	30
643421822	100	cleavage	18	19
643421826	284	cleavage	23	24
643421828	412	cleavage	44	45
643421835	241	cleavage	23	24
643421848	418	cleavage	22	23
643421866	332	cleavage	24	25
643421880	80	cleavage	22	23
643421889	70	cleavage	24	25
643421907	656	cleavage	23	24
643421908	586	cleavage	23	24
643421937	499	cleavage	31	32
643421940	375	cleavage	22	23
643421941	183	cleavage	24	25
643421959	88	cleavage	19	20
643421961	234	cleavage	36	37
643421976	522	cleavage	30	31
643421981	338	cleavage	27	28
643421984	362	cleavage	23	24
643421992	97	cleavage	25	26
643421996	520	cleavage	25	26
643422003	127	cleavage	24	25
643422004	567	cleavage	26	27
643422005	130	cleavage	22	23
643422008	718	cleavage	20	21
643422013	84	cleavage	18	19
643422017	638	cleavage	21	22
643422023	299	cleavage	22	23
643422029	250	cleavage	21	22
643422042	454	cleavage	20	21
643422053	275	cleavage	19	20
643422059	283	cleavage	25	26
643422068	310	cleavage	22	23
643422076	300	cleavage	21	22
643422102	465	cleavage	21	22
643422110	220	cleavage	20	21
643422114	406	cleavage	21	22
643422115	545	cleavage	24	25
643422118	133	cleavage	26	27
643422129	690	cleavage	21	22
643422133	273	cleavage	22	23
643422138	84	cleavage	23	24
643422139	251	cleavage	22	23
643422141	161	cleavage	24	25
643422144	168	cleavage	27	28
643422148	98	cleavage	21	22
643422156	330	cleavage	24	25
643422172	405	cleavage	21	22
643422183	290	cleavage	25	26
643422186	170	cleavage	21	22
643422189	790	cleavage	24	25
643422190	299	cleavage	22	23
643422193	348	cleavage	23	24
643422199	401	cleavage	23	24
643422209	338	cleavage	37	38
643422215	152	cleavage	24	25
643422221	677	cleavage	20	21
643422223	458	cleavage	26	27
643422233	170	cleavage	21	22
643422237	327	cleavage	20	21
643422244	286	cleavage	23	24
643422245	150	cleavage	26	27
643422248	141	cleavage	21	22
643422275	82	cleavage	32	33
643422278	1137	cleavage	22	23
643422287	254	cleavage	24	25
643422289	542	cleavage	23	24
643422294	155	cleavage	19	20
643422301	302	cleavage	20	21
643422307	507	cleavage	29	30
643422311	162	cleavage	34	35
643422322	80	cleavage	18	19
643422327	810	cleavage	25	26
643422332	158	cleavage	33	34
643422334	289	cleavage	22	23
643422338	535	cleavage	22	23
643422350	625	cleavage	36	37
643422355	1344	cleavage	26	27
643422357	299	cleavage	23	24
643422358	439	cleavage	22	23
643422368	276	cleavage	23	24
643422377	988	cleavage	22	23
643422387	1937	cleavage	36	37
643422389	750	cleavage	19	20
643422390	198	cleavage	27	28
643422393	427	cleavage	27	28
643422395	332	cleavage	28	29
643422396	580	cleavage	21	22
643422398	79	cleavage	21	22
643422404	214	cleavage	26	27
643422418	506	cleavage	26	27
643422438	376	cleavage	27	28
643422439	348	cleavage	32	33
643422462	1139	cleavage	24	25
643422463	722	cleavage	27	28
643422464	493	cleavage	33	34
643422466	147	cleavage	35	36
643422470	739	cleavage	21	22
643422473	426	cleavage	26	27
643422474	426	cleavage	26	27
643422475	51	cleavage	32	33
643422484	85	cleavage	46	47
643422492	125	cleavage	23	24
643422497	66	cleavage	29	30
